246724792	[9,-19.0,10.0]	40.506561714285716	-74.24137131428571	0.0971092170919569	0.061496800354559886	0.24886883126090914	1.0842741736810875e-06	0.7419354838709677	0.5680451893365915
246724800	[10,-20.0,10.0]	40.50673065714285	-74.2413169142857	0.0971092170919569	0.061496800354559886	0.24886883126090914	1.0842741736810875e-06	0.7419354838709677	0.5680451893365915
245139140	[24,19.0,-43.0]	40.513546445454544	-74.24810076363636	0.0971092170919569	0.061496800354559886	0.24886883126090914	1.0842741736810875e-06	0.7419354838709677	0.5680451893365915
245139241	[18,-4.0,-14.0]	40.51008416	-74.2440075	0.0971092170919569	0.061496800354559886	0.24886883126090914	1.0842741736810875e-06	0.7419354838709677	0.5680451893365915
245140811	[82,-56.0,-26.0]	40.51777465	-74.23478307500001	0.0971092170919569	0.061496800354559886	0.24886883126090914	1.0842741736810875e-06	0.7419354838709677	0.5680451893365915
241856190	[-11,-38.0,49.0]	40.50051518	-74.23795306	0.0971092170919569	0.061496800354559886	0.24886883126090914	1.0842741736810875e-06	0.7419354838709677	0.5680451893365915
382975551	[-36,1.0,35.0]	40.49948342	-74.24500778000001	0.0971092170919569	0.061496800354559886	0.24886883126090914	1.0842741736810875e-06	0.7419354838709677	0.5680451893365915
147976474	[7,-3.0,-4.0]	40.5078640125	-74.2441932375	0.0971092170919569	0.061496800354559886	0.24886883126090914	1.0842741736810875e-06	0.7419354838709677	0.5680451893365915
246724809	[28,-20.0,-8.0]	40.5104048	-74.24119024000001	0.0971092170919569	0.061496800354559886	0.24886883126090914	1.0842741736810875e-06	0.7419354838709677	0.5680451893365915
246724810	[29,-21.0,-8.0]	40.5104484	-74.2410338	0.0971092170919569	0.061496800354559886	0.24886883126090914	1.0842741736810875e-06	0.7419354838709677	0.5680451893365915
246724811	[29,-22.0,-7.0]	40.5104926	-74.24088844	0.0971092170919569	0.061496800354559886	0.24886883126090914	1.0842741736810875e-06	0.7419354838709677	0.5680451893365915
246724812	[27,-19.0,-8.0]	40.51035978	-74.24133292	0.0971092170919569	0.061496800354559886	0.24886883126090914	1.0842741736810875e-06	0.7419354838709677	0.5680451893365915
147969914	[42,-74.0,32.0]	40.5076489	-74.23157234285713	0.0971092170919569	0.061496800354559886	0.24886883126090914	1.0842741736810875e-06	0.7419354838709677	0.5680451893365915
147969927	[54,-75.0,21.0]	40.510064255555555	-74.2315124	0.0971092170919569	0.061496800354559886	0.24886883126090914	1.0842741736810875e-06	0.7419354838709677	0.5680451893365915
147969936	[51,-70.0,19.0]	40.51004398888889	-74.23224647777778	0.0971092170919569	0.061496800354559886	0.24886883126090914	1.0842741736810875e-06	0.7419354838709677	0.5680451893365915
147969938	[41,-68.0,27.0]	40.50817416666667	-74.23262243333333	0.0971092170919569	0.061496800354559886	0.24886883126090914	1.0842741736810875e-06	0.7419354838709677	0.5680451893365915
147969940	[49,-71.0,22.0]	40.50953494444445	-74.23207662222222	0.0971092170919569	0.061496800354559886	0.24886883126090914	1.0842741736810875e-06	0.7419354838709677	0.5680451893365915
147969943	[38,-68.0,30.0]	40.507455809999996	-74.23266552	0.0971092170919569	0.061496800354559886	0.24886883126090914	1.0842741736810875e-06	0.7419354838709677	0.5680451893365915
147969944	[44,-73.0,29.0]	40.50821453	-74.23169607999998	0.0971092170919569	0.061496800354559886	0.24886883126090914	1.0842741736810875e-06	0.7419354838709677	0.5680451893365915
246724573	[12,-4.0,-8.0]	40.508786341176474	-74.24401011764706	0.0971092170919569	0.061496800354559886	0.24886883126090914	1.0842741736810875e-06	0.7419354838709677	0.5680451893365915
246724651	[18,-9.0,-9.0]	40.50949476363637	-74.24305216363636	0.0971092170919569	0.061496800354559886	0.24886883126090914	1.0842741736810875e-06	0.7419354838709677	0.5680451893365915
246724660	[10,-9.0,-1.0]	40.50788852121214	-74.2431845090909	0.0971092170919569	0.061496800354559886	0.24886883126090914	1.0842741736810875e-06	0.7419354838709677	0.5680451893365915
356692853	[-41,37.0,4.0]	40.502196097500004	-74.25136222	0.0971092170919569	0.061496800354559886	0.24886883126090914	1.0842741736810875e-06	0.7419354838709677	0.5680451893365915
382975217	[-34,53.0,-19.0]	40.50518245	-74.2540667	0.0971092170919569	0.061496800354559886	0.24886883126090914	1.0842741736810875e-06	0.7419354838709677	0.5680451893365915
34967995	[-17,51.0,-34.0]	40.50850988	-74.25378842	0.0971092170919569	0.061496800354559886	0.24886883126090914	1.0842741736810875e-06	0.7419354838709677	0.5680451893365915
34968051	[-6,45.0,-39.0]	40.51003848571429	-74.25269712857143	0.0971092170919569	0.061496800354559886	0.24886883126090914	1.0842741736810875e-06	0.7419354838709677	0.5680451893365915
34968162	[2,45.0,-47.0]	40.51172695833334	-74.25267501666667	0.0971092170919569	0.061496800354559886	0.24886883126090914	1.0842741736810875e-06	0.7419354838709677	0.5680451893365915
358298627	[40,-30.0,-10.0]	40.511914940000004	-74.23940994	0.0971092170919569	0.061496800354559886	0.24886883126090914	1.0842741736810875e-06	0.7419354838709677	0.5680451893365915
34156554	[13,-60.0,47.0]	40.50322387777778	-74.23403793333334	0.0971092170919569	0.061496800354559886	0.24886883126090914	1.0842741736810875e-06	0.7419354838709677	0.5680451893365915
357531024	[79,-55.0,-24.0]	40.51735386666666	-74.23501658484848	0.0971092170919569	0.061496800354559886	0.24886883126090914	1.0842741736810875e-06	0.7419354838709677	0.5680451893365915
357531025	[79,-57.0,-22.0]	40.51715576666666	-74.23457433333334	0.0971092170919569	0.061496800354559886	0.24886883126090914	1.0842741736810875e-06	0.7419354838709677	0.5680451893365915
246724627	[16,-4.0,-12.0]	40.50953376428571	-74.24409769285714	0.0971092170919569	0.061496800354559886	0.24886883126090914	1.0842741736810875e-06	0.7419354838709677	0.5680451893365915
58460758	[89,-44.0,-45.0]	40.52047132222222	-74.23704021111111	0.0971092170919569	0.061496800354559886	0.24886883126090914	1.0842741736810875e-06	0.7419354838709677	0.5680451893365915
35275174	[22,-54.0,32.0]	40.50562812	-74.23520008	0.0971092170919569	0.061496800354559886	0.24886883126090914	1.0842741736810875e-06	0.7419354838709677	0.5680451893365915
245138882	[5,16.0,-21.0]	40.509466010000004	-74.2476209	0.0971092170919569	0.061496800354559886	0.24886883126090914	1.0842741736810875e-06	0.7419354838709677	0.5680451893365915
241858444	[1,14.0,-15.0]	40.50836852	-74.24728339999999	0.0971092170919569	0.061496800354559886	0.24886883126090914	1.0842741736810875e-06	0.7419354838709677	0.5680451893365915
245138818	[10,16.0,-26.0]	40.51040524	-74.24769984500001	0.0971092170919569	0.061496800354559886	0.24886883126090914	1.0842741736810875e-06	0.7419354838709677	0.5680451893365915
245143850	[26,-12.0,-14.0]	40.51073779090909	-74.24260009999999	0.0971092170919569	0.061496800354559886	0.24886883126090914	1.0842741736810875e-06	0.7419354838709677	0.5680451893365915
246724659	[19,-8.0,-11.0]	40.50985332999999	-74.24327780999998	0.0971092170919569	0.061496800354559886	0.24886883126090914	1.0842741736810875e-06	0.7419354838709677	0.5680451893365915
245139342	[26,28.0,-54.0]	40.515004992307695	-74.24970039230769	0.0971092170919569	0.061496800354559886	0.24886883126090914	1.0842741736810875e-06	0.7419354838709677	0.5680451893365915
245139354	[27,28.0,-55.0]	40.51507253999999	-74.24976050000001	0.0971092170919569	0.061496800354559886	0.24886883126090914	1.0842741736810875e-06	0.7419354838709677	0.5680451893365915
245139578	[26,28.0,-54.0]	40.51492417142857	-74.24963807142856	0.0971092170919569	0.061496800354559886	0.24886883126090914	1.0842741736810875e-06	0.7419354838709677	0.5680451893365915
245139369	[32,18.0,-50.0]	40.5150824	-74.24798884000002	0.0971092170919569	0.061496800354559886	0.24886883126090914	1.0842741736810875e-06	0.7419354838709677	0.5680451893365915
245139437	[28,24.0,-52.0]	40.51483654	-74.24896166	0.0971092170919569	0.061496800354559886	0.24886883126090914	1.0842741736810875e-06	0.7419354838709677	0.5680451893365915
245139444	[26,27.0,-53.0]	40.514870740000006	-74.24960358000001	0.0971092170919569	0.061496800354559886	0.24886883126090914	1.0842741736810875e-06	0.7419354838709677	0.5680451893365915
245139457	[26,27.0,-53.0]	40.514813360000005	-74.24955562	0.0971092170919569	0.061496800354559886	0.24886883126090914	1.0842741736810875e-06	0.7419354838709677	0.5680451893365915
245139479	[32,19.0,-51.0]	40.51517626	-74.24811856	0.0971092170919569	0.061496800354559886	0.24886883126090914	1.0842741736810875e-06	0.7419354838709677	0.5680451893365915
245139504	[26,26.0,-52.0]	40.5147537	-74.24944656666666	0.0971092170919569	0.061496800354559886	0.24886883126090914	1.0842741736810875e-06	0.7419354838709677	0.5680451893365915
245139509	[28,23.0,-51.0]	40.51480256	-74.2488293	0.0971092170919569	0.061496800354559886	0.24886883126090914	1.0842741736810875e-06	0.7419354838709677	0.5680451893365915
245139536	[34,17.0,-51.0]	40.51534756666667	-74.24780224999999	0.0971092170919569	0.061496800354559886	0.24886883126090914	1.0842741736810875e-06	0.7419354838709677	0.5680451893365915
245139548	[33,18.0,-51.0]	40.51533393333333	-74.24799386666666	0.0971092170919569	0.061496800354559886	0.24886883126090914	1.0842741736810875e-06	0.7419354838709677	0.5680451893365915
245139574	[27,26.0,-53.0]	40.51492301428571	-74.24935787142856	0.0971092170919569	0.061496800354559886	0.24886883126090914	1.0842741736810875e-06	0.7419354838709677	0.5680451893365915
245139579	[33,17.0,-50.0]	40.515151471428574	-74.24778331428571	0.0971092170919569	0.061496800354559886	0.24886883126090914	1.0842741736810875e-06	0.7419354838709677	0.5680451893365915
245139583	[26,27.0,-53.0]	40.51476438571428	-74.24952110000001	0.0971092170919569	0.061496800354559886	0.24886883126090914	1.0842741736810875e-06	0.7419354838709677	0.5680451893365915
245139613	[27,25.0,-52.0]	40.51482864444445	-74.24914867777777	0.0971092170919569	0.061496800354559886	0.24886883126090914	1.0842741736810875e-06	0.7419354838709677	0.5680451893365915
245139614	[31,20.0,-51.0]	40.51509097777778	-74.24831654444445	0.0971092170919569	0.061496800354559886	0.24886883126090914	1.0842741736810875e-06	0.7419354838709677	0.5680451893365915
245139621	[37,11.0,-48.0]	40.51552884	-74.24671443999998	0.0971092170919569	0.061496800354559886	0.24886883126090914	1.0842741736810875e-06	0.7419354838709677	0.5680451893365915
245143883	[49,-2.0,-47.0]	40.516480262500004	-74.24437884375	0.0971092170919569	0.061496800354559886	0.24886883126090914	1.0842741736810875e-06	0.7419354838709677	0.5680451893365915
245143923	[48,3.0,-51.0]	40.51685304	-74.2453324	0.0971092170919569	0.061496800354559886	0.24886883126090914	1.0842741736810875e-06	0.7419354838709677	0.5680451893365915
245143925	[45,7.0,-52.0]	40.516681899999995	-74.24594735999999	0.0971092170919569	0.061496800354559886	0.24886883126090914	1.0842741736810875e-06	0.7419354838709677	0.5680451893365915
245143931	[51,0.0,-51.0]	40.517163599999996	-74.24486808	0.0971092170919569	0.061496800354559886	0.24886883126090914	1.0842741736810875e-06	0.7419354838709677	0.5680451893365915
245143935	[59,-15.0,-44.0]	40.51723428	-74.2420752	0.0971092170919569	0.061496800354559886	0.24886883126090914	1.0842741736810875e-06	0.7419354838709677	0.5680451893365915
245143939	[45,8.0,-53.0]	40.5167895	-74.24615884	0.0971092170919569	0.061496800354559886	0.24886883126090914	1.0842741736810875e-06	0.7419354838709677	0.5680451893365915
245143953	[57,-22.0,-35.0]	40.51615492	-74.24096067999999	0.0971092170919569	0.061496800354559886	0.24886883126090914	1.0842741736810875e-06	0.7419354838709677	0.5680451893365915
245143960	[50,-2.0,-48.0]	40.51675092000001	-74.24448986	0.0971092170919569	0.061496800354559886	0.24886883126090914	1.0842741736810875e-06	0.7419354838709677	0.5680451893365915
245143971	[51,-7.0,-44.0]	40.51648712	-74.24346435999999	0.0971092170919569	0.061496800354559886	0.24886883126090914	1.0842741736810875e-06	0.7419354838709677	0.5680451893365915
245143973	[49,-5.0,-44.0]	40.516285919999994	-74.24393184	0.0971092170919569	0.061496800354559886	0.24886883126090914	1.0842741736810875e-06	0.7419354838709677	0.5680451893365915
245143999	[56,-24.0,-32.0]	40.51583216	-74.24046272000001	0.0971092170919569	0.061496800354559886	0.24886883126090914	1.0842741736810875e-06	0.7419354838709677	0.5680451893365915
245144010	[47,-1.0,-46.0]	40.51624766	-74.24456518	0.0971092170919569	0.061496800354559886	0.24886883126090914	1.0842741736810875e-06	0.7419354838709677	0.5680451893365915
245144013	[50,-1.0,-49.0]	40.516892139999996	-74.24459092	0.0971092170919569	0.061496800354559886	0.24886883126090914	1.0842741736810875e-06	0.7419354838709677	0.5680451893365915
245144024	[44,3.0,-47.0]	40.51600331666667	-74.24523665	0.0971092170919569	0.061496800354559886	0.24886883126090914	1.0842741736810875e-06	0.7419354838709677	0.5680451893365915
245144072	[58,-14.0,-44.0]	40.517105799999996	-74.24232086666667	0.0971092170919569	0.061496800354559886	0.24886883126090914	1.0842741736810875e-06	0.7419354838709677	0.5680451893365915
245142408	[22,-84.0,62.0]	40.502590680000004	-74.22977499999999	0.0971092170919569	0.061496800354559886	0.24886883126090914	1.0842741736810875e-06	0.7419354838709677	0.5680451893365915
246728303	[52,-77.0,25.0]	40.50943049999999	-74.23099104	0.0971092170919569	0.061496800354559886	0.24886883126090914	1.0842741736810875e-06	0.7419354838709677	0.5680451893365915
246728340	[52,-74.0,22.0]	40.50972776	-74.23159776	0.0971092170919569	0.061496800354559886	0.24886883126090914	1.0842741736810875e-06	0.7419354838709677	0.5680451893365915
246728383	[51,-76.0,25.0]	40.50933848333334	-74.23119791666666	0.0971092170919569	0.061496800354559886	0.24886883126090914	1.0842741736810875e-06	0.7419354838709677	0.5680451893365915
245140928	[74,-54.0,-20.0]	40.51632516666667	-74.23505835	0.0971092170919569	0.061496800354559886	0.24886883126090914	1.0842741736810875e-06	0.7419354838709677	0.5680451893365915
246724792	246724792	0
246724800	246724792	0.0
245139140	246724792	3.0
245139241	246724792	3.0
245140811	246724792	4.0
241856190	246724792	3.0
382975551	246724792	3.0
147976474	246724792	3.0
246724809	246724792	2.0
246724810	246724792	2.0
246724811	246724792	2.0
246724812	246724792	2.0
147969914	246724792	3.0
147969927	246724792	3.0
147969936	246724792	3.0
147969938	246724792	3.0
147969940	246724792	3.0
147969943	246724792	3.0
147969944	246724792	3.0
246724573	246724792	2.0
246724651	246724792	2.0
246724660	246724792	2.0
356692853	246724792	3.0
382975217	246724792	4.0
34967995	246724792	3.0
34968051	246724792	3.0
34968162	246724792	3.0
358298627	246724792	2.0
34156554	246724792	3.0
357531024	246724792	4.0
357531025	246724792	4.0
246724627	246724792	2.0
58460758	246724792	4.0
35275174	246724792	2.0
245138882	246724792	3.0
241858444	246724792	3.0
245138818	246724792	3.0
245143850	246724792	2.0
246724659	246724792	2.0
245139342	246724792	4.0
245139354	246724792	4.0
245139578	246724792	4.0
245139369	246724792	4.0
245139437	246724792	4.0
245139444	246724792	4.0
245139457	246724792	4.0
245139479	246724792	4.0
245139504	246724792	4.0
245139509	246724792	4.0
245139536	246724792	4.0
245139548	246724792	4.0
245139574	246724792	4.0
245139579	246724792	4.0
245139583	246724792	4.0
245139613	246724792	4.0
245139614	246724792	4.0
245139621	246724792	4.0
245143883	246724792	4.0
245143923	246724792	4.0
245143925	246724792	4.0
245143931	246724792	4.0
245143935	246724792	4.0
245143939	246724792	4.0
245143953	246724792	3.0
245143960	246724792	4.0
245143971	246724792	4.0
245143973	246724792	4.0
245143999	246724792	3.0
245144010	246724792	4.0
245144013	246724792	4.0
245144024	246724792	4.0
245144072	246724792	4.0
245142408	246724792	3.0
246728303	246724792	3.0
246728340	246724792	3.0
246728383	246724792	3.0
245140928	246724792	3.0
246724800	246724800	0
245139140	246724800	3.0
245139241	246724800	3.0
245140811	246724800	4.0
241856190	246724800	3.0
382975551	246724800	3.0
147976474	246724800	3.0
246724809	246724800	2.0
246724810	246724800	2.0
246724811	246724800	2.0
246724812	246724800	2.0
147969914	246724800	3.0
147969927	246724800	3.0
147969936	246724800	4.0
147969938	246724800	3.0
147969940	246724800	3.0
147969943	246724800	3.0
147969944	246724800	3.0
246724573	246724800	2.0
246724651	246724800	2.0
246724660	246724800	2.0
356692853	246724800	3.0
382975217	246724800	4.0
34967995	246724800	3.0
34968051	246724800	3.0
34968162	246724800	3.0
358298627	246724800	2.0
34156554	246724800	3.0
357531024	246724800	4.0
357531025	246724800	4.0
246724627	246724800	2.0
58460758	246724800	4.0
35275174	246724800	2.0
245138882	246724800	3.0
241858444	246724800	3.0
245138818	246724800	3.0
245143850	246724800	2.0
246724659	246724800	2.0
245139342	246724800	4.0
245139354	246724800	4.0
245139578	246724800	4.0
245139369	246724800	4.0
245139437	246724800	4.0
245139444	246724800	4.0
245139457	246724800	4.0
245139479	246724800	4.0
245139504	246724800	4.0
245139509	246724800	4.0
245139536	246724800	4.0
245139548	246724800	4.0
245139574	246724800	4.0
245139579	246724800	4.0
245139583	246724800	4.0
245139613	246724800	4.0
245139614	246724800	4.0
245139621	246724800	4.0
245143883	246724800	4.0
245143923	246724800	4.0
245143925	246724800	4.0
245143931	246724800	4.0
245143935	246724800	4.0
245143939	246724800	4.0
245143953	246724800	3.0
245143960	246724800	4.0
245143971	246724800	4.0
245143973	246724800	4.0
245143999	246724800	3.0
245144010	246724800	4.0
245144013	246724800	4.0
245144024	246724800	4.0
245144072	246724800	4.0
245142408	246724800	3.0
246728303	246724800	3.0
246728340	246724800	3.0
246728383	246724800	3.0
245140928	246724800	3.0
245139140	245139140	0
245139241	245139140	2.0
245140811	245139140	4.0
241856190	245139140	4.0
382975551	245139140	4.0
147976474	245139140	2.0
246724809	245139140	3.0
246724810	245139140	3.0
246724811	245139140	3.0
246724812	245139140	3.0
147969914	245139140	4.0
147969927	245139140	4.0
147969936	245139140	4.0
147969938	245139140	4.0
147969940	245139140	4.0
147969943	245139140	4.0
147969944	245139140	4.0
246724573	245139140	2.0
246724651	245139140	2.0
246724660	245139140	3.0
356692853	245139140	4.0
382975217	245139140	3.0
34967995	245139140	3.0
34968051	245139140	2.0
34968162	245139140	2.0
358298627	245139140	3.0
34156554	245139140	4.0
357531024	245139140	4.0
357531025	245139140	4.0
246724627	245139140	2.0
58460758	245139140	3.0
35275174	245139140	4.0
245138882	245139140	2.0
241858444	245139140	3.0
245138818	245139140	2.0
245143850	245139140	2.0
246724659	245139140	2.0
245139342	245139140	4.0
245139354	245139140	4.0
245139578	245139140	4.0
245139369	245139140	3.0
245139437	245139140	4.0
245139444	245139140	4.0
245139457	245139140	4.0
245139479	245139140	3.0
245139504	245139140	4.0
245139509	245139140	3.0
245139536	245139140	3.0
245139548	245139140	3.0
245139574	245139140	4.0
245139579	245139140	3.0
245139583	245139140	4.0
245139613	245139140	4.0
245139614	245139140	3.0
245139621	245139140	3.0
245143883	245139140	3.0
245143923	245139140	3.0
245143925	245139140	3.0
245143931	245139140	3.0
245143935	245139140	3.0
245143939	245139140	3.0
245143953	245139140	2.0
245143960	245139140	3.0
245143971	245139140	3.0
245143973	245139140	3.0
245143999	245139140	3.0
245144010	245139140	3.0
245144013	245139140	3.0
245144024	245139140	3.0
245144072	245139140	3.0
245142408	245139140	4.0
246728303	245139140	4.0
246728340	245139140	4.0
246728383	245139140	4.0
245140928	245139140	4.0
245139241	245139241	0
245140811	245139241	3.0
241856190	245139241	3.0
382975551	245139241	3.0
147976474	245139241	2.0
246724809	245139241	2.0
246724810	245139241	2.0
246724811	245139241	2.0
246724812	245139241	2.0
147969914	245139241	3.0
147969927	245139241	4.0
147969936	245139241	3.0
147969938	245139241	3.0
147969940	245139241	4.0
147969943	245139241	3.0
147969944	245139241	4.0
246724573	245139241	0.0
246724651	245139241	0.0
246724660	245139241	1.0
356692853	245139241	3.0
382975217	245139241	3.0
34967995	245139241	3.0
34968051	245139241	3.0
34968162	245139241	3.0
358298627	245139241	2.0
34156554	245139241	3.0
357531024	245139241	3.0
357531025	245139241	3.0
246724627	245139241	0.0
58460758	245139241	4.0
35275174	245139241	3.0
245138882	245139241	2.0
241858444	245139241	3.0
245138818	245139241	2.0
245143850	245139241	0.0
246724659	245139241	0.0
245139342	245139241	4.0
245139354	245139241	4.0
245139578	245139241	4.0
245139369	245139241	4.0
245139437	245139241	4.0
245139444	245139241	4.0
245139457	245139241	4.0
245139479	245139241	4.0
245139504	245139241	4.0
245139509	245139241	4.0
245139536	245139241	4.0
245139548	245139241	4.0
245139574	245139241	4.0
245139579	245139241	4.0
245139583	245139241	4.0
245139613	245139241	4.0
245139614	245139241	4.0
245139621	245139241	4.0
245143883	245139241	4.0
245143923	245139241	4.0
245143925	245139241	4.0
245143931	245139241	4.0
245143935	245139241	3.0
245143939	245139241	4.0
245143953	245139241	3.0
245143960	245139241	4.0
245143971	245139241	3.0
245143973	245139241	4.0
245143999	245139241	3.0
245144010	245139241	4.0
245144013	245139241	4.0
245144024	245139241	4.0
245144072	245139241	3.0
245142408	245139241	4.0
246728303	245139241	4.0
246728340	245139241	4.0
246728383	245139241	4.0
245140928	245139241	3.0
245140811	245140811	0
241856190	245140811	4.0
382975551	245140811	4.0
147976474	245140811	4.0
246724809	245140811	3.0
246724810	245140811	3.0
246724811	245140811	3.0
246724812	245140811	3.0
147969914	245140811	3.0
147969927	245140811	3.0
147969936	245140811	3.0
147969938	245140811	4.0
147969940	245140811	3.0
147969943	245140811	3.0
147969944	245140811	3.0
246724573	245140811	3.0
246724651	245140811	3.0
246724660	245140811	4.0
356692853	245140811	4.0
382975217	245140811	4.0
34967995	245140811	4.0
34968051	245140811	4.0
34968162	245140811	4.0
358298627	245140811	3.0
34156554	245140811	4.0
357531024	245140811	0.0
357531025	245140811	0.0
246724627	245140811	3.0
58460758	245140811	2.0
35275174	245140811	4.0
245138882	245140811	4.0
241858444	245140811	4.0
245138818	245140811	4.0
245143850	245140811	3.0
246724659	245140811	3.0
245139342	245140811	4.0
245139354	245140811	4.0
245139578	245140811	4.0
245139369	245140811	4.0
245139437	245140811	4.0
245139444	245140811	4.0
245139457	245140811	4.0
245139479	245140811	4.0
245139504	245140811	4.0
245139509	245140811	4.0
245139536	245140811	4.0
245139548	245140811	4.0
245139574	245140811	4.0
245139579	245140811	4.0
245139583	245140811	4.0
245139613	245140811	4.0
245139614	245140811	4.0
245139621	245140811	4.0
245143883	245140811	4.0
245143923	245140811	4.0
245143925	245140811	4.0
245143931	245140811	4.0
245143935	245140811	3.0
245143939	245140811	4.0
245143953	245140811	3.0
245143960	245140811	4.0
245143971	245140811	3.0
245143973	245140811	4.0
245143999	245140811	3.0
245144010	245140811	4.0
245144013	245140811	4.0
245144024	245140811	4.0
245144072	245140811	3.0
245142408	245140811	4.0
246728303	245140811	3.0
246728340	245140811	3.0
246728383	245140811	3.0
245140928	245140811	2.0
241856190	241856190	0
382975551	241856190	3.0
147976474	241856190	3.0
246724809	241856190	3.0
246724810	241856190	3.0
246724811	241856190	3.0
246724812	241856190	3.0
147969914	241856190	3.0
147969927	241856190	4.0
147969936	241856190	4.0
147969938	241856190	3.0
147969940	241856190	4.0
147969943	241856190	3.0
147969944	241856190	3.0
246724573	241856190	3.0
246724651	241856190	3.0
246724660	241856190	3.0
356692853	241856190	4.0
382975217	241856190	4.0
34967995	241856190	4.0
34968051	241856190	4.0
34968162	241856190	4.0
358298627	241856190	3.0
34156554	241856190	3.0
357531024	241856190	4.0
357531025	241856190	4.0
246724627	241856190	4.0
58460758	241856190	4.0
35275174	241856190	3.0
245138882	241856190	4.0
241858444	241856190	4.0
245138818	241856190	4.0
245143850	241856190	3.0
246724659	241856190	3.0
245139342	241856190	5.0
245139354	241856190	5.0
245139578	241856190	5.0
245139369	241856190	5.0
245139437	241856190	5.0
245139444	241856190	5.0
245139457	241856190	5.0
245139479	241856190	5.0
245139504	241856190	5.0
245139509	241856190	5.0
245139536	241856190	5.0
245139548	241856190	5.0
245139574	241856190	5.0
245139579	241856190	5.0
245139583	241856190	5.0
245139613	241856190	5.0
245139614	241856190	5.0
245139621	241856190	4.0
245143883	241856190	4.0
245143923	241856190	4.0
245143925	241856190	4.0
245143931	241856190	4.0
245143935	241856190	4.0
245143939	241856190	4.0
245143953	241856190	4.0
245143960	241856190	4.0
245143971	241856190	4.0
245143973	241856190	4.0
245143999	241856190	4.0
245144010	241856190	4.0
245144013	241856190	4.0
245144024	241856190	4.0
245144072	241856190	4.0
245142408	241856190	4.0
246728303	241856190	3.0
246728340	241856190	4.0
246728383	241856190	4.0
245140928	241856190	4.0
382975551	382975551	0
147976474	382975551	3.0
246724809	382975551	4.0
246724810	382975551	4.0
246724811	382975551	4.0
246724812	382975551	4.0
147969914	382975551	4.0
147969927	382975551	4.0
147969936	382975551	4.0
147969938	382975551	4.0
147969940	382975551	4.0
147969943	382975551	4.0
147969944	382975551	4.0
246724573	382975551	3.0
246724651	382975551	3.0
246724660	382975551	3.0
356692853	382975551	3.0
382975217	382975551	3.0
34967995	382975551	4.0
34968051	382975551	4.0
34968162	382975551	4.0
358298627	382975551	4.0
34156554	382975551	4.0
357531024	382975551	4.0
357531025	382975551	4.0
246724627	382975551	3.0
58460758	382975551	5.0
35275174	382975551	3.0
245138882	382975551	3.0
241858444	382975551	3.0
245138818	382975551	3.0
245143850	382975551	3.0
246724659	382975551	3.0
245139342	382975551	5.0
245139354	382975551	5.0
245139578	382975551	5.0
245139369	382975551	5.0
245139437	382975551	5.0
245139444	382975551	5.0
245139457	382975551	5.0
245139479	382975551	5.0
245139504	382975551	5.0
245139509	382975551	5.0
245139536	382975551	5.0
245139548	382975551	5.0
245139574	382975551	5.0
245139579	382975551	5.0
245139583	382975551	5.0
245139613	382975551	5.0
245139614	382975551	5.0
245139621	382975551	5.0
245143883	382975551	4.0
245143923	382975551	4.0
245143925	382975551	5.0
245143931	382975551	4.0
245143935	382975551	4.0
245143939	382975551	5.0
245143953	382975551	4.0
245143960	382975551	4.0
245143971	382975551	4.0
245143973	382975551	4.0
245143999	382975551	4.0
245144010	382975551	4.0
245144013	382975551	4.0
245144024	382975551	4.0
245144072	382975551	4.0
245142408	382975551	4.0
246728303	382975551	4.0
246728340	382975551	4.0
246728383	382975551	4.0
245140928	382975551	4.0
147976474	147976474	0
246724809	147976474	3.0
246724810	147976474	3.0
246724811	147976474	3.0
246724812	147976474	3.0
147969914	147976474	3.0
147969927	147976474	4.0
147969936	147976474	4.0
147969938	147976474	3.0
147969940	147976474	4.0
147969943	147976474	3.0
147969944	147976474	4.0
246724573	147976474	0.0
246724651	147976474	2.0
246724660	147976474	1.0
356692853	147976474	3.0
382975217	147976474	3.0
34967995	147976474	3.0
34968051	147976474	3.0
34968162	147976474	3.0
358298627	147976474	2.0
34156554	147976474	3.0
357531024	147976474	4.0
357531025	147976474	4.0
246724627	147976474	1.0
58460758	147976474	4.0
35275174	147976474	3.0
245138882	147976474	2.0
241858444	147976474	2.0
245138818	147976474	2.0
245143850	147976474	2.0
246724659	147976474	2.0
245139342	147976474	4.0
245139354	147976474	4.0
245139578	147976474	4.0
245139369	147976474	4.0
245139437	147976474	4.0
245139444	147976474	4.0
245139457	147976474	4.0
245139479	147976474	4.0
245139504	147976474	4.0
245139509	147976474	4.0
245139536	147976474	4.0
245139548	147976474	4.0
245139574	147976474	4.0
245139579	147976474	4.0
245139583	147976474	4.0
245139613	147976474	4.0
245139614	147976474	4.0
245139621	147976474	4.0
245143883	147976474	4.0
245143923	147976474	4.0
245143925	147976474	4.0
245143931	147976474	4.0
245143935	147976474	4.0
245143939	147976474	4.0
245143953	147976474	3.0
245143960	147976474	4.0
245143971	147976474	4.0
245143973	147976474	4.0
245143999	147976474	3.0
245144010	147976474	4.0
245144013	147976474	4.0
245144024	147976474	4.0
245144072	147976474	4.0
245142408	147976474	4.0
246728303	147976474	4.0
246728340	147976474	4.0
246728383	147976474	4.0
245140928	147976474	3.0
246724809	246724809	0
246724810	246724809	0.0
246724811	246724809	0.0
246724812	246724809	0.0
147969914	246724809	3.0
147969927	246724809	4.0
147969936	246724809	3.0
147969938	246724809	3.0
147969940	246724809	4.0
147969943	246724809	3.0
147969944	246724809	3.0
246724573	246724809	3.0
246724651	246724809	3.0
246724660	246724809	3.0
356692853	246724809	4.0
382975217	246724809	4.0
34967995	246724809	4.0
34968051	246724809	3.0
34968162	246724809	4.0
358298627	246724809	1.0
34156554	246724809	3.0
357531024	246724809	3.0
357531025	246724809	3.0
246724627	246724809	2.0
58460758	246724809	4.0
35275174	246724809	3.0
245138882	246724809	3.0
241858444	246724809	3.0
245138818	246724809	3.0
245143850	246724809	3.0
246724659	246724809	3.0
245139342	246724809	4.0
245139354	246724809	4.0
245139578	246724809	4.0
245139369	246724809	4.0
245139437	246724809	4.0
245139444	246724809	4.0
245139457	246724809	4.0
245139479	246724809	4.0
245139504	246724809	4.0
245139509	246724809	4.0
245139536	246724809	4.0
245139548	246724809	4.0
245139574	246724809	4.0
245139579	246724809	4.0
245139583	246724809	4.0
245139613	246724809	4.0
245139614	246724809	4.0
245139621	246724809	4.0
245143883	246724809	3.0
245143923	246724809	4.0
245143925	246724809	4.0
245143931	246724809	3.0
245143935	246724809	3.0
245143939	246724809	4.0
245143953	246724809	3.0
245143960	246724809	3.0
245143971	246724809	3.0
245143973	246724809	3.0
245143999	246724809	3.0
245144010	246724809	3.0
245144013	246724809	3.0
245144024	246724809	4.0
245144072	246724809	3.0
245142408	246724809	4.0
246728303	246724809	4.0
246728340	246724809	4.0
246728383	246724809	4.0
245140928	246724809	3.0
246724810	246724810	0
246724811	246724810	0.0
246724812	246724810	0.0
147969914	246724810	3.0
147969927	246724810	4.0
147969936	246724810	3.0
147969938	246724810	3.0
147969940	246724810	4.0
147969943	246724810	3.0
147969944	246724810	3.0
246724573	246724810	3.0
246724651	246724810	3.0
246724660	246724810	3.0
356692853	246724810	4.0
382975217	246724810	4.0
34967995	246724810	3.0
34968051	246724810	3.0
34968162	246724810	4.0
358298627	246724810	1.0
34156554	246724810	3.0
357531024	246724810	3.0
357531025	246724810	3.0
246724627	246724810	2.0
58460758	246724810	4.0
35275174	246724810	3.0
245138882	246724810	3.0
241858444	246724810	3.0
245138818	246724810	3.0
245143850	246724810	3.0
246724659	246724810	3.0
245139342	246724810	4.0
245139354	246724810	4.0
245139578	246724810	4.0
245139369	246724810	4.0
245139437	246724810	4.0
245139444	246724810	4.0
245139457	246724810	4.0
245139479	246724810	4.0
245139504	246724810	4.0
245139509	246724810	4.0
245139536	246724810	4.0
245139548	246724810	4.0
245139574	246724810	4.0
245139579	246724810	4.0
245139583	246724810	4.0
245139613	246724810	4.0
245139614	246724810	4.0
245139621	246724810	4.0
245143883	246724810	3.0
245143923	246724810	4.0
245143925	246724810	4.0
245143931	246724810	3.0
245143935	246724810	3.0
245143939	246724810	4.0
245143953	246724810	3.0
245143960	246724810	3.0
245143971	246724810	3.0
245143973	246724810	3.0
245143999	246724810	3.0
245144010	246724810	3.0
245144013	246724810	3.0
245144024	246724810	3.0
245144072	246724810	3.0
245142408	246724810	4.0
246728303	246724810	4.0
246728340	246724810	4.0
246728383	246724810	4.0
245140928	246724810	3.0
246724811	246724811	0
246724812	246724811	0.0
147969914	246724811	3.0
147969927	246724811	4.0
147969936	246724811	3.0
147969938	246724811	3.0
147969940	246724811	4.0
147969943	246724811	3.0
147969944	246724811	3.0
246724573	246724811	3.0
246724651	246724811	3.0
246724660	246724811	3.0
356692853	246724811	4.0
382975217	246724811	4.0
34967995	246724811	3.0
34968051	246724811	3.0
34968162	246724811	4.0
358298627	246724811	1.0
34156554	246724811	3.0
357531024	246724811	3.0
357531025	246724811	3.0
246724627	246724811	2.0
58460758	246724811	4.0
35275174	246724811	3.0
245138882	246724811	3.0
241858444	246724811	3.0
245138818	246724811	3.0
245143850	246724811	3.0
246724659	246724811	3.0
245139342	246724811	4.0
245139354	246724811	4.0
245139578	246724811	4.0
245139369	246724811	4.0
245139437	246724811	4.0
245139444	246724811	4.0
245139457	246724811	4.0
245139479	246724811	4.0
245139504	246724811	4.0
245139509	246724811	4.0
245139536	246724811	4.0
245139548	246724811	4.0
245139574	246724811	4.0
245139579	246724811	4.0
245139583	246724811	4.0
245139613	246724811	4.0
245139614	246724811	4.0
245139621	246724811	4.0
245143883	246724811	3.0
245143923	246724811	4.0
245143925	246724811	4.0
245143931	246724811	3.0
245143935	246724811	3.0
245143939	246724811	4.0
245143953	246724811	3.0
245143960	246724811	3.0
245143971	246724811	3.0
245143973	246724811	3.0
245143999	246724811	3.0
245144010	246724811	3.0
245144013	246724811	3.0
245144024	246724811	3.0
245144072	246724811	3.0
245142408	246724811	4.0
246728303	246724811	4.0
246728340	246724811	4.0
246728383	246724811	4.0
245140928	246724811	3.0
246724812	246724812	0
147969914	246724812	3.0
147969927	246724812	4.0
147969936	246724812	3.0
147969938	246724812	3.0
147969940	246724812	4.0
147969943	246724812	3.0
147969944	246724812	3.0
246724573	246724812	3.0
246724651	246724812	3.0
246724660	246724812	3.0
356692853	246724812	4.0
382975217	246724812	4.0
34967995	246724812	4.0
34968051	246724812	3.0
34968162	246724812	4.0
358298627	246724812	1.0
34156554	246724812	3.0
357531024	246724812	3.0
357531025	246724812	3.0
246724627	246724812	2.0
58460758	246724812	4.0
35275174	246724812	3.0
245138882	246724812	3.0
241858444	246724812	3.0
245138818	246724812	3.0
245143850	246724812	3.0
246724659	246724812	3.0
245139342	246724812	4.0
245139354	246724812	4.0
245139578	246724812	4.0
245139369	246724812	4.0
245139437	246724812	4.0
245139444	246724812	4.0
245139457	246724812	4.0
245139479	246724812	4.0
245139504	246724812	4.0
245139509	246724812	4.0
245139536	246724812	4.0
245139548	246724812	4.0
245139574	246724812	4.0
245139579	246724812	4.0
245139583	246724812	4.0
245139613	246724812	4.0
245139614	246724812	4.0
245139621	246724812	4.0
245143883	246724812	3.0
245143923	246724812	4.0
245143925	246724812	4.0
245143931	246724812	3.0
245143935	246724812	3.0
245143939	246724812	4.0
245143953	246724812	3.0
245143960	246724812	3.0
245143971	246724812	3.0
245143973	246724812	3.0
245143999	246724812	3.0
245144010	246724812	3.0
245144013	246724812	3.0
245144024	246724812	4.0
245144072	246724812	3.0
245142408	246724812	4.0
246728303	246724812	4.0
246728340	246724812	4.0
246728383	246724812	4.0
245140928	246724812	3.0
147969914	147969914	0
147969927	147969914	2.0
147969936	147969914	2.0
147969938	147969914	1.0
147969940	147969914	2.0
147969943	147969914	1.0
147969944	147969914	1.0
246724573	147969914	3.0
246724651	147969914	3.0
246724660	147969914	3.0
356692853	147969914	4.0
382975217	147969914	4.0
34967995	147969914	4.0
34968051	147969914	4.0
34968162	147969914	4.0
358298627	147969914	4.0
34156554	147969914	2.0
357531024	147969914	3.0
357531025	147969914	3.0
246724627	147969914	3.0
58460758	147969914	4.0
35275174	147969914	1.0
245138882	147969914	4.0
241858444	147969914	4.0
245138818	147969914	4.0
245143850	147969914	3.0
246724659	147969914	3.0
245139342	147969914	5.0
245139354	147969914	5.0
245139578	147969914	5.0
245139369	147969914	4.0
245139437	147969914	5.0
245139444	147969914	5.0
245139457	147969914	5.0
245139479	147969914	4.0
245139504	147969914	5.0
245139509	147969914	5.0
245139536	147969914	4.0
245139548	147969914	4.0
245139574	147969914	5.0
245139579	147969914	4.0
245139583	147969914	5.0
245139613	147969914	5.0
245139614	147969914	4.0
245139621	147969914	4.0
245143883	147969914	4.0
245143923	147969914	4.0
245143925	147969914	4.0
245143931	147969914	4.0
245143935	147969914	4.0
245143939	147969914	4.0
245143953	147969914	4.0
245143960	147969914	4.0
245143971	147969914	4.0
245143973	147969914	4.0
245143999	147969914	4.0
245144010	147969914	4.0
245144013	147969914	4.0
245144024	147969914	4.0
245144072	147969914	4.0
245142408	147969914	2.0
246728303	147969914	1.0
246728340	147969914	2.0
246728383	147969914	2.0
245140928	147969914	3.0
147969927	147969927	0
147969936	147969927	1.0
147969938	147969927	2.0
147969940	147969927	0.0
147969943	147969927	2.0
147969944	147969927	1.0
246724573	147969927	4.0
246724651	147969927	4.0
246724660	147969927	4.0
356692853	147969927	4.0
382975217	147969927	4.0
34967995	147969927	4.0
34968051	147969927	4.0
34968162	147969927	4.0
358298627	147969927	3.0
34156554	147969927	3.0
357531024	147969927	3.0
357531025	147969927	3.0
246724627	147969927	4.0
58460758	147969927	3.0
35275174	147969927	2.0
245138882	147969927	4.0
241858444	147969927	4.0
245138818	147969927	4.0
245143850	147969927	4.0
246724659	147969927	4.0
245139342	147969927	4.0
245139354	147969927	4.0
245139578	147969927	4.0
245139369	147969927	4.0
245139437	147969927	4.0
245139444	147969927	4.0
245139457	147969927	4.0
245139479	147969927	4.0
245139504	147969927	4.0
245139509	147969927	4.0
245139536	147969927	4.0
245139548	147969927	4.0
245139574	147969927	4.0
245139579	147969927	4.0
245139583	147969927	4.0
245139613	147969927	4.0
245139614	147969927	4.0
245139621	147969927	4.0
245143883	147969927	4.0
245143923	147969927	4.0
245143925	147969927	4.0
245143931	147969927	4.0
245143935	147969927	4.0
245143939	147969927	4.0
245143953	147969927	4.0
245143960	147969927	4.0
245143971	147969927	4.0
245143973	147969927	4.0
245143999	147969927	4.0
245144010	147969927	4.0
245144013	147969927	4.0
245144024	147969927	4.0
245144072	147969927	4.0
245142408	147969927	3.0
246728303	147969927	0.0
246728340	147969927	0.0
246728383	147969927	0.0
245140928	147969927	3.0
147969936	147969936	0
147969938	147969936	2.0
147969940	147969936	1.0
147969943	147969936	3.0
147969944	147969936	2.0
246724573	147969936	4.0
246724651	147969936	3.0
246724660	147969936	4.0
356692853	147969936	4.0
382975217	147969936	4.0
34967995	147969936	4.0
34968051	147969936	4.0
34968162	147969936	4.0
358298627	147969936	3.0
34156554	147969936	3.0
357531024	147969936	3.0
357531025	147969936	3.0
246724627	147969936	3.0
58460758	147969936	3.0
35275174	147969936	3.0
245138882	147969936	4.0
241858444	147969936	4.0
245138818	147969936	4.0
245143850	147969936	3.0
246724659	147969936	3.0
245139342	147969936	4.0
245139354	147969936	4.0
245139578	147969936	4.0
245139369	147969936	4.0
245139437	147969936	4.0
245139444	147969936	4.0
245139457	147969936	4.0
245139479	147969936	4.0
245139504	147969936	4.0
245139509	147969936	4.0
245139536	147969936	4.0
245139548	147969936	4.0
245139574	147969936	4.0
245139579	147969936	4.0
245139583	147969936	4.0
245139613	147969936	4.0
245139614	147969936	4.0
245139621	147969936	4.0
245143883	147969936	4.0
245143923	147969936	4.0
245143925	147969936	4.0
245143931	147969936	4.0
245143935	147969936	3.0
245143939	147969936	4.0
245143953	147969936	3.0
245143960	147969936	4.0
245143971	147969936	4.0
245143973	147969936	4.0
245143999	147969936	3.0
245144010	147969936	4.0
245144013	147969936	4.0
245144024	147969936	4.0
245144072	147969936	3.0
245142408	147969936	3.0
246728303	147969936	1.0
246728340	147969936	1.0
246728383	147969936	1.0
245140928	147969936	3.0
147969938	147969938	0
147969940	147969938	2.0
147969943	147969938	0.0
147969944	147969938	2.0
246724573	147969938	3.0
246724651	147969938	3.0
246724660	147969938	3.0
356692853	147969938	4.0
382975217	147969938	4.0
34967995	147969938	4.0
34968051	147969938	4.0
34968162	147969938	4.0
358298627	147969938	3.0
34156554	147969938	2.0
357531024	147969938	4.0
357531025	147969938	4.0
246724627	147969938	3.0
58460758	147969938	4.0
35275174	147969938	1.0
245138882	147969938	4.0
241858444	147969938	4.0
245138818	147969938	4.0
245143850	147969938	3.0
246724659	147969938	3.0
245139342	147969938	4.0
245139354	147969938	4.0
245139578	147969938	4.0
245139369	147969938	4.0
245139437	147969938	4.0
245139444	147969938	4.0
245139457	147969938	4.0
245139479	147969938	4.0
245139504	147969938	4.0
245139509	147969938	4.0
245139536	147969938	4.0
245139548	147969938	4.0
245139574	147969938	4.0
245139579	147969938	4.0
245139583	147969938	4.0
245139613	147969938	4.0
245139614	147969938	4.0
245139621	147969938	4.0
245143883	147969938	4.0
245143923	147969938	4.0
245143925	147969938	4.0
245143931	147969938	4.0
245143935	147969938	4.0
245143939	147969938	4.0
245143953	147969938	3.0
245143960	147969938	4.0
245143971	147969938	4.0
245143973	147969938	4.0
245143999	147969938	3.0
245144010	147969938	4.0
245144013	147969938	4.0
245144024	147969938	4.0
245144072	147969938	4.0
245142408	147969938	2.0
246728303	147969938	2.0
246728340	147969938	2.0
246728383	147969938	3.0
245140928	147969938	3.0
147969940	147969940	0
147969943	147969940	2.0
147969944	147969940	1.0
246724573	147969940	4.0
246724651	147969940	4.0
246724660	147969940	4.0
356692853	147969940	4.0
382975217	147969940	4.0
34967995	147969940	4.0
34968051	147969940	4.0
34968162	147969940	4.0
358298627	147969940	3.0
34156554	147969940	3.0
357531024	147969940	3.0
357531025	147969940	3.0
246724627	147969940	4.0
58460758	147969940	3.0
35275174	147969940	3.0
245138882	147969940	4.0
241858444	147969940	4.0
245138818	147969940	4.0
245143850	147969940	4.0
246724659	147969940	4.0
245139342	147969940	4.0
245139354	147969940	4.0
245139578	147969940	4.0
245139369	147969940	4.0
245139437	147969940	4.0
245139444	147969940	4.0
245139457	147969940	4.0
245139479	147969940	4.0
245139504	147969940	4.0
245139509	147969940	4.0
245139536	147969940	4.0
245139548	147969940	4.0
245139574	147969940	4.0
245139579	147969940	4.0
245139583	147969940	4.0
245139613	147969940	4.0
245139614	147969940	4.0
245139621	147969940	4.0
245143883	147969940	4.0
245143923	147969940	4.0
245143925	147969940	4.0
245143931	147969940	4.0
245143935	147969940	4.0
245143939	147969940	4.0
245143953	147969940	4.0
245143960	147969940	4.0
245143971	147969940	4.0
245143973	147969940	4.0
245143999	147969940	4.0
245144010	147969940	4.0
245144013	147969940	4.0
245144024	147969940	4.0
245144072	147969940	4.0
245142408	147969940	3.0
246728303	147969940	0.0
246728340	147969940	0.0
246728383	147969940	0.0
245140928	147969940	3.0
147969943	147969943	0
147969944	147969943	2.0
246724573	147969943	3.0
246724651	147969943	3.0
246724660	147969943	3.0
356692853	147969943	4.0
382975217	147969943	4.0
34967995	147969943	4.0
34968051	147969943	4.0
34968162	147969943	4.0
358298627	147969943	3.0
34156554	147969943	2.0
357531024	147969943	3.0
357531025	147969943	3.0
246724627	147969943	3.0
58460758	147969943	4.0
35275174	147969943	1.0
245138882	147969943	4.0
241858444	147969943	4.0
245138818	147969943	4.0
245143850	147969943	3.0
246724659	147969943	3.0
245139342	147969943	4.0
245139354	147969943	4.0
245139578	147969943	4.0
245139369	147969943	4.0
245139437	147969943	4.0
245139444	147969943	4.0
245139457	147969943	4.0
245139479	147969943	4.0
245139504	147969943	4.0
245139509	147969943	4.0
245139536	147969943	4.0
245139548	147969943	4.0
245139574	147969943	4.0
245139579	147969943	4.0
245139583	147969943	4.0
245139613	147969943	4.0
245139614	147969943	4.0
245139621	147969943	4.0
245143883	147969943	4.0
245143923	147969943	4.0
245143925	147969943	4.0
245143931	147969943	4.0
245143935	147969943	4.0
245143939	147969943	4.0
245143953	147969943	3.0
245143960	147969943	4.0
245143971	147969943	4.0
245143973	147969943	4.0
245143999	147969943	3.0
245144010	147969943	4.0
245144013	147969943	4.0
245144024	147969943	4.0
245144072	147969943	4.0
245142408	147969943	2.0
246728303	147969943	2.0
246728340	147969943	2.0
246728383	147969943	2.0
245140928	147969943	3.0
147969944	147969944	0
246724573	147969944	4.0
246724651	147969944	4.0
246724660	147969944	4.0
356692853	147969944	4.0
382975217	147969944	4.0
34967995	147969944	4.0
34968051	147969944	4.0
34968162	147969944	4.0
358298627	147969944	4.0
34156554	147969944	3.0
357531024	147969944	3.0
357531025	147969944	3.0
246724627	147969944	4.0
58460758	147969944	4.0
35275174	147969944	2.0
245138882	147969944	4.0
241858444	147969944	4.0
245138818	147969944	4.0
245143850	147969944	4.0
246724659	147969944	4.0
245139342	147969944	4.0
245139354	147969944	4.0
245139578	147969944	4.0
245139369	147969944	4.0
245139437	147969944	4.0
245139444	147969944	4.0
245139457	147969944	4.0
245139479	147969944	4.0
245139504	147969944	4.0
245139509	147969944	4.0
245139536	147969944	4.0
245139548	147969944	4.0
245139574	147969944	4.0
245139579	147969944	4.0
245139583	147969944	4.0
245139613	147969944	4.0
245139614	147969944	4.0
245139621	147969944	4.0
245143883	147969944	4.0
245143923	147969944	4.0
245143925	147969944	4.0
245143931	147969944	4.0
245143935	147969944	4.0
245143939	147969944	4.0
245143953	147969944	4.0
245143960	147969944	4.0
245143971	147969944	4.0
245143973	147969944	4.0
245143999	147969944	4.0
245144010	147969944	4.0
245144013	147969944	4.0
245144024	147969944	4.0
245144072	147969944	4.0
245142408	147969944	3.0
246728303	147969944	0.0
246728340	147969944	1.0
246728383	147969944	1.0
245140928	147969944	3.0
246724573	246724573	0
246724651	246724573	0.0
246724660	246724573	1.0
356692853	246724573	3.0
382975217	246724573	3.0
34967995	246724573	3.0
34968051	246724573	3.0
34968162	246724573	3.0
358298627	246724573	2.0
34156554	246724573	3.0
357531024	246724573	3.0
357531025	246724573	3.0
246724627	246724573	0.0
58460758	246724573	4.0
35275174	246724573	3.0
245138882	246724573	2.0
241858444	246724573	2.0
245138818	246724573	2.0
245143850	246724573	1.0
246724659	246724573	0.0
245139342	246724573	4.0
245139354	246724573	4.0
245139578	246724573	4.0
245139369	246724573	4.0
245139437	246724573	4.0
245139444	246724573	4.0
245139457	246724573	4.0
245139479	246724573	4.0
245139504	246724573	4.0
245139509	246724573	4.0
245139536	246724573	4.0
245139548	246724573	4.0
245139574	246724573	4.0
245139579	246724573	4.0
245139583	246724573	4.0
245139613	246724573	4.0
245139614	246724573	4.0
245139621	246724573	4.0
245143883	246724573	4.0
245143923	246724573	4.0
245143925	246724573	4.0
245143931	246724573	4.0
245143935	246724573	3.0
245143939	246724573	4.0
245143953	246724573	3.0
245143960	246724573	4.0
245143971	246724573	4.0
245143973	246724573	4.0
245143999	246724573	3.0
245144010	246724573	4.0
245144013	246724573	4.0
245144024	246724573	4.0
245144072	246724573	3.0
245142408	246724573	4.0
246728303	246724573	4.0
246728340	246724573	4.0
246728383	246724573	4.0
245140928	246724573	3.0
246724651	246724651	0
246724660	246724651	1.0
356692853	246724651	3.0
382975217	246724651	3.0
34967995	246724651	3.0
34968051	246724651	3.0
34968162	246724651	3.0
358298627	246724651	2.0
34156554	246724651	3.0
357531024	246724651	3.0
357531025	246724651	3.0
246724627	246724651	0.0
58460758	246724651	4.0
35275174	246724651	3.0
245138882	246724651	2.0
241858444	246724651	2.0
245138818	246724651	2.0
245143850	246724651	2.0
246724659	246724651	0.0
245139342	246724651	4.0
245139354	246724651	4.0
245139578	246724651	4.0
245139369	246724651	4.0
245139437	246724651	4.0
245139444	246724651	4.0
245139457	246724651	4.0
245139479	246724651	4.0
245139504	246724651	4.0
245139509	246724651	4.0
245139536	246724651	4.0
245139548	246724651	4.0
245139574	246724651	4.0
245139579	246724651	4.0
245139583	246724651	4.0
245139613	246724651	4.0
245139614	246724651	4.0
245139621	246724651	4.0
245143883	246724651	4.0
245143923	246724651	4.0
245143925	246724651	4.0
245143931	246724651	4.0
245143935	246724651	3.0
245143939	246724651	4.0
245143953	246724651	3.0
245143960	246724651	4.0
245143971	246724651	4.0
245143973	246724651	4.0
245143999	246724651	3.0
245144010	246724651	4.0
245144013	246724651	4.0
245144024	246724651	4.0
245144072	246724651	3.0
245142408	246724651	4.0
246728303	246724651	4.0
246728340	246724651	4.0
246728383	246724651	4.0
245140928	246724651	3.0
246724660	246724660	0
356692853	246724660	3.0
382975217	246724660	3.0
34967995	246724660	3.0
34968051	246724660	3.0
34968162	246724660	3.0
358298627	246724660	2.0
34156554	246724660	3.0
357531024	246724660	4.0
357531025	246724660	4.0
246724627	246724660	1.0
58460758	246724660	4.0
35275174	246724660	3.0
245138882	246724660	2.0
241858444	246724660	2.0
245138818	246724660	2.0
245143850	246724660	2.0
246724659	246724660	1.0
245139342	246724660	4.0
245139354	246724660	4.0
245139578	246724660	4.0
245139369	246724660	4.0
245139437	246724660	4.0
245139444	246724660	4.0
245139457	246724660	4.0
245139479	246724660	4.0
245139504	246724660	4.0
245139509	246724660	4.0
245139536	246724660	4.0
245139548	246724660	4.0
245139574	246724660	4.0
245139579	246724660	4.0
245139583	246724660	4.0
245139613	246724660	4.0
245139614	246724660	4.0
245139621	246724660	4.0
245143883	246724660	4.0
245143923	246724660	4.0
245143925	246724660	4.0
245143931	246724660	4.0
245143935	246724660	4.0
245143939	246724660	4.0
245143953	246724660	3.0
245143960	246724660	4.0
245143971	246724660	4.0
245143973	246724660	4.0
245143999	246724660	3.0
245144010	246724660	4.0
245144013	246724660	4.0
245144024	246724660	4.0
245144072	246724660	4.0
245142408	246724660	4.0
246728303	246724660	4.0
246728340	246724660	4.0
246728383	246724660	4.0
245140928	246724660	3.0
356692853	356692853	0
382975217	356692853	2.0
34967995	356692853	2.0
34968051	356692853	3.0
34968162	356692853	3.0
358298627	356692853	4.0
34156554	356692853	4.0
357531024	356692853	4.0
357531025	356692853	4.0
246724627	356692853	3.0
58460758	356692853	5.0
35275174	356692853	3.0
245138882	356692853	3.0
241858444	356692853	3.0
245138818	356692853	3.0
245143850	356692853	3.0
246724659	356692853	3.0
245139342	356692853	5.0
245139354	356692853	5.0
245139578	356692853	5.0
245139369	356692853	5.0
245139437	356692853	5.0
245139444	356692853	5.0
245139457	356692853	5.0
245139479	356692853	5.0
245139504	356692853	5.0
245139509	356692853	5.0
245139536	356692853	5.0
245139548	356692853	5.0
245139574	356692853	5.0
245139579	356692853	5.0
245139583	356692853	5.0
245139613	356692853	5.0
245139614	356692853	5.0
245139621	356692853	4.0
245143883	356692853	4.0
245143923	356692853	4.0
245143925	356692853	4.0
245143931	356692853	4.0
245143935	356692853	4.0
245143939	356692853	4.0
245143953	356692853	4.0
245143960	356692853	4.0
245143971	356692853	4.0
245143973	356692853	4.0
245143999	356692853	4.0
245144010	356692853	4.0
245144013	356692853	4.0
245144024	356692853	4.0
245144072	356692853	4.0
245142408	356692853	4.0
246728303	356692853	4.0
246728340	356692853	4.0
246728383	356692853	4.0
245140928	356692853	4.0
382975217	382975217	0
34967995	382975217	2.0
34968051	382975217	2.0
34968162	382975217	3.0
358298627	382975217	3.0
34156554	382975217	4.0
357531024	382975217	4.0
357531025	382975217	4.0
246724627	382975217	3.0
58460758	382975217	4.0
35275174	382975217	4.0
245138882	382975217	3.0
241858444	382975217	3.0
245138818	382975217	3.0
245143850	382975217	3.0
246724659	382975217	3.0
245139342	382975217	5.0
245139354	382975217	5.0
245139578	382975217	5.0
245139369	382975217	4.0
245139437	382975217	4.0
245139444	382975217	5.0
245139457	382975217	5.0
245139479	382975217	4.0
245139504	382975217	5.0
245139509	382975217	4.0
245139536	382975217	4.0
245139548	382975217	4.0
245139574	382975217	4.0
245139579	382975217	4.0
245139583	382975217	5.0
245139613	382975217	4.0
245139614	382975217	4.0
245139621	382975217	4.0
245143883	382975217	4.0
245143923	382975217	4.0
245143925	382975217	4.0
245143931	382975217	4.0
245143935	382975217	4.0
245143939	382975217	4.0
245143953	382975217	4.0
245143960	382975217	4.0
245143971	382975217	4.0
245143973	382975217	4.0
245143999	382975217	4.0
245144010	382975217	4.0
245144013	382975217	4.0
245144024	382975217	4.0
245144072	382975217	4.0
245142408	382975217	4.0
246728303	382975217	4.0
246728340	382975217	4.0
246728383	382975217	4.0
245140928	382975217	4.0
34967995	34967995	0
34968051	34967995	0.0
34968162	34967995	2.0
358298627	34967995	3.0
34156554	34967995	4.0
357531024	34967995	4.0
357531025	34967995	4.0
246724627	34967995	3.0
58460758	34967995	4.0
35275174	34967995	4.0
245138882	34967995	3.0
241858444	34967995	2.0
245138818	34967995	3.0
245143850	34967995	3.0
246724659	34967995	3.0
245139342	34967995	4.0
245139354	34967995	4.0
245139578	34967995	4.0
245139369	34967995	4.0
245139437	34967995	4.0
245139444	34967995	4.0
245139457	34967995	4.0
245139479	34967995	4.0
245139504	34967995	4.0
245139509	34967995	4.0
245139536	34967995	4.0
245139548	34967995	4.0
245139574	34967995	4.0
245139579	34967995	4.0
245139583	34967995	4.0
245139613	34967995	4.0
245139614	34967995	4.0
245139621	34967995	4.0
245143883	34967995	4.0
245143923	34967995	4.0
245143925	34967995	4.0
245143931	34967995	4.0
245143935	34967995	4.0
245143939	34967995	4.0
245143953	34967995	3.0
245143960	34967995	4.0
245143971	34967995	4.0
245143973	34967995	4.0
245143999	34967995	4.0
245144010	34967995	4.0
245144013	34967995	4.0
245144024	34967995	4.0
245144072	34967995	4.0
245142408	34967995	4.0
246728303	34967995	4.0
246728340	34967995	4.0
246728383	34967995	4.0
245140928	34967995	4.0
34968051	34968051	0
34968162	34968051	1.0
358298627	34968051	3.0
34156554	34968051	4.0
357531024	34968051	4.0
357531025	34968051	4.0
246724627	34968051	3.0
58460758	34968051	4.0
35275174	34968051	4.0
245138882	34968051	2.0
241858444	34968051	2.0
245138818	34968051	2.0
245143850	34968051	3.0
246724659	34968051	3.0
245139342	34968051	4.0
245139354	34968051	4.0
245139578	34968051	4.0
245139369	34968051	4.0
245139437	34968051	4.0
245139444	34968051	4.0
245139457	34968051	4.0
245139479	34968051	4.0
245139504	34968051	4.0
245139509	34968051	4.0
245139536	34968051	4.0
245139548	34968051	4.0
245139574	34968051	4.0
245139579	34968051	4.0
245139583	34968051	4.0
245139613	34968051	4.0
245139614	34968051	4.0
245139621	34968051	4.0
245143883	34968051	4.0
245143923	34968051	4.0
245143925	34968051	4.0
245143931	34968051	4.0
245143935	34968051	3.0
245143939	34968051	4.0
245143953	34968051	3.0
245143960	34968051	4.0
245143971	34968051	4.0
245143973	34968051	4.0
245143999	34968051	3.0
245144010	34968051	4.0
245144013	34968051	4.0
245144024	34968051	4.0
245144072	34968051	4.0
245142408	34968051	4.0
246728303	34968051	4.0
246728340	34968051	4.0
246728383	34968051	4.0
245140928	34968051	4.0
34968162	34968162	0
358298627	34968162	3.0
34156554	34968162	4.0
357531024	34968162	4.0
357531025	34968162	4.0
246724627	34968162	3.0
58460758	34968162	4.0
35275174	34968162	4.0
245138882	34968162	2.0
241858444	34968162	2.0
245138818	34968162	2.0
245143850	34968162	3.0
246724659	34968162	3.0
245139342	34968162	4.0
245139354	34968162	4.0
245139578	34968162	4.0
245139369	34968162	4.0
245139437	34968162	4.0
245139444	34968162	4.0
245139457	34968162	4.0
245139479	34968162	4.0
245139504	34968162	4.0
245139509	34968162	4.0
245139536	34968162	4.0
245139548	34968162	4.0
245139574	34968162	4.0
245139579	34968162	4.0
245139583	34968162	4.0
245139613	34968162	4.0
245139614	34968162	4.0
245139621	34968162	4.0
245143883	34968162	4.0
245143923	34968162	4.0
245143925	34968162	4.0
245143931	34968162	4.0
245143935	34968162	3.0
245143939	34968162	4.0
245143953	34968162	3.0
245143960	34968162	4.0
245143971	34968162	3.0
245143973	34968162	4.0
245143999	34968162	3.0
245144010	34968162	4.0
245144013	34968162	4.0
245144024	34968162	4.0
245144072	34968162	3.0
245142408	34968162	4.0
246728303	34968162	4.0
246728340	34968162	4.0
246728383	34968162	4.0
245140928	34968162	4.0
358298627	358298627	0
34156554	358298627	3.0
357531024	358298627	3.0
357531025	358298627	3.0
246724627	358298627	2.0
58460758	358298627	3.0
35275174	358298627	3.0
245138882	358298627	3.0
241858444	358298627	3.0
245138818	358298627	3.0
245143850	358298627	1.0
246724659	358298627	2.0
245139342	358298627	4.0
245139354	358298627	4.0
245139578	358298627	4.0
245139369	358298627	3.0
245139437	358298627	4.0
245139444	358298627	4.0
245139457	358298627	4.0
245139479	358298627	3.0
245139504	358298627	4.0
245139509	358298627	4.0
245139536	358298627	3.0
245139548	358298627	3.0
245139574	358298627	4.0
245139579	358298627	3.0
245139583	358298627	4.0
245139613	358298627	4.0
245139614	358298627	3.0
245139621	358298627	3.0
245143883	358298627	3.0
245143923	358298627	3.0
245143925	358298627	3.0
245143931	358298627	3.0
245143935	358298627	3.0
245143939	358298627	3.0
245143953	358298627	3.0
245143960	358298627	3.0
245143971	358298627	3.0
245143973	358298627	3.0
245143999	358298627	2.0
245144010	358298627	3.0
245144013	358298627	3.0
245144024	358298627	3.0
245144072	358298627	3.0
245142408	358298627	4.0
246728303	358298627	3.0
246728340	358298627	3.0
246728383	358298627	4.0
245140928	358298627	2.0
34156554	34156554	0
357531024	34156554	4.0
357531025	34156554	4.0
246724627	34156554	3.0
58460758	34156554	4.0
35275174	34156554	1.0
245138882	34156554	4.0
241858444	34156554	4.0
245138818	34156554	4.0
245143850	34156554	3.0
246724659	34156554	3.0
245139342	34156554	4.0
245139354	34156554	4.0
245139578	34156554	4.0
245139369	34156554	4.0
245139437	34156554	4.0
245139444	34156554	4.0
245139457	34156554	4.0
245139479	34156554	4.0
245139504	34156554	4.0
245139509	34156554	4.0
245139536	34156554	4.0
245139548	34156554	4.0
245139574	34156554	4.0
245139579	34156554	4.0
245139583	34156554	4.0
245139613	34156554	4.0
245139614	34156554	4.0
245139621	34156554	4.0
245143883	34156554	4.0
245143923	34156554	4.0
245143925	34156554	4.0
245143931	34156554	4.0
245143935	34156554	4.0
245143939	34156554	4.0
245143953	34156554	4.0
245143960	34156554	4.0
245143971	34156554	4.0
245143973	34156554	4.0
245143999	34156554	4.0
245144010	34156554	4.0
245144013	34156554	4.0
245144024	34156554	4.0
245144072	34156554	4.0
245142408	34156554	3.0
246728303	34156554	3.0
246728340	34156554	3.0
246728383	34156554	3.0
245140928	34156554	4.0
357531024	357531024	0
357531025	357531024	0.0
246724627	357531024	3.0
58460758	357531024	2.0
35275174	357531024	4.0
245138882	357531024	4.0
241858444	357531024	4.0
245138818	357531024	4.0
245143850	357531024	3.0
246724659	357531024	3.0
245139342	357531024	4.0
245139354	357531024	4.0
245139578	357531024	4.0
245139369	357531024	4.0
245139437	357531024	4.0
245139444	357531024	4.0
245139457	357531024	4.0
245139479	357531024	4.0
245139504	357531024	4.0
245139509	357531024	4.0
245139536	357531024	4.0
245139548	357531024	4.0
245139574	357531024	4.0
245139579	357531024	4.0
245139583	357531024	4.0
245139613	357531024	4.0
245139614	357531024	4.0
245139621	357531024	4.0
245143883	357531024	4.0
245143923	357531024	4.0
245143925	357531024	4.0
245143931	357531024	4.0
245143935	357531024	3.0
245143939	357531024	4.0
245143953	357531024	3.0
245143960	357531024	4.0
245143971	357531024	3.0
245143973	357531024	4.0
245143999	357531024	3.0
245144010	357531024	4.0
245144013	357531024	4.0
245144024	357531024	4.0
245144072	357531024	3.0
245142408	357531024	4.0
246728303	357531024	3.0
246728340	357531024	3.0
246728383	357531024	3.0
245140928	357531024	2.0
357531025	357531025	0
246724627	357531025	3.0
58460758	357531025	2.0
35275174	357531025	4.0
245138882	357531025	4.0
241858444	357531025	4.0
245138818	357531025	4.0
245143850	357531025	3.0
246724659	357531025	3.0
245139342	357531025	4.0
245139354	357531025	4.0
245139578	357531025	4.0
245139369	357531025	4.0
245139437	357531025	4.0
245139444	357531025	4.0
245139457	357531025	4.0
245139479	357531025	4.0
245139504	357531025	4.0
245139509	357531025	4.0
245139536	357531025	4.0
245139548	357531025	4.0
245139574	357531025	4.0
245139579	357531025	4.0
245139583	357531025	4.0
245139613	357531025	4.0
245139614	357531025	4.0
245139621	357531025	4.0
245143883	357531025	4.0
245143923	357531025	4.0
245143925	357531025	4.0
245143931	357531025	4.0
245143935	357531025	3.0
245143939	357531025	4.0
245143953	357531025	3.0
245143960	357531025	4.0
245143971	357531025	3.0
245143973	357531025	4.0
245143999	357531025	3.0
245144010	357531025	4.0
245144013	357531025	4.0
245144024	357531025	4.0
245144072	357531025	3.0
245142408	357531025	4.0
246728303	357531025	3.0
246728340	357531025	3.0
246728383	357531025	3.0
245140928	357531025	2.0
246724627	246724627	0
58460758	246724627	4.0
35275174	246724627	3.0
245138882	246724627	1.0
241858444	246724627	1.0
245138818	246724627	2.0
245143850	246724627	0.0
246724659	246724627	0.0
245139342	246724627	4.0
245139354	246724627	4.0
245139578	246724627	4.0
245139369	246724627	4.0
245139437	246724627	4.0
245139444	246724627	4.0
245139457	246724627	4.0
245139479	246724627	4.0
245139504	246724627	4.0
245139509	246724627	4.0
245139536	246724627	4.0
245139548	246724627	4.0
245139574	246724627	4.0
245139579	246724627	4.0
245139583	246724627	4.0
245139613	246724627	4.0
245139614	246724627	4.0
245139621	246724627	4.0
245143883	246724627	4.0
245143923	246724627	4.0
245143925	246724627	4.0
245143931	246724627	4.0
245143935	246724627	3.0
245143939	246724627	4.0
245143953	246724627	3.0
245143960	246724627	4.0
245143971	246724627	3.0
245143973	246724627	4.0
245143999	246724627	3.0
245144010	246724627	4.0
245144013	246724627	4.0
245144024	246724627	4.0
245144072	246724627	3.0
245142408	246724627	4.0
246728303	246724627	4.0
246728340	246724627	4.0
246728383	246724627	4.0
245140928	246724627	3.0
58460758	58460758	0
35275174	58460758	4.0
245138882	58460758	4.0
241858444	58460758	4.0
245138818	58460758	4.0
245143850	58460758	4.0
246724659	58460758	4.0
245139342	58460758	3.0
245139354	58460758	3.0
245139578	58460758	3.0
245139369	58460758	3.0
245139437	58460758	3.0
245139444	58460758	3.0
245139457	58460758	3.0
245139479	58460758	3.0
245139504	58460758	3.0
245139509	58460758	3.0
245139536	58460758	3.0
245139548	58460758	3.0
245139574	58460758	3.0
245139579	58460758	3.0
245139583	58460758	3.0
245139613	58460758	3.0
245139614	58460758	3.0
245139621	58460758	3.0
245143883	58460758	3.0
245143923	58460758	3.0
245143925	58460758	3.0
245143931	58460758	3.0
245143935	58460758	2.0
245143939	58460758	3.0
245143953	58460758	3.0
245143960	58460758	3.0
245143971	58460758	3.0
245143973	58460758	3.0
245143999	58460758	3.0
245144010	58460758	3.0
245144013	58460758	3.0
245144024	58460758	3.0
245144072	58460758	2.0
245142408	58460758	4.0
246728303	58460758	3.0
246728340	58460758	3.0
246728383	58460758	3.0
245140928	58460758	3.0
35275174	35275174	0
245138882	35275174	4.0
241858444	35275174	3.0
245138818	35275174	4.0
245143850	35275174	3.0
246724659	35275174	3.0
245139342	35275174	4.0
245139354	35275174	4.0
245139578	35275174	4.0
245139369	35275174	4.0
245139437	35275174	4.0
245139444	35275174	4.0
245139457	35275174	4.0
245139479	35275174	4.0
245139504	35275174	4.0
245139509	35275174	4.0
245139536	35275174	4.0
245139548	35275174	4.0
245139574	35275174	4.0
245139579	35275174	4.0
245139583	35275174	4.0
245139613	35275174	4.0
245139614	35275174	4.0
245139621	35275174	4.0
245143883	35275174	4.0
245143923	35275174	4.0
245143925	35275174	4.0
245143931	35275174	4.0
245143935	35275174	4.0
245143939	35275174	4.0
245143953	35275174	4.0
245143960	35275174	4.0
245143971	35275174	4.0
245143973	35275174	4.0
245143999	35275174	3.0
245144010	35275174	4.0
245144013	35275174	4.0
245144024	35275174	4.0
245144072	35275174	4.0
245142408	35275174	3.0
246728303	35275174	2.0
246728340	35275174	2.0
246728383	35275174	3.0
245140928	35275174	4.0
245138882	245138882	0
241858444	245138882	1.0
245138818	245138882	0.0
245143850	245138882	2.0
246724659	245138882	2.0
245139342	245138882	4.0
245139354	245138882	4.0
245139578	245138882	4.0
245139369	245138882	4.0
245139437	245138882	4.0
245139444	245138882	4.0
245139457	245138882	4.0
245139479	245138882	4.0
245139504	245138882	4.0
245139509	245138882	4.0
245139536	245138882	4.0
245139548	245138882	4.0
245139574	245138882	4.0
245139579	245138882	4.0
245139583	245138882	4.0
245139613	245138882	4.0
245139614	245138882	4.0
245139621	245138882	4.0
245143883	245138882	4.0
245143923	245138882	4.0
245143925	245138882	4.0
245143931	245138882	4.0
245143935	245138882	3.0
245143939	245138882	4.0
245143953	245138882	3.0
245143960	245138882	4.0
245143971	245138882	4.0
245143973	245138882	4.0
245143999	245138882	3.0
245144010	245138882	4.0
245144013	245138882	4.0
245144024	245138882	4.0
245144072	245138882	3.0
245142408	245138882	4.0
246728303	245138882	4.0
246728340	245138882	4.0
246728383	245138882	4.0
245140928	245138882	3.0
241858444	241858444	0
245138818	241858444	2.0
245143850	241858444	2.0
246724659	241858444	2.0
245139342	241858444	4.0
245139354	241858444	4.0
245139578	241858444	4.0
245139369	241858444	4.0
245139437	241858444	4.0
245139444	241858444	4.0
245139457	241858444	4.0
245139479	241858444	4.0
245139504	241858444	4.0
245139509	241858444	4.0
245139536	241858444	4.0
245139548	241858444	4.0
245139574	241858444	4.0
245139579	241858444	4.0
245139583	241858444	4.0
245139613	241858444	4.0
245139614	241858444	4.0
245139621	241858444	4.0
245143883	241858444	4.0
245143923	241858444	4.0
245143925	241858444	4.0
245143931	241858444	4.0
245143935	241858444	4.0
245143939	241858444	4.0
245143953	241858444	3.0
245143960	241858444	4.0
245143971	241858444	4.0
245143973	241858444	4.0
245143999	241858444	3.0
245144010	241858444	4.0
245144013	241858444	4.0
245144024	241858444	4.0
245144072	241858444	4.0
245142408	241858444	4.0
246728303	241858444	4.0
246728340	241858444	4.0
246728383	241858444	4.0
245140928	241858444	3.0
245138818	245138818	0
245143850	245138818	2.0
246724659	245138818	2.0
245139342	245138818	4.0
245139354	245138818	4.0
245139578	245138818	4.0
245139369	245138818	4.0
245139437	245138818	4.0
245139444	245138818	4.0
245139457	245138818	4.0
245139479	245138818	4.0
245139504	245138818	4.0
245139509	245138818	4.0
245139536	245138818	4.0
245139548	245138818	4.0
245139574	245138818	4.0
245139579	245138818	4.0
245139583	245138818	4.0
245139613	245138818	4.0
245139614	245138818	4.0
245139621	245138818	4.0
245143883	245138818	4.0
245143923	245138818	4.0
245143925	245138818	4.0
245143931	245138818	4.0
245143935	245138818	3.0
245143939	245138818	4.0
245143953	245138818	3.0
245143960	245138818	4.0
245143971	245138818	4.0
245143973	245138818	4.0
245143999	245138818	3.0
245144010	245138818	4.0
245144013	245138818	4.0
245144024	245138818	4.0
245144072	245138818	3.0
245142408	245138818	4.0
246728303	245138818	4.0
246728340	245138818	4.0
246728383	245138818	4.0
245140928	245138818	4.0
245143850	245143850	0
246724659	245143850	2.0
245139342	245143850	4.0
245139354	245143850	4.0
245139578	245143850	4.0
245139369	245143850	4.0
245139437	245143850	4.0
245139444	245143850	4.0
245139457	245143850	4.0
245139479	245143850	4.0
245139504	245143850	4.0
245139509	245143850	4.0
245139536	245143850	4.0
245139548	245143850	4.0
245139574	245143850	4.0
245139579	245143850	4.0
245139583	245143850	4.0
245139613	245143850	4.0
245139614	245143850	4.0
245139621	245143850	4.0
245143883	245143850	3.0
245143923	245143850	4.0
245143925	245143850	4.0
245143931	245143850	3.0
245143935	245143850	3.0
245143939	245143850	4.0
245143953	245143850	3.0
245143960	245143850	3.0
245143971	245143850	3.0
245143973	245143850	3.0
245143999	245143850	2.0
245144010	245143850	3.0
245144013	245143850	3.0
245144024	245143850	4.0
245144072	245143850	3.0
245142408	245143850	4.0
246728303	245143850	4.0
246728340	245143850	4.0
246728383	245143850	4.0
245140928	245143850	3.0
246724659	246724659	0
245139342	246724659	4.0
245139354	246724659	4.0
245139578	246724659	4.0
245139369	246724659	4.0
245139437	246724659	4.0
245139444	246724659	4.0
245139457	246724659	4.0
245139479	246724659	4.0
245139504	246724659	4.0
245139509	246724659	4.0
245139536	246724659	4.0
245139548	246724659	4.0
245139574	246724659	4.0
245139579	246724659	4.0
245139583	246724659	4.0
245139613	246724659	4.0
245139614	246724659	4.0
245139621	246724659	4.0
245143883	246724659	4.0
245143923	246724659	4.0
245143925	246724659	4.0
245143931	246724659	4.0
245143935	246724659	3.0
245143939	246724659	4.0
245143953	246724659	3.0
245143960	246724659	4.0
245143971	246724659	4.0
245143973	246724659	4.0
245143999	246724659	3.0
245144010	246724659	4.0
245144013	246724659	4.0
245144024	246724659	4.0
245144072	246724659	3.0
245142408	246724659	4.0
246728303	246724659	4.0
246728340	246724659	4.0
246728383	246724659	4.0
245140928	246724659	3.0
245139342	245139342	0
245139354	245139342	0.0
245139578	245139342	0.0
245139369	245139342	0.0
245139437	245139342	0.0
245139444	245139342	0.0
245139457	245139342	0.0
245139479	245139342	0.0
245139504	245139342	0.0
245139509	245139342	0.0
245139536	245139342	0.0
245139548	245139342	0.0
245139574	245139342	0.0
245139579	245139342	0.0
245139583	245139342	0.0
245139613	245139342	0.0
245139614	245139342	0.0
245139621	245139342	1.0
245143883	245139342	2.0
245143923	245139342	2.0
245143925	245139342	2.0
245143931	245139342	2.0
245143935	245139342	2.0
245143939	245139342	2.0
245143953	245139342	3.0
245143960	245139342	2.0
245143971	245139342	2.0
245143973	245139342	2.0
245143999	245139342	3.0
245144010	245139342	2.0
245144013	245139342	2.0
245144024	245139342	2.0
245144072	245139342	2.0
245142408	245139342	5.0
246728303	245139342	4.0
246728340	245139342	4.0
246728383	245139342	4.0
245140928	245139342	4.0
245139354	245139354	0
245139578	245139354	0.0
245139369	245139354	0.0
245139437	245139354	0.0
245139444	245139354	0.0
245139457	245139354	0.0
245139479	245139354	0.0
245139504	245139354	0.0
245139509	245139354	0.0
245139536	245139354	0.0
245139548	245139354	0.0
245139574	245139354	0.0
245139579	245139354	0.0
245139583	245139354	0.0
245139613	245139354	0.0
245139614	245139354	0.0
245139621	245139354	1.0
245143883	245139354	2.0
245143923	245139354	2.0
245143925	245139354	2.0
245143931	245139354	2.0
245143935	245139354	2.0
245143939	245139354	2.0
245143953	245139354	3.0
245143960	245139354	2.0
245143971	245139354	2.0
245143973	245139354	2.0
245143999	245139354	3.0
245144010	245139354	2.0
245144013	245139354	2.0
245144024	245139354	2.0
245144072	245139354	2.0
245142408	245139354	5.0
246728303	245139354	4.0
246728340	245139354	4.0
246728383	245139354	4.0
245140928	245139354	4.0
245139578	245139578	0
245139369	245139578	0.0
245139437	245139578	0.0
245139444	245139578	0.0
245139457	245139578	0.0
245139479	245139578	0.0
245139504	245139578	0.0
245139509	245139578	0.0
245139536	245139578	0.0
245139548	245139578	0.0
245139574	245139578	0.0
245139579	245139578	0.0
245139583	245139578	0.0
245139613	245139578	0.0
245139614	245139578	0.0
245139621	245139578	1.0
245143883	245139578	2.0
245143923	245139578	2.0
245143925	245139578	2.0
245143931	245139578	2.0
245143935	245139578	2.0
245143939	245139578	2.0
245143953	245139578	3.0
245143960	245139578	2.0
245143971	245139578	2.0
245143973	245139578	2.0
245143999	245139578	3.0
245144010	245139578	2.0
245144013	245139578	2.0
245144024	245139578	2.0
245144072	245139578	2.0
245142408	245139578	5.0
246728303	245139578	4.0
246728340	245139578	4.0
246728383	245139578	4.0
245140928	245139578	4.0
245139369	245139369	0
245139437	245139369	0.0
245139444	245139369	0.0
245139457	245139369	0.0
245139479	245139369	0.0
245139504	245139369	0.0
245139509	245139369	0.0
245139536	245139369	0.0
245139548	245139369	0.0
245139574	245139369	0.0
245139579	245139369	0.0
245139583	245139369	0.0
245139613	245139369	0.0
245139614	245139369	0.0
245139621	245139369	0.0
245143883	245139369	2.0
245143923	245139369	1.0
245143925	245139369	2.0
245143931	245139369	2.0
245143935	245139369	2.0
245143939	245139369	2.0
245143953	245139369	3.0
245143960	245139369	2.0
245143971	245139369	2.0
245143973	245139369	1.0
245143999	245139369	3.0
245144010	245139369	2.0
245144013	245139369	2.0
245144024	245139369	1.0
245144072	245139369	2.0
245142408	245139369	5.0
246728303	245139369	4.0
246728340	245139369	4.0
246728383	245139369	4.0
245140928	245139369	4.0
245139437	245139437	0
245139444	245139437	0.0
245139457	245139437	0.0
245139479	245139437	0.0
245139504	245139437	0.0
245139509	245139437	0.0
245139536	245139437	0.0
245139548	245139437	0.0
245139574	245139437	0.0
245139579	245139437	0.0
245139583	245139437	0.0
245139613	245139437	0.0
245139614	245139437	0.0
245139621	245139437	1.0
245143883	245139437	2.0
245143923	245139437	2.0
245143925	245139437	2.0
245143931	245139437	2.0
245143935	245139437	2.0
245143939	245139437	2.0
245143953	245139437	3.0
245143960	245139437	2.0
245143971	245139437	2.0
245143973	245139437	2.0
245143999	245139437	3.0
245144010	245139437	2.0
245144013	245139437	2.0
245144024	245139437	2.0
245144072	245139437	2.0
245142408	245139437	5.0
246728303	245139437	4.0
246728340	245139437	4.0
246728383	245139437	4.0
245140928	245139437	4.0
245139444	245139444	0
245139457	245139444	0.0
245139479	245139444	0.0
245139504	245139444	0.0
245139509	245139444	0.0
245139536	245139444	0.0
245139548	245139444	0.0
245139574	245139444	0.0
245139579	245139444	0.0
245139583	245139444	0.0
245139613	245139444	0.0
245139614	245139444	0.0
245139621	245139444	1.0
245143883	245139444	2.0
245143923	245139444	2.0
245143925	245139444	2.0
245143931	245139444	2.0
245143935	245139444	2.0
245143939	245139444	2.0
245143953	245139444	3.0
245143960	245139444	2.0
245143971	245139444	2.0
245143973	245139444	2.0
245143999	245139444	3.0
245144010	245139444	2.0
245144013	245139444	2.0
245144024	245139444	2.0
245144072	245139444	2.0
245142408	245139444	5.0
246728303	245139444	4.0
246728340	245139444	4.0
246728383	245139444	4.0
245140928	245139444	4.0
245139457	245139457	0
245139479	245139457	0.0
245139504	245139457	0.0
245139509	245139457	0.0
245139536	245139457	0.0
245139548	245139457	0.0
245139574	245139457	0.0
245139579	245139457	0.0
245139583	245139457	0.0
245139613	245139457	0.0
245139614	245139457	0.0
245139621	245139457	1.0
245143883	245139457	2.0
245143923	245139457	2.0
245143925	245139457	2.0
245143931	245139457	2.0
245143935	245139457	2.0
245143939	245139457	2.0
245143953	245139457	3.0
245143960	245139457	2.0
245143971	245139457	2.0
245143973	245139457	2.0
245143999	245139457	3.0
245144010	245139457	2.0
245144013	245139457	2.0
245144024	245139457	2.0
245144072	245139457	2.0
245142408	245139457	5.0
246728303	245139457	4.0
246728340	245139457	4.0
246728383	245139457	4.0
245140928	245139457	4.0
245139479	245139479	0
245139504	245139479	0.0
245139509	245139479	0.0
245139536	245139479	0.0
245139548	245139479	0.0
245139574	245139479	0.0
245139579	245139479	0.0
245139583	245139479	0.0
245139613	245139479	0.0
245139614	245139479	0.0
245139621	245139479	0.0
245143883	245139479	2.0
245143923	245139479	1.0
245143925	245139479	2.0
245143931	245139479	2.0
245143935	245139479	2.0
245143939	245139479	2.0
245143953	245139479	3.0
245143960	245139479	2.0
245143971	245139479	2.0
245143973	245139479	1.0
245143999	245139479	3.0
245144010	245139479	2.0
245144013	245139479	2.0
245144024	245139479	1.0
245144072	245139479	2.0
245142408	245139479	5.0
246728303	245139479	4.0
246728340	245139479	4.0
246728383	245139479	4.0
245140928	245139479	4.0
245139504	245139504	0
245139509	245139504	0.0
245139536	245139504	0.0
245139548	245139504	0.0
245139574	245139504	0.0
245139579	245139504	0.0
245139583	245139504	0.0
245139613	245139504	0.0
245139614	245139504	0.0
245139621	245139504	1.0
245143883	245139504	2.0
245143923	245139504	2.0
245143925	245139504	2.0
245143931	245139504	2.0
245143935	245139504	2.0
245143939	245139504	2.0
245143953	245139504	3.0
245143960	245139504	2.0
245143971	245139504	2.0
245143973	245139504	2.0
245143999	245139504	3.0
245144010	245139504	2.0
245144013	245139504	2.0
245144024	245139504	2.0
245144072	245139504	2.0
245142408	245139504	5.0
246728303	245139504	4.0
246728340	245139504	4.0
246728383	245139504	4.0
245140928	245139504	4.0
245139509	245139509	0
245139536	245139509	0.0
245139548	245139509	0.0
245139574	245139509	0.0
245139579	245139509	0.0
245139583	245139509	0.0
245139613	245139509	0.0
245139614	245139509	0.0
245139621	245139509	0.0
245143883	245139509	2.0
245143923	245139509	2.0
245143925	245139509	2.0
245143931	245139509	2.0
245143935	245139509	2.0
245143939	245139509	2.0
245143953	245139509	3.0
245143960	245139509	2.0
245143971	245139509	2.0
245143973	245139509	2.0
245143999	245139509	3.0
245144010	245139509	2.0
245144013	245139509	2.0
245144024	245139509	1.0
245144072	245139509	2.0
245142408	245139509	5.0
246728303	245139509	4.0
246728340	245139509	4.0
246728383	245139509	4.0
245140928	245139509	4.0
245139536	245139536	0
245139548	245139536	0.0
245139574	245139536	0.0
245139579	245139536	0.0
245139583	245139536	0.0
245139613	245139536	0.0
245139614	245139536	0.0
245139621	245139536	0.0
245143883	245139536	1.0
245143923	245139536	1.0
245143925	245139536	1.0
245143931	245139536	1.0
245143935	245139536	2.0
245143939	245139536	1.0
245143953	245139536	3.0
245143960	245139536	1.0
245143971	245139536	1.0
245143973	245139536	1.0
245143999	245139536	3.0
245144010	245139536	1.0
245144013	245139536	1.0
245144024	245139536	1.0
245144072	245139536	2.0
245142408	245139536	5.0
246728303	245139536	4.0
246728340	245139536	4.0
246728383	245139536	4.0
245140928	245139536	4.0
245139548	245139548	0
245139574	245139548	0.0
245139579	245139548	0.0
245139583	245139548	0.0
245139613	245139548	0.0
245139614	245139548	0.0
245139621	245139548	0.0
245143883	245139548	2.0
245143923	245139548	1.0
245143925	245139548	2.0
245143931	245139548	2.0
245143935	245139548	2.0
245143939	245139548	2.0
245143953	245139548	3.0
245143960	245139548	2.0
245143971	245139548	2.0
245143973	245139548	1.0
245143999	245139548	3.0
245144010	245139548	2.0
245144013	245139548	2.0
245144024	245139548	1.0
245144072	245139548	2.0
245142408	245139548	5.0
246728303	245139548	4.0
246728340	245139548	4.0
246728383	245139548	4.0
245140928	245139548	4.0
245139574	245139574	0
245139579	245139574	0.0
245139583	245139574	0.0
245139613	245139574	0.0
245139614	245139574	0.0
245139621	245139574	1.0
245143883	245139574	2.0
245143923	245139574	2.0
245143925	245139574	2.0
245143931	245139574	2.0
245143935	245139574	2.0
245143939	245139574	2.0
245143953	245139574	3.0
245143960	245139574	2.0
245143971	245139574	2.0
245143973	245139574	2.0
245143999	245139574	3.0
245144010	245139574	2.0
245144013	245139574	2.0
245144024	245139574	2.0
245144072	245139574	2.0
245142408	245139574	5.0
246728303	245139574	4.0
246728340	245139574	4.0
246728383	245139574	4.0
245140928	245139574	4.0
245139579	245139579	0
245139583	245139579	0.0
245139613	245139579	0.0
245139614	245139579	0.0
245139621	245139579	0.0
245143883	245139579	1.0
245143923	245139579	1.0
245143925	245139579	1.0
245143931	245139579	2.0
245143935	245139579	2.0
245143939	245139579	1.0
245143953	245139579	3.0
245143960	245139579	2.0
245143971	245139579	2.0
245143973	245139579	1.0
245143999	245139579	3.0
245144010	245139579	1.0
245144013	245139579	2.0
245144024	245139579	1.0
245144072	245139579	2.0
245142408	245139579	5.0
246728303	245139579	4.0
246728340	245139579	4.0
246728383	245139579	4.0
245140928	245139579	4.0
245139583	245139583	0
245139613	245139583	0.0
245139614	245139583	0.0
245139621	245139583	1.0
245143883	245139583	2.0
245143923	245139583	2.0
245143925	245139583	2.0
245143931	245139583	2.0
245143935	245139583	2.0
245143939	245139583	2.0
245143953	245139583	3.0
245143960	245139583	2.0
245143971	245139583	2.0
245143973	245139583	2.0
245143999	245139583	3.0
245144010	245139583	2.0
245144013	245139583	2.0
245144024	245139583	2.0
245144072	245139583	2.0
245142408	245139583	5.0
246728303	245139583	4.0
246728340	245139583	4.0
246728383	245139583	4.0
245140928	245139583	4.0
245139613	245139613	0
245139614	245139613	0.0
245139621	245139613	1.0
245143883	245139613	2.0
245143923	245139613	2.0
245143925	245139613	2.0
245143931	245139613	2.0
245143935	245139613	2.0
245143939	245139613	2.0
245143953	245139613	3.0
245143960	245139613	2.0
245143971	245139613	2.0
245143973	245139613	2.0
245143999	245139613	3.0
245144010	245139613	2.0
245144013	245139613	2.0
245144024	245139613	2.0
245144072	245139613	2.0
245142408	245139613	5.0
246728303	245139613	4.0
246728340	245139613	4.0
246728383	245139613	4.0
245140928	245139613	4.0
245139614	245139614	0
245139621	245139614	0.0
245143883	245139614	2.0
245143923	245139614	1.0
245143925	245139614	2.0
245143931	245139614	2.0
245143935	245139614	2.0
245143939	245139614	2.0
245143953	245139614	3.0
245143960	245139614	2.0
245143971	245139614	2.0
245143973	245139614	2.0
245143999	245139614	3.0
245144010	245139614	2.0
245144013	245139614	2.0
245144024	245139614	1.0
245144072	245139614	2.0
245142408	245139614	5.0
246728303	245139614	4.0
246728340	245139614	4.0
246728383	245139614	4.0
245140928	245139614	4.0
245139621	245139621	0
245143883	245139621	1.0
245143923	245139621	1.0
245143925	245139621	1.0
245143931	245139621	1.0
245143935	245139621	2.0
245143939	245139621	1.0
245143953	245139621	2.0
245143960	245139621	1.0
245143971	245139621	1.0
245143973	245139621	1.0
245143999	245139621	3.0
245144010	245139621	1.0
245144013	245139621	1.0
245144024	245139621	0.0
245144072	245139621	2.0
245142408	245139621	5.0
246728303	245139621	4.0
246728340	245139621	4.0
246728383	245139621	4.0
245140928	245139621	3.0
245143883	245143883	0
245143923	245143883	1.0
245143925	245143883	1.0
245143931	245143883	0.0
245143935	245143883	1.0
245143939	245143883	1.0
245143953	245143883	2.0
245143960	245143883	0.0
245143971	245143883	0.0
245143973	245143883	0.0
245143999	245143883	3.0
245144010	245143883	0.0
245144013	245143883	0.0
245144024	245143883	0.0
245144072	245143883	1.0
245142408	245143883	5.0
246728303	245143883	4.0
246728340	245143883	4.0
246728383	245143883	4.0
245140928	245143883	3.0
245143923	245143923	0
245143925	245143923	0.0
245143931	245143923	1.0
245143935	245143923	1.0
245143939	245143923	0.0
245143953	245143923	2.0
245143960	245143923	1.0
245143971	245143923	1.0
245143973	245143923	1.0
245143999	245143923	3.0
245144010	245143923	1.0
245144013	245143923	1.0
245144024	245143923	0.0
245144072	245143923	1.0
245142408	245143923	5.0
246728303	245143923	4.0
246728340	245143923	4.0
246728383	245143923	4.0
245140928	245143923	3.0
245143925	245143925	0
245143931	245143925	1.0
245143935	245143925	2.0
245143939	245143925	0.0
245143953	245143925	2.0
245143960	245143925	1.0
245143971	245143925	1.0
245143973	245143925	1.0
245143999	245143925	3.0
245144010	245143925	1.0
245144013	245143925	1.0
245144024	245143925	0.0
245144072	245143925	2.0
245142408	245143925	5.0
246728303	245143925	4.0
246728340	245143925	4.0
246728383	245143925	4.0
245140928	245143925	3.0
245143931	245143931	0
245143935	245143931	1.0
245143939	245143931	1.0
245143953	245143931	2.0
245143960	245143931	0.0
245143971	245143931	0.0
245143973	245143931	0.0
245143999	245143931	3.0
245144010	245143931	0.0
245144013	245143931	0.0
245144024	245143931	0.0
245144072	245143931	1.0
245142408	245143931	5.0
246728303	245143931	4.0
246728340	245143931	4.0
246728383	245143931	4.0
245140928	245143931	3.0
245143935	245143935	0
245143939	245143935	2.0
245143953	245143935	1.0
245143960	245143935	1.0
245143971	245143935	0.0
245143973	245143935	1.0
245143999	245143935	2.0
245144010	245143935	1.0
245144013	245143935	1.0
245144024	245143935	1.0
245144072	245143935	0.0
245142408	245143935	4.0
246728303	245143935	4.0
246728340	245143935	4.0
246728383	245143935	4.0
245140928	245143935	3.0
245143939	245143939	0
245143953	245143939	2.0
245143960	245143939	1.0
245143971	245143939	1.0
245143973	245143939	1.0
245143999	245143939	3.0
245144010	245143939	1.0
245144013	245143939	1.0
245144024	245143939	0.0
245144072	245143939	2.0
245142408	245143939	5.0
246728303	245143939	4.0
246728340	245143939	4.0
246728383	245143939	4.0
245140928	245143939	3.0
245143953	245143953	0
245143960	245143953	2.0
245143971	245143953	2.0
245143973	245143953	2.0
245143999	245143953	2.0
245144010	245143953	2.0
245144013	245143953	2.0
245144024	245143953	2.0
245144072	245143953	1.0
245142408	245143953	4.0
246728303	245143953	4.0
246728340	245143953	4.0
246728383	245143953	4.0
245140928	245143953	3.0
245143960	245143960	0
245143971	245143960	0.0
245143973	245143960	0.0
245143999	245143960	3.0
245144010	245143960	0.0
245144013	245143960	0.0
245144024	245143960	0.0
245144072	245143960	1.0
245142408	245143960	5.0
246728303	245143960	4.0
246728340	245143960	4.0
246728383	245143960	4.0
245140928	245143960	3.0
245143971	245143971	0
245143973	245143971	0.0
245143999	245143971	2.0
245144010	245143971	0.0
245144013	245143971	0.0
245144024	245143971	0.0
245144072	245143971	0.0
245142408	245143971	5.0
246728303	245143971	4.0
246728340	245143971	4.0
246728383	245143971	4.0
245140928	245143971	3.0
245143973	245143973	0
245143999	245143973	3.0
245144010	245143973	0.0
245144013	245143973	0.0
245144024	245143973	0.0
245144072	245143973	1.0
245142408	245143973	5.0
246728303	245143973	4.0
246728340	245143973	4.0
246728383	245143973	4.0
245140928	245143973	3.0
245143999	245143999	0
245144010	245143999	3.0
245144013	245143999	3.0
245144024	245143999	3.0
245144072	245143999	2.0
245142408	245143999	4.0
246728303	245143999	4.0
246728340	245143999	4.0
246728383	245143999	4.0
245140928	245143999	3.0
245144010	245144010	0
245144013	245144010	0.0
245144024	245144010	0.0
245144072	245144010	1.0
245142408	245144010	5.0
246728303	245144010	4.0
246728340	245144010	4.0
246728383	245144010	4.0
245140928	245144010	3.0
245144013	245144013	0
245144024	245144013	0.0
245144072	245144013	1.0
245142408	245144013	5.0
246728303	245144013	4.0
246728340	245144013	4.0
246728383	245144013	4.0
245140928	245144013	3.0
245144024	245144024	0
245144072	245144024	1.0
245142408	245144024	5.0
246728303	245144024	4.0
246728340	245144024	4.0
246728383	245144024	4.0
245140928	245144024	3.0
245144072	245144072	0
245142408	245144072	4.0
246728303	245144072	4.0
246728340	245144072	4.0
246728383	245144072	4.0
245140928	245144072	3.0
245142408	245142408	0
246728303	245142408	3.0
246728340	245142408	3.0
246728383	245142408	3.0
245140928	245142408	4.0
246728303	246728303	0
246728340	246728303	0.0
246728383	246728303	0.0
245140928	246728303	3.0
246728340	246728340	0
246728383	246728340	0.0
245140928	246728340	3.0
246728383	246728383	0
245140928	246728383	3.0
245140928	245140928	0
