284637703	[10,-33.0,23.0]	40.78455340277776	-73.77511989166665	0.08193247709437751	0.0938903795179815	0.2497855078976487	0.0006309936272886642	1.0	0.520624717787989
284845154	[-84,27.0,57.0]	40.771408019999996	-73.78583244	0.08193247709437751	0.0938903795179815	0.2497855078976487	0.0006309936272886642	1.0	0.520624717787989
284845155	[-85,26.0,59.0]	40.77109824	-73.78567378	0.08193247709437751	0.0938903795179815	0.2497855078976487	0.0006309936272886642	1.0	0.520624717787989
25163218	[-37,46.0,-9.0]	40.783058570370365	-73.78922971851851	0.08193247709437751	0.0938903795179815	0.2497855078976487	0.0006309936272886642	1.0	0.520624717787989
373112336	[-17,60.0,-43.0]	40.788529175	-73.79175169999999	0.08193247709437751	0.0938903795179815	0.2497855078976487	0.0006309936272886642	1.0	0.520624717787989
373112407	[-2,43.0,-41.0]	40.78986038	-73.78872842	0.08193247709437751	0.0938903795179815	0.2497855078976487	0.0006309936272886642	1.0	0.520624717787989
373112408	[-10,53.0,-43.0]	40.78931814	-73.79047297999999	0.08193247709437751	0.0938903795179815	0.2497855078976487	0.0006309936272886642	1.0	0.520624717787989
284864050	[-2,-43.0,45.0]	40.78100343999999	-73.77327282000002	0.08193247709437751	0.0938903795179815	0.2497855078976487	0.0006309936272886642	1.0	0.520624717787989
468529499	[-8,-19.0,27.0]	40.782269449999994	-73.777685575	0.08193247709437751	0.0938903795179815	0.2497855078976487	0.0006309936272886642	1.0	0.520624717787989
531021606	[1,-47.0,46.0]	40.78121824	-73.77276237999999	0.08193247709437751	0.0938903795179815	0.2497855078976487	0.0006309936272886642	1.0	0.520624717787989
531021608	[0,-50.0,50.0]	40.78066748	-73.77219352	0.08193247709437751	0.0938903795179815	0.2497855078976487	0.0006309936272886642	1.0	0.520624717787989
531021609	[0,-50.0,50.0]	40.78070754	-73.77211598	0.08193247709437751	0.0938903795179815	0.2497855078976487	0.0006309936272886642	1.0	0.520624717787989
531021610	[1,-51.0,50.0]	40.780773739999994	-73.77200481999999	0.08193247709437751	0.0938903795179815	0.2497855078976487	0.0006309936272886642	1.0	0.520624717787989
531024257	[-15,-16.0,31.0]	40.78114004	-73.7781117	0.08193247709437751	0.0938903795179815	0.2497855078976487	0.0006309936272886642	1.0	0.520624717787989
531024258	[-13,-18.0,31.0]	40.78129478000001	-73.77790288	0.08193247709437751	0.0938903795179815	0.2497855078976487	0.0006309936272886642	1.0	0.520624717787989
531024259	[-14,-18.0,32.0]	40.78118868	-73.77781551999999	0.08193247709437751	0.0938903795179815	0.2497855078976487	0.0006309936272886642	1.0	0.520624717787989
531024260	[-14,-19.0,33.0]	40.78108228000001	-73.77772188	0.08193247709437751	0.0938903795179815	0.2497855078976487	0.0006309936272886642	1.0	0.520624717787989
531024261	[-14,-19.0,33.0]	40.780975059999996	-73.77762938000001	0.08193247709437751	0.0938903795179815	0.2497855078976487	0.0006309936272886642	1.0	0.520624717787989
531024262	[-14,-20.0,34.0]	40.78087398000001	-73.77754038	0.08193247709437751	0.0938903795179815	0.2497855078976487	0.0006309936272886642	1.0	0.520624717787989
284861436	[-2,-10.0,12.0]	40.7843833	-73.77916791999999	0.08193247709437751	0.0938903795179815	0.2497855078976487	0.0006309936272886642	1.0	0.520624717787989
284864049	[17,-31.0,14.0]	40.78608010000001	-73.77546842000001	0.08193247709437751	0.0938903795179815	0.2497855078976487	0.0006309936272886642	1.0	0.520624717787989
284864051	[16,-33.0,17.0]	40.785835320000004	-73.77511617999998	0.08193247709437751	0.0938903795179815	0.2497855078976487	0.0006309936272886642	1.0	0.520624717787989
284864052	[17,-30.0,13.0]	40.78634631999999	-73.77573720000001	0.08193247709437751	0.0938903795179815	0.2497855078976487	0.0006309936272886642	1.0	0.520624717787989
284864053	[18,-28.0,10.0]	40.78662242	-73.77597482	0.08193247709437751	0.0938903795179815	0.2497855078976487	0.0006309936272886642	1.0	0.520624717787989
284450111	[-88,31.0,57.0]	40.77095919999999	-73.78645518780486	0.08193247709437751	0.0938903795179815	0.2497855078976487	0.0006309936272886642	1.0	0.520624717787989
284447598	[-28,-21.0,49.0]	40.777972999999996	-73.777308525	0.08193247709437751	0.0938903795179815	0.2497855078976487	0.0006309936272886642	1.0	0.520624717787989
373112567	[-13,56.0,-43.0]	40.78892034999999	-73.79094488333334	0.08193247709437751	0.0938903795179815	0.2497855078976487	0.0006309936272886642	1.0	0.520624717787989
373350939	[17,10.0,-27.0]	40.790389081818184	-73.78290760227274	0.08193247709437751	0.0938903795179815	0.2497855078976487	0.0006309936272886642	1.0	0.520624717787989
373350943	[3,34.0,-37.0]	40.7899045	-73.78712455333334	0.08193247709437751	0.0938903795179815	0.2497855078976487	0.0006309936272886642	1.0	0.520624717787989
373350944	[7,26.0,-33.0]	40.79000155238094	-73.7856702095238	0.08193247709437751	0.0938903795179815	0.2497855078976487	0.0006309936272886642	1.0	0.520624717787989
181203277	[-15,-5.0,20.0]	40.78228643333333	-73.78000993333333	0.08193247709437751	0.0938903795179815	0.2497855078976487	0.0006309936272886642	1.0	0.520624717787989
373350945	[9,23.0,-32.0]	40.79004682307693	-73.78506143076923	0.08193247709437751	0.0938903795179815	0.2497855078976487	0.0006309936272886642	1.0	0.520624717787989
531021607	[5,-54.0,49.0]	40.781328977777775	-73.77138206666667	0.08193247709437751	0.0938903795179815	0.2497855078976487	0.0006309936272886642	1.0	0.520624717787989
531024256	[-18,-14.0,32.0]	40.78066809999999	-73.77852293333332	0.08193247709437751	0.0938903795179815	0.2497855078976487	0.0006309936272886642	1.0	0.520624717787989
531024270	[-7,-23.0,30.0]	40.78208414000001	-73.77685152	0.08193247709437751	0.0938903795179815	0.2497855078976487	0.0006309936272886642	1.0	0.520624717787989
531028549	[12,-36.0,24.0]	40.7846327	-73.77451725454546	0.08193247709437751	0.0938903795179815	0.2497855078976487	0.0006309936272886642	1.0	0.520624717787989
284635480	[1,23.0,-24.0]	40.78836108181818	-73.78516154545456	0.08193247709437751	0.0938903795179815	0.2497855078976487	0.0006309936272886642	1.0	0.520624717787989
250034059	[-11,-70.0,81.0]	40.77647025681818	-73.76862696590909	0.08193247709437751	0.0938903795179815	0.2497855078976487	0.0006309936272886642	1.0	0.520624717787989
284637703	284637703	0
284845154	284637703	4.0
284845155	284637703	4.0
25163218	284637703	4.0
373112336	284637703	5.0
373112407	284637703	4.0
373112408	284637703	4.0
284864050	284637703	3.0
468529499	284637703	2.0
531021606	284637703	2.0
531021608	284637703	3.0
531021609	284637703	3.0
531021610	284637703	3.0
531024257	284637703	2.0
531024258	284637703	2.0
531024259	284637703	2.0
531024260	284637703	2.0
531024261	284637703	2.0
531024262	284637703	2.0
284861436	284637703	3.0
284864049	284637703	2.0
284864051	284637703	2.0
284864052	284637703	2.0
284864053	284637703	2.0
284450111	284637703	4.0
284447598	284637703	3.0
373112567	284637703	4.0
373350939	284637703	3.0
373350943	284637703	3.0
373350944	284637703	3.0
181203277	284637703	3.0
373350945	284637703	3.0
531021607	284637703	2.0
531024256	284637703	2.0
531024270	284637703	2.0
531028549	284637703	0.0
284635480	284637703	3.0
250034059	284637703	4.0
284845154	284845154	0
284845155	284845154	0.0
25163218	284845154	3.0
373112336	284845154	4.0
373112407	284845154	5.0
373112408	284845154	5.0
284864050	284845154	4.0
468529499	284845154	4.0
531021606	284845154	4.0
531021608	284845154	4.0
531021609	284845154	4.0
531021610	284845154	4.0
531024257	284845154	4.0
531024258	284845154	4.0
531024259	284845154	4.0
531024260	284845154	4.0
531024261	284845154	4.0
531024262	284845154	4.0
284861436	284845154	4.0
284864049	284845154	4.0
284864051	284845154	4.0
284864052	284845154	4.0
284864053	284845154	4.0
284450111	284845154	0.0
284447598	284845154	3.0
373112567	284845154	5.0
373350939	284845154	5.0
373350943	284845154	5.0
373350944	284845154	5.0
181203277	284845154	4.0
373350945	284845154	5.0
531021607	284845154	4.0
531024256	284845154	4.0
531024270	284845154	4.0
531028549	284845154	4.0
284635480	284845154	4.0
250034059	284845154	4.0
284845155	284845155	0
25163218	284845155	4.0
373112336	284845155	4.0
373112407	284845155	5.0
373112408	284845155	5.0
284864050	284845155	4.0
468529499	284845155	4.0
531021606	284845155	4.0
531021608	284845155	4.0
531021609	284845155	4.0
531021610	284845155	4.0
531024257	284845155	4.0
531024258	284845155	4.0
531024259	284845155	4.0
531024260	284845155	4.0
531024261	284845155	4.0
531024262	284845155	4.0
284861436	284845155	4.0
284864049	284845155	4.0
284864051	284845155	4.0
284864052	284845155	4.0
284864053	284845155	4.0
284450111	284845155	0.0
284447598	284845155	3.0
373112567	284845155	5.0
373350939	284845155	5.0
373350943	284845155	5.0
373350944	284845155	5.0
181203277	284845155	4.0
373350945	284845155	5.0
531021607	284845155	4.0
531024256	284845155	3.0
531024270	284845155	4.0
531028549	284845155	4.0
284635480	284845155	4.0
250034059	284845155	4.0
25163218	25163218	0
373112336	25163218	5.0
373112407	25163218	3.0
373112408	25163218	4.0
284864050	25163218	4.0
468529499	25163218	4.0
531021606	25163218	4.0
531021608	25163218	4.0
531021609	25163218	4.0
531021610	25163218	4.0
531024257	25163218	4.0
531024258	25163218	4.0
531024259	25163218	4.0
531024260	25163218	4.0
531024261	25163218	4.0
531024262	25163218	4.0
284861436	25163218	4.0
284864049	25163218	4.0
284864051	25163218	4.0
284864052	25163218	4.0
284864053	25163218	4.0
284450111	25163218	4.0
284447598	25163218	4.0
373112567	25163218	3.0
373350939	25163218	4.0
373350943	25163218	3.0
373350944	25163218	4.0
181203277	25163218	4.0
373350945	25163218	4.0
531021607	25163218	4.0
531024256	25163218	4.0
531024270	25163218	4.0
531028549	25163218	4.0
284635480	25163218	3.0
250034059	25163218	4.0
373112336	373112336	0
373112407	373112336	5.0
373112408	373112336	5.0
284864050	373112336	4.0
468529499	373112336	4.0
531021606	373112336	4.0
531021608	373112336	4.0
531021609	373112336	4.0
531021610	373112336	4.0
531024257	373112336	4.0
531024258	373112336	4.0
531024259	373112336	4.0
531024260	373112336	4.0
531024261	373112336	4.0
531024262	373112336	4.0
284861436	373112336	4.0
284864049	373112336	5.0
284864051	373112336	5.0
284864052	373112336	5.0
284864053	373112336	5.0
284450111	373112336	4.0
284447598	373112336	4.0
373112567	373112336	5.0
373350939	373112336	5.0
373350943	373112336	5.0
373350944	373112336	5.0
181203277	373112336	4.0
373350945	373112336	5.0
531021607	373112336	4.0
531024256	373112336	4.0
531024270	373112336	4.0
531028549	373112336	5.0
284635480	373112336	5.0
250034059	373112336	5.0
373112407	373112407	0
373112408	373112407	4.0
284864050	373112407	4.0
468529499	373112407	4.0
531021606	373112407	4.0
531021608	373112407	4.0
531021609	373112407	4.0
531021610	373112407	4.0
531024257	373112407	4.0
531024258	373112407	4.0
531024259	373112407	4.0
531024260	373112407	4.0
531024261	373112407	4.0
531024262	373112407	4.0
284861436	373112407	4.0
284864049	373112407	3.0
284864051	373112407	3.0
284864052	373112407	3.0
284864053	373112407	3.0
284450111	373112407	5.0
284447598	373112407	4.0
373112567	373112407	1.0
373350939	373112407	2.0
373350943	373112407	0.0
373350944	373112407	1.0
181203277	373112407	4.0
373350945	373112407	1.0
531021607	373112407	4.0
531024256	373112407	4.0
531024270	373112407	4.0
531028549	373112407	4.0
284635480	373112407	3.0
250034059	373112407	4.0
373112408	373112408	0
284864050	373112408	4.0
468529499	373112408	4.0
531021606	373112408	4.0
531021608	373112408	4.0
531021609	373112408	4.0
531021610	373112408	4.0
531024257	373112408	4.0
531024258	373112408	4.0
531024259	373112408	4.0
531024260	373112408	4.0
531024261	373112408	4.0
531024262	373112408	4.0
284861436	373112408	4.0
284864049	373112408	4.0
284864051	373112408	4.0
284864052	373112408	3.0
284864053	373112408	3.0
284450111	373112408	5.0
284447598	373112408	4.0
373112567	373112408	4.0
373350939	373112408	3.0
373350943	373112408	4.0
373350944	373112408	2.0
181203277	373112408	4.0
373350945	373112408	2.0
531021607	373112408	4.0
531024256	373112408	4.0
531024270	373112408	4.0
531028549	373112408	4.0
284635480	373112408	3.0
250034059	373112408	4.0
284864050	284864050	0
468529499	284864050	2.0
531021606	284864050	0.0
531021608	284864050	3.0
531021609	284864050	3.0
531021610	284864050	3.0
531024257	284864050	3.0
531024258	284864050	3.0
531024259	284864050	2.0
531024260	284864050	2.0
531024261	284864050	2.0
531024262	284864050	2.0
284861436	284864050	3.0
284864049	284864050	3.0
284864051	284864050	3.0
284864052	284864050	3.0
284864053	284864050	3.0
284450111	284864050	4.0
284447598	284864050	2.0
373112567	284864050	4.0
373350939	284864050	4.0
373350943	284864050	4.0
373350944	284864050	4.0
181203277	284864050	3.0
373350945	284864050	4.0
531021607	284864050	0.0
531024256	284864050	3.0
531024270	284864050	2.0
531028549	284864050	3.0
284635480	284864050	4.0
250034059	284864050	3.0
468529499	468529499	0
531021606	468529499	2.0
531021608	468529499	3.0
531021609	468529499	3.0
531021610	468529499	3.0
531024257	468529499	0.0
531024258	468529499	0.0
531024259	468529499	0.0
531024260	468529499	0.0
531024261	468529499	0.0
531024262	468529499	0.0
284861436	468529499	2.0
284864049	468529499	2.0
284864051	468529499	2.0
284864052	468529499	2.0
284864053	468529499	2.0
284450111	468529499	4.0
284447598	468529499	2.0
373112567	468529499	4.0
373350939	468529499	3.0
373350943	468529499	3.0
373350944	468529499	3.0
181203277	468529499	2.0
373350945	468529499	3.0
531021607	468529499	2.0
531024256	468529499	0.0
531024270	468529499	0.0
531028549	468529499	2.0
284635480	468529499	3.0
250034059	468529499	3.0
531021606	531021606	0
531021608	531021606	3.0
531021609	531021606	3.0
531021610	531021606	3.0
531024257	531021606	2.0
531024258	531021606	2.0
531024259	531021606	2.0
531024260	531021606	2.0
531024261	531021606	2.0
531024262	531021606	2.0
284861436	531021606	3.0
284864049	531021606	3.0
284864051	531021606	3.0
284864052	531021606	3.0
284864053	531021606	3.0
284450111	531021606	4.0
284447598	531021606	2.0
373112567	531021606	4.0
373350939	531021606	4.0
373350943	531021606	4.0
373350944	531021606	4.0
181203277	531021606	3.0
373350945	531021606	4.0
531021607	531021606	0.0
531024256	531021606	2.0
531024270	531021606	2.0
531028549	531021606	2.0
284635480	531021606	4.0
250034059	531021606	3.0
531021608	531021608	0
531021609	531021608	0.0
531021610	531021608	0.0
531024257	531021608	3.0
531024258	531021608	3.0
531024259	531021608	3.0
531024260	531021608	3.0
531024261	531021608	3.0
531024262	531021608	3.0
284861436	531021608	4.0
284864049	531021608	4.0
284864051	531021608	4.0
284864052	531021608	4.0
284864053	531021608	4.0
284450111	531021608	4.0
284447598	531021608	3.0
373112567	531021608	4.0
373350939	531021608	4.0
373350943	531021608	4.0
373350944	531021608	4.0
181203277	531021608	4.0
373350945	531021608	4.0
531021607	531021608	3.0
531024256	531021608	3.0
531024270	531021608	3.0
531028549	531021608	3.0
284635480	531021608	4.0
250034059	531021608	2.0
531021609	531021609	0
531021610	531021609	0.0
531024257	531021609	3.0
531024258	531021609	3.0
531024259	531021609	3.0
531024260	531021609	3.0
531024261	531021609	3.0
531024262	531021609	3.0
284861436	531021609	4.0
284864049	531021609	4.0
284864051	531021609	4.0
284864052	531021609	4.0
284864053	531021609	4.0
284450111	531021609	4.0
284447598	531021609	3.0
373112567	531021609	4.0
373350939	531021609	4.0
373350943	531021609	4.0
373350944	531021609	4.0
181203277	531021609	4.0
373350945	531021609	4.0
531021607	531021609	3.0
531024256	531021609	3.0
531024270	531021609	3.0
531028549	531021609	3.0
284635480	531021609	4.0
250034059	531021609	2.0
531021610	531021610	0
531024257	531021610	3.0
531024258	531021610	3.0
531024259	531021610	3.0
531024260	531021610	3.0
531024261	531021610	3.0
531024262	531021610	3.0
284861436	531021610	4.0
284864049	531021610	4.0
284864051	531021610	4.0
284864052	531021610	4.0
284864053	531021610	4.0
284450111	531021610	4.0
284447598	531021610	3.0
373112567	531021610	4.0
373350939	531021610	4.0
373350943	531021610	4.0
373350944	531021610	4.0
181203277	531021610	4.0
373350945	531021610	4.0
531021607	531021610	3.0
531024256	531021610	3.0
531024270	531021610	3.0
531028549	531021610	3.0
284635480	531021610	4.0
250034059	531021610	2.0
531024257	531024257	0
531024258	531024257	0.0
531024259	531024257	0.0
531024260	531024257	0.0
531024261	531024257	0.0
531024262	531024257	1.0
284861436	531024257	2.0
284864049	531024257	2.0
284864051	531024257	2.0
284864052	531024257	2.0
284864053	531024257	3.0
284450111	531024257	4.0
284447598	531024257	2.0
373112567	531024257	4.0
373350939	531024257	3.0
373350943	531024257	4.0
373350944	531024257	3.0
181203277	531024257	1.0
373350945	531024257	3.0
531021607	531024257	2.0
531024256	531024257	0.0
531024270	531024257	0.0
531028549	531024257	2.0
284635480	531024257	3.0
250034059	531024257	4.0
531024258	531024258	0
531024259	531024258	0.0
531024260	531024258	0.0
531024261	531024258	0.0
531024262	531024258	0.0
284861436	531024258	2.0
284864049	531024258	2.0
284864051	531024258	2.0
284864052	531024258	2.0
284864053	531024258	2.0
284450111	531024258	4.0
284447598	531024258	2.0
373112567	531024258	4.0
373350939	531024258	3.0
373350943	531024258	3.0
373350944	531024258	3.0
181203277	531024258	1.0
373350945	531024258	3.0
531021607	531024258	2.0
531024256	531024258	0.0
531024270	531024258	0.0
531028549	531024258	2.0
284635480	531024258	3.0
250034059	531024258	3.0
531024259	531024259	0
531024260	531024259	0.0
531024261	531024259	0.0
531024262	531024259	0.0
284861436	531024259	2.0
284864049	531024259	2.0
284864051	531024259	2.0
284864052	531024259	2.0
284864053	531024259	3.0
284450111	531024259	4.0
284447598	531024259	2.0
373112567	531024259	4.0
373350939	531024259	3.0
373350943	531024259	4.0
373350944	531024259	3.0
181203277	531024259	2.0
373350945	531024259	3.0
531021607	531024259	3.0
531024256	531024259	0.0
531024270	531024259	0.0
531028549	531024259	2.0
284635480	531024259	3.0
250034059	531024259	3.0
531024260	531024260	0
531024261	531024260	0.0
531024262	531024260	0.0
284861436	531024260	2.0
284864049	531024260	2.0
284864051	531024260	2.0
284864052	531024260	2.0
284864053	531024260	3.0
284450111	531024260	4.0
284447598	531024260	2.0
373112567	531024260	4.0
373350939	531024260	3.0
373350943	531024260	4.0
373350944	531024260	3.0
181203277	531024260	2.0
373350945	531024260	3.0
531021607	531024260	3.0
531024256	531024260	0.0
531024270	531024260	0.0
531028549	531024260	2.0
284635480	531024260	3.0
250034059	531024260	3.0
531024261	531024261	0
531024262	531024261	0.0
284861436	531024261	2.0
284864049	531024261	2.0
284864051	531024261	2.0
284864052	531024261	2.0
284864053	531024261	3.0
284450111	531024261	4.0
284447598	531024261	2.0
373112567	531024261	4.0
373350939	531024261	3.0
373350943	531024261	4.0
373350944	531024261	3.0
181203277	531024261	2.0
373350945	531024261	3.0
531021607	531024261	2.0
531024256	531024261	1.0
531024270	531024261	0.0
531028549	531024261	2.0
284635480	531024261	3.0
250034059	531024261	3.0
531024262	531024262	0
284861436	531024262	2.0
284864049	531024262	3.0
284864051	531024262	3.0
284864052	531024262	3.0
284864053	531024262	3.0
284450111	531024262	4.0
284447598	531024262	2.0
373112567	531024262	4.0
373350939	531024262	3.0
373350943	531024262	4.0
373350944	531024262	3.0
181203277	531024262	2.0
373350945	531024262	3.0
531021607	531024262	2.0
531024256	531024262	1.0
531024270	531024262	1.0
531028549	531024262	2.0
284635480	531024262	3.0
250034059	531024262	3.0
284861436	284861436	0
284864049	284861436	2.0
284864051	284861436	3.0
284864052	284861436	3.0
284864053	284861436	3.0
284450111	284861436	4.0
284447598	284861436	3.0
373112567	284861436	4.0
373350939	284861436	3.0
373350943	284861436	3.0
373350944	284861436	3.0
181203277	284861436	1.0
373350945	284861436	3.0
531021607	284861436	3.0
531024256	284861436	2.0
531024270	284861436	2.0
531028549	284861436	3.0
284635480	284861436	3.0
250034059	284861436	4.0
284864049	284864049	0
284864051	284864049	0.0
284864052	284864049	0.0
284864053	284864049	0.0
284450111	284864049	4.0
284447598	284864049	3.0
373112567	284864049	4.0
373350939	284864049	3.0
373350943	284864049	3.0
373350944	284864049	3.0
181203277	284864049	3.0
373350945	284864049	3.0
531021607	284864049	3.0
531024256	284864049	3.0
531024270	284864049	2.0
531028549	284864049	2.0
284635480	284864049	3.0
250034059	284864049	4.0
284864051	284864051	0
284864052	284864051	0.0
284864053	284864051	0.0
284450111	284864051	4.0
284447598	284864051	3.0
373112567	284864051	4.0
373350939	284864051	3.0
373350943	284864051	3.0
373350944	284864051	3.0
181203277	284864051	3.0
373350945	284864051	3.0
531021607	284864051	3.0
531024256	284864051	3.0
531024270	284864051	2.0
531028549	284864051	2.0
284635480	284864051	3.0
250034059	284864051	4.0
284864052	284864052	0
284864053	284864052	0.0
284450111	284864052	4.0
284447598	284864052	3.0
373112567	284864052	3.0
373350939	284864052	3.0
373350943	284864052	3.0
373350944	284864052	3.0
181203277	284864052	3.0
373350945	284864052	3.0
531021607	284864052	3.0
531024256	284864052	3.0
531024270	284864052	2.0
531028549	284864052	2.0
284635480	284864052	3.0
250034059	284864052	4.0
284864053	284864053	0
284450111	284864053	4.0
284447598	284864053	3.0
373112567	284864053	3.0
373350939	284864053	3.0
373350943	284864053	3.0
373350944	284864053	3.0
181203277	284864053	3.0
373350945	284864053	3.0
531021607	284864053	3.0
531024256	284864053	3.0
531024270	284864053	2.0
531028549	284864053	2.0
284635480	284864053	3.0
250034059	284864053	4.0
284450111	284450111	0
284447598	284450111	3.0
373112567	284450111	4.0
373350939	284450111	5.0
373350943	284450111	5.0
373350944	284450111	5.0
181203277	284450111	4.0
373350945	284450111	5.0
531021607	284450111	4.0
531024256	284450111	4.0
531024270	284450111	4.0
531028549	284450111	4.0
284635480	284450111	4.0
250034059	284450111	4.0
284447598	284447598	0
373112567	284447598	4.0
373350939	284447598	4.0
373350943	284447598	4.0
373350944	284447598	4.0
181203277	284447598	3.0
373350945	284447598	4.0
531021607	284447598	2.0
531024256	284447598	3.0
531024270	284447598	2.0
531028549	284447598	3.0
284635480	284447598	4.0
250034059	284447598	3.0
373112567	373112567	0
373350939	373112567	3.0
373350943	373112567	1.0
373350944	373112567	2.0
181203277	373112567	4.0
373350945	373112567	2.0
531021607	373112567	4.0
531024256	373112567	4.0
531024270	373112567	4.0
531028549	373112567	4.0
284635480	373112567	3.0
250034059	373112567	4.0
373350939	373350939	0
373350943	373350939	2.0
373350944	373350939	2.0
181203277	373350939	3.0
373350945	373350939	2.0
531021607	373350939	4.0
531024256	373350939	3.0
531024270	373350939	3.0
531028549	373350939	3.0
284635480	373350939	2.0
250034059	373350939	4.0
373350943	373350943	0
373350944	373350943	0.0
181203277	373350943	3.0
373350945	373350943	0.0
531021607	373350943	4.0
531024256	373350943	4.0
531024270	373350943	3.0
531028549	373350943	3.0
284635480	373350943	3.0
250034059	373350943	4.0
373350944	373350944	0
181203277	373350944	3.0
373350945	373350944	0.0
531021607	373350944	4.0
531024256	373350944	3.0
531024270	373350944	3.0
531028549	373350944	3.0
284635480	373350944	3.0
250034059	373350944	4.0
181203277	181203277	0
373350945	181203277	3.0
531021607	181203277	3.0
531024256	181203277	2.0
531024270	181203277	2.0
531028549	181203277	3.0
284635480	181203277	3.0
250034059	181203277	4.0
373350945	373350945	0
531021607	373350945	4.0
531024256	373350945	3.0
531024270	373350945	3.0
531028549	373350945	3.0
284635480	373350945	2.0
250034059	373350945	4.0
531021607	531021607	0
531024256	531021607	3.0
531024270	531021607	2.0
531028549	531021607	3.0
284635480	531021607	4.0
250034059	531021607	3.0
531024256	531024256	0
531024270	531024256	1.0
531028549	531024256	2.0
284635480	531024256	3.0
250034059	531024256	4.0
531024270	531024270	0
531028549	531024270	2.0
284635480	531024270	3.0
250034059	531024270	3.0
531028549	531028549	0
284635480	531028549	3.0
250034059	531028549	4.0
284635480	284635480	0
250034059	284635480	4.0
250034059	250034059	0
