241819856	[-93,60.0,33.0]	40.626492614285716	-74.17789627142858	0.17221989824344652	0.05906903358796693	0.4328974631121236	2.0175772761297547e-05	0.643010752688172	0.3759550939821332
285980024	[-77,-14.0,91.0]	40.62220664	-74.16481478	0.17221989824344652	0.05906903358796693	0.4328974631121236	2.0175772761297547e-05	0.643010752688172	0.3759550939821332
185021230	[-10,-55.0,65.0]	40.63169797058824	-74.15740488823529	0.17221989824344652	0.05906903358796693	0.4328974631121236	2.0175772761297547e-05	0.643010752688172	0.3759550939821332
35579236	[5,-38.0,33.0]	40.63648346	-74.1604844	0.17221989824344652	0.05906903358796693	0.4328974631121236	2.0175772761297547e-05	0.643010752688172	0.3759550939821332
147976476	[5,-91.0,86.0]	40.63119208333333	-74.15107328333333	0.17221989824344652	0.05906903358796693	0.4328974631121236	2.0175772761297547e-05	0.643010752688172	0.3759550939821332
147976489	[4,-93.0,89.0]	40.63061678571429	-74.1506265	0.17221989824344652	0.05906903358796693	0.4328974631121236	2.0175772761297547e-05	0.643010752688172	0.3759550939821332
147976535	[7,-94.0,87.0]	40.6311540125	-74.15044511250001	0.17221989824344652	0.05906903358796693	0.4328974631121236	2.0175772761297547e-05	0.643010752688172	0.3759550939821332
147976595	[-1,-92.0,93.0]	40.62979842	-74.15087726	0.17221989824344652	0.05906903358796693	0.4328974631121236	2.0175772761297547e-05	0.643010752688172	0.3759550939821332
147976602	[-5,-91.0,96.0]	40.62901734	-74.15111038	0.17221989824344652	0.05906903358796693	0.4328974631121236	2.0175772761297547e-05	0.643010752688172	0.3759550939821332
247302269	[-10,-57.0,67.0]	40.63155415833333	-74.15707939999999	0.17221989824344652	0.05906903358796693	0.4328974631121236	2.0175772761297547e-05	0.643010752688172	0.3759550939821332
247463140	[-24,-94.0,118.0]	40.62486344285714	-74.1504947	0.17221989824344652	0.05906903358796693	0.4328974631121236	2.0175772761297547e-05	0.643010752688172	0.3759550939821332
241810959	[-57,95.0,-38.0]	40.637447724999994	-74.18401836666666	0.17221989824344652	0.05906903358796693	0.4328974631121236	2.0175772761297547e-05	0.643010752688172	0.3759550939821332
34158045	[-92,32.0,60.0]	40.623851992307685	-74.17287711282054	0.17221989824344652	0.05906903358796693	0.4328974631121236	2.0175772761297547e-05	0.643010752688172	0.3759550939821332
35579585	[-79,38.0,41.0]	40.62704908	-74.17401016	0.17221989824344652	0.05906903358796693	0.4328974631121236	2.0175772761297547e-05	0.643010752688172	0.3759550939821332
38029042	[-94,55.0,39.0]	40.6258256	-74.17695464285715	0.17221989824344652	0.05906903358796693	0.4328974631121236	2.0175772761297547e-05	0.643010752688172	0.3759550939821332
241819963	[-77,29.0,48.0]	40.62665261666666	-74.17233457499998	0.17221989824344652	0.05906903358796693	0.4328974631121236	2.0175772761297547e-05	0.643010752688172	0.3759550939821332
241819964	[-68,29.0,39.0]	40.628410928571434	-74.17226064285714	0.17221989824344652	0.05906903358796693	0.4328974631121236	2.0175772761297547e-05	0.643010752688172	0.3759550939821332
33971686	[-30,45.0,-15.0]	40.637852040000006	-74.175075485	0.17221989824344652	0.05906903358796693	0.4328974631121236	2.0175772761297547e-05	0.643010752688172	0.3759550939821332
241796737	[-9,21.0,-12.0]	40.63961408	-74.17090068	0.17221989824344652	0.05906903358796693	0.4328974631121236	2.0175772761297547e-05	0.643010752688172	0.3759550939821332
241796738	[-12,15.0,-3.0]	40.638502485714284	-74.16980809999998	0.17221989824344652	0.05906903358796693	0.4328974631121236	2.0175772761297547e-05	0.643010752688172	0.3759550939821332
241796739	[-4,15.0,-11.0]	40.640087328571425	-74.16989392857143	0.17221989824344652	0.05906903358796693	0.4328974631121236	2.0175772761297547e-05	0.643010752688172	0.3759550939821332
35275860	[-34,-15.0,49.0]	40.63096393333333	-74.16454713333333	0.17221989824344652	0.05906903358796693	0.4328974631121236	2.0175772761297547e-05	0.643010752688172	0.3759550939821332
241819965	[-47,-20.0,67.0]	40.627713119999996	-74.16369274000002	0.17221989824344652	0.05906903358796693	0.4328974631121236	2.0175772761297547e-05	0.643010752688172	0.3759550939821332
285978121	[-40,-55.0,95.0]	40.625496086666665	-74.15737806	0.17221989824344652	0.05906903358796693	0.4328974631121236	2.0175772761297547e-05	0.643010752688172	0.3759550939821332
383664812	[-33,-75.0,108.0]	40.62503265833334	-74.15387205	0.17221989824344652	0.05906903358796693	0.4328974631121236	2.0175772761297547e-05	0.643010752688172	0.3759550939821332
383663645	[-33,-89.0,122.0]	40.623510956249994	-74.15139690000001	0.17221989824344652	0.05906903358796693	0.4328974631121236	2.0175772761297547e-05	0.643010752688172	0.3759550939821332
241790268	[-21,-3.0,24.0]	40.63472541	-74.16659903	0.17221989824344652	0.05906903358796693	0.4328974631121236	2.0175772761297547e-05	0.643010752688172	0.3759550939821332
241810541	[-62,98.0,-36.0]	40.63679747272727	-74.18468863636365	0.17221989824344652	0.05906903358796693	0.4328974631121236	2.0175772761297547e-05	0.643010752688172	0.3759550939821332
241810620	[-64,103.0,-39.0]	40.6368494	-74.18552104	0.17221989824344652	0.05906903358796693	0.4328974631121236	2.0175772761297547e-05	0.643010752688172	0.3759550939821332
241810638	[-60,100.0,-40.0]	40.63739488	-74.18503058	0.17221989824344652	0.05906903358796693	0.4328974631121236	2.0175772761297547e-05	0.643010752688172	0.3759550939821332
241810661	[-74,108.0,-34.0]	40.6352979	-74.18648350000001	0.17221989824344652	0.05906903358796693	0.4328974631121236	2.0175772761297547e-05	0.643010752688172	0.3759550939821332
241810743	[-62,97.0,-35.0]	40.6366991	-74.18446845999999	0.17221989824344652	0.05906903358796693	0.4328974631121236	2.0175772761297547e-05	0.643010752688172	0.3759550939821332
241810747	[-61,103.0,-42.0]	40.637402279999996	-74.1855797	0.17221989824344652	0.05906903358796693	0.4328974631121236	2.0175772761297547e-05	0.643010752688172	0.3759550939821332
241810786	[-70,96.0,-26.0]	40.63493508	-74.1843466	0.17221989824344652	0.05906903358796693	0.4328974631121236	2.0175772761297547e-05	0.643010752688172	0.3759550939821332
241810791	[-67,99.0,-32.0]	40.635896779999996	-74.1848213	0.17221989824344652	0.05906903358796693	0.4328974631121236	2.0175772761297547e-05	0.643010752688172	0.3759550939821332
241810828	[-60,68.0,-8.0]	40.634077062500005	-74.17921273750001	0.17221989824344652	0.05906903358796693	0.4328974631121236	2.0175772761297547e-05	0.643010752688172	0.3759550939821332
241787784	[-13,-22.0,35.0]	40.634563625	-74.16331617499999	0.17221989824344652	0.05906903358796693	0.4328974631121236	2.0175772761297547e-05	0.643010752688172	0.3759550939821332
241787791	[-14,-17.0,31.0]	40.63468521538461	-74.16423031538463	0.17221989824344652	0.05906903358796693	0.4328974631121236	2.0175772761297547e-05	0.643010752688172	0.3759550939821332
241787810	[-13,-20.0,33.0]	40.63470516666666	-74.16375478333333	0.17221989824344652	0.05906903358796693	0.4328974631121236	2.0175772761297547e-05	0.643010752688172	0.3759550939821332
241787917	[-11,-28.0,39.0]	40.6342759	-74.16222861666667	0.17221989824344652	0.05906903358796693	0.4328974631121236	2.0175772761297547e-05	0.643010752688172	0.3759550939821332
241787993	[-9,-26.0,35.0]	40.634885800000006	-74.16263723333333	0.17221989824344652	0.05906903358796693	0.4328974631121236	2.0175772761297547e-05	0.643010752688172	0.3759550939821332
241788006	[-12,-23.0,35.0]	40.63455216999999	-74.16312442	0.17221989824344652	0.05906903358796693	0.4328974631121236	2.0175772761297547e-05	0.643010752688172	0.3759550939821332
241790248	[10,-38.0,28.0]	40.63755969230769	-74.16058721538461	0.17221989824344652	0.05906903358796693	0.4328974631121236	2.0175772761297547e-05	0.643010752688172	0.3759550939821332
241790260	[12,-36.0,24.0]	40.63816356666666	-74.1608205	0.17221989824344652	0.05906903358796693	0.4328974631121236	2.0175772761297547e-05	0.643010752688172	0.3759550939821332
241790519	[10,-38.0,28.0]	40.63757418	-74.16035686000001	0.17221989824344652	0.05906903358796693	0.4328974631121236	2.0175772761297547e-05	0.643010752688172	0.3759550939821332
241790527	[11,-38.0,27.0]	40.637772940000005	-74.16052477999999	0.17221989824344652	0.05906903358796693	0.4328974631121236	2.0175772761297547e-05	0.643010752688172	0.3759550939821332
241790775	[10,-34.0,24.0]	40.63797515555555	-74.16118448888889	0.17221989824344652	0.05906903358796693	0.4328974631121236	2.0175772761297547e-05	0.643010752688172	0.3759550939821332
241819890	[-51,-26.0,77.0]	40.62631011111111	-74.16259615555553	0.17221989824344652	0.05906903358796693	0.4328974631121236	2.0175772761297547e-05	0.643010752688172	0.3759550939821332
245575451	[0,-41.0,41.0]	40.6352432	-74.15995548571428	0.17221989824344652	0.05906903358796693	0.4328974631121236	2.0175772761297547e-05	0.643010752688172	0.3759550939821332
247310206	[-28,-82.0,110.0]	40.62524262352942	-74.15267435	0.17221989824344652	0.05906903358796693	0.4328974631121236	2.0175772761297547e-05	0.643010752688172	0.3759550939821332
245573267	[70,-136.0,66.0]	40.639863968421054	-74.13942337368421	0.17221989824344652	0.05906903358796693	0.4328974631121236	2.0175772761297547e-05	0.643010752688172	0.3759550939821332
245573268	[71,-136.0,65.0]	40.63996324	-74.14085076	0.17221989824344652	0.05906903358796693	0.4328974631121236	2.0175772761297547e-05	0.643010752688172	0.3759550939821332
245573316	[69,-136.0,67.0]	40.63968606	-74.14115385999999	0.17221989824344652	0.05906903358796693	0.4328974631121236	2.0175772761297547e-05	0.643010752688172	0.3759550939821332
245573335	[69,-136.0,67.0]	40.6396055	-74.14135396000002	0.17221989824344652	0.05906903358796693	0.4328974631121236	2.0175772761297547e-05	0.643010752688172	0.3759550939821332
245573370	[69,-136.0,67.0]	40.63962086	-74.14143882	0.17221989824344652	0.05906903358796693	0.4328974631121236	2.0175772761297547e-05	0.643010752688172	0.3759550939821332
245574472	[31,-106.0,75.0]	40.63488826	-74.1484237	0.17221989824344652	0.05906903358796693	0.4328974631121236	2.0175772761297547e-05	0.643010752688172	0.3759550939821332
245574497	[41,-102.0,61.0]	40.63738758	-74.14911839999999	0.17221989824344652	0.05906903358796693	0.4328974631121236	2.0175772761297547e-05	0.643010752688172	0.3759550939821332
245574514	[56,-116.0,60.0]	40.63891285999999	-74.14656674	0.17221989824344652	0.05906903358796693	0.4328974631121236	2.0175772761297547e-05	0.643010752688172	0.3759550939821332
245574574	[39,-92.0,53.0]	40.6379534	-74.15083761999999	0.17221989824344652	0.05906903358796693	0.4328974631121236	2.0175772761297547e-05	0.643010752688172	0.3759550939821332
245574611	[32,-106.0,74.0]	40.63509066666666	-74.14839601666667	0.17221989824344652	0.05906903358796693	0.4328974631121236	2.0175772761297547e-05	0.643010752688172	0.3759550939821332
245574657	[32,-108.0,76.0]	40.634819275	-74.1480353125	0.17221989824344652	0.05906903358796693	0.4328974631121236	2.0175772761297547e-05	0.643010752688172	0.3759550939821332
241819856	241819856	0
285980024	241819856	3.0
185021230	241819856	4.0
35579236	241819856	4.0
147976476	241819856	4.0
147976489	241819856	4.0
147976535	241819856	4.0
147976595	241819856	4.0
147976602	241819856	4.0
247302269	241819856	4.0
247463140	241819856	4.0
241810959	241819856	4.0
34158045	241819856	2.0
35579585	241819856	1.0
38029042	241819856	0.0
241819963	241819856	2.0
241819964	241819856	2.0
33971686	241819856	4.0
241796737	241819856	4.0
241796738	241819856	4.0
241796739	241819856	4.0
35275860	241819856	3.0
241819965	241819856	3.0
285978121	241819856	4.0
383664812	241819856	4.0
383663645	241819856	4.0
241790268	241819856	4.0
241810541	241819856	4.0
241810620	241819856	4.0
241810638	241819856	4.0
241810661	241819856	4.0
241810743	241819856	4.0
241810747	241819856	4.0
241810786	241819856	3.0
241810791	241819856	4.0
241810828	241819856	3.0
241787784	241819856	4.0
241787791	241819856	4.0
241787810	241819856	4.0
241787917	241819856	5.0
241787993	241819856	4.0
241788006	241819856	4.0
241790248	241819856	4.0
241790260	241819856	4.0
241790519	241819856	4.0
241790527	241819856	4.0
241790775	241819856	4.0
241819890	241819856	3.0
245575451	241819856	4.0
247310206	241819856	4.0
245573267	241819856	5.0
245573268	241819856	5.0
245573316	241819856	5.0
245573335	241819856	5.0
245573370	241819856	5.0
245574472	241819856	5.0
245574497	241819856	5.0
245574514	241819856	5.0
245574574	241819856	5.0
245574611	241819856	5.0
245574657	241819856	5.0
285980024	285980024	0
185021230	285980024	4.0
35579236	285980024	4.0
147976476	285980024	4.0
147976489	285980024	4.0
147976535	285980024	4.0
147976595	285980024	4.0
147976602	285980024	4.0
247302269	285980024	4.0
247463140	285980024	4.0
241810959	285980024	4.0
34158045	285980024	2.0
35579585	285980024	3.0
38029042	285980024	3.0
241819963	285980024	3.0
241819964	285980024	3.0
33971686	285980024	4.0
241796737	285980024	4.0
241796738	285980024	4.0
241796739	285980024	4.0
35275860	285980024	3.0
241819965	285980024	3.0
285978121	285980024	3.0
383664812	285980024	4.0
383663645	285980024	4.0
241790268	285980024	3.0
241810541	285980024	4.0
241810620	285980024	4.0
241810638	285980024	4.0
241810661	285980024	4.0
241810743	285980024	5.0
241810747	285980024	5.0
241810786	285980024	4.0
241810791	285980024	4.0
241810828	285980024	4.0
241787784	285980024	4.0
241787791	285980024	4.0
241787810	285980024	4.0
241787917	285980024	4.0
241787993	285980024	4.0
241788006	285980024	4.0
241790248	285980024	4.0
241790260	285980024	4.0
241790519	285980024	4.0
241790527	285980024	4.0
241790775	285980024	4.0
241819890	285980024	3.0
245575451	285980024	4.0
247310206	285980024	4.0
245573267	285980024	5.0
245573268	285980024	5.0
245573316	285980024	5.0
245573335	285980024	5.0
245573370	285980024	5.0
245574472	285980024	5.0
245574497	285980024	5.0
245574514	285980024	5.0
245574574	285980024	5.0
245574611	285980024	5.0
245574657	285980024	5.0
185021230	185021230	0
35579236	185021230	2.0
147976476	185021230	3.0
147976489	185021230	3.0
147976535	185021230	3.0
147976595	185021230	3.0
147976602	185021230	3.0
247302269	185021230	1.0
247463140	185021230	3.0
241810959	185021230	5.0
34158045	185021230	4.0
35579585	185021230	4.0
38029042	185021230	4.0
241819963	185021230	4.0
241819964	185021230	4.0
33971686	185021230	4.0
241796737	185021230	4.0
241796738	185021230	4.0
241796739	185021230	4.0
35275860	185021230	2.0
241819965	185021230	3.0
285978121	185021230	3.0
383664812	185021230	3.0
383663645	185021230	3.0
241790268	185021230	3.0
241810541	185021230	5.0
241810620	185021230	5.0
241810638	185021230	5.0
241810661	185021230	5.0
241810743	185021230	5.0
241810747	185021230	5.0
241810786	185021230	5.0
241810791	185021230	5.0
241810828	185021230	5.0
241787784	185021230	3.0
241787791	185021230	3.0
241787810	185021230	3.0
241787917	185021230	3.0
241787993	185021230	3.0
241788006	185021230	3.0
241790248	185021230	3.0
241790260	185021230	3.0
241790519	185021230	3.0
241790527	185021230	3.0
241790775	185021230	3.0
241819890	185021230	3.0
245575451	185021230	2.0
247310206	185021230	3.0
245573267	185021230	4.0
245573268	185021230	4.0
245573316	185021230	4.0
245573335	185021230	4.0
245573370	185021230	4.0
245574472	185021230	4.0
245574497	185021230	3.0
245574514	185021230	4.0
245574574	185021230	3.0
245574611	185021230	4.0
245574657	185021230	4.0
35579236	35579236	0
147976476	35579236	3.0
147976489	35579236	4.0
147976535	35579236	3.0
147976595	35579236	4.0
147976602	35579236	4.0
247302269	35579236	3.0
247463140	35579236	4.0
241810959	35579236	4.0
34158045	35579236	5.0
35579585	35579236	4.0
38029042	35579236	4.0
241819963	35579236	4.0
241819964	35579236	4.0
33971686	35579236	3.0
241796737	35579236	3.0
241796738	35579236	3.0
241796739	35579236	3.0
35275860	35579236	3.0
241819965	35579236	3.0
285978121	35579236	3.0
383664812	35579236	4.0
383663645	35579236	4.0
241790268	35579236	3.0
241810541	35579236	5.0
241810620	35579236	5.0
241810638	35579236	5.0
241810661	35579236	5.0
241810743	35579236	4.0
241810747	35579236	5.0
241810786	35579236	5.0
241810791	35579236	5.0
241810828	35579236	4.0
241787784	35579236	2.0
241787791	35579236	2.0
241787810	35579236	2.0
241787917	35579236	2.0
241787993	35579236	2.0
241788006	35579236	2.0
241790248	35579236	0.0
241790260	35579236	0.0
241790519	35579236	0.0
241790527	35579236	0.0
241790775	35579236	0.0
241819890	35579236	3.0
245575451	35579236	0.0
247310206	35579236	4.0
245573267	35579236	4.0
245573268	35579236	4.0
245573316	35579236	4.0
245573335	35579236	4.0
245573370	35579236	4.0
245574472	35579236	3.0
245574497	35579236	3.0
245574514	35579236	3.0
245574574	35579236	3.0
245574611	35579236	3.0
245574657	35579236	3.0
147976476	147976476	0
147976489	147976476	1.0
147976535	147976476	0.0
147976595	147976476	0.0
147976602	147976476	1.0
247302269	147976476	2.0
247463140	147976476	3.0
241810959	147976476	5.0
34158045	147976476	4.0
35579585	147976476	4.0
38029042	147976476	4.0
241819963	147976476	4.0
241819964	147976476	4.0
33971686	147976476	4.0
241796737	147976476	4.0
241796738	147976476	4.0
241796739	147976476	4.0
35275860	147976476	4.0
241819965	147976476	4.0
285978121	147976476	3.0
383664812	147976476	2.0
383663645	147976476	3.0
241790268	147976476	4.0
241810541	147976476	5.0
241810620	147976476	5.0
241810638	147976476	5.0
241810661	147976476	5.0
241810743	147976476	5.0
241810747	147976476	5.0
241810786	147976476	5.0
241810791	147976476	5.0
241810828	147976476	5.0
241787784	147976476	4.0
241787791	147976476	4.0
241787810	147976476	4.0
241787917	147976476	4.0
241787993	147976476	4.0
241788006	147976476	4.0
241790248	147976476	3.0
241790260	147976476	4.0
241790519	147976476	3.0
241790527	147976476	3.0
241790775	147976476	4.0
241819890	147976476	3.0
245575451	147976476	4.0
247310206	147976476	2.0
245573267	147976476	4.0
245573268	147976476	3.0
245573316	147976476	3.0
245573335	147976476	3.0
245573370	147976476	3.0
245574472	147976476	3.0
245574497	147976476	2.0
245574514	147976476	3.0
245574574	147976476	2.0
245574611	147976476	3.0
245574657	147976476	2.0
147976489	147976489	0
147976535	147976489	0.0
147976595	147976489	2.0
147976602	147976489	2.0
247302269	147976489	3.0
247463140	147976489	3.0
241810959	147976489	5.0
34158045	147976489	5.0
35579585	147976489	4.0
38029042	147976489	4.0
241819963	147976489	4.0
241819964	147976489	4.0
33971686	147976489	4.0
241796737	147976489	4.0
241796738	147976489	4.0
241796739	147976489	4.0
35275860	147976489	4.0
241819965	147976489	4.0
285978121	147976489	3.0
383664812	147976489	3.0
383663645	147976489	3.0
241790268	147976489	4.0
241810541	147976489	5.0
241810620	147976489	5.0
241810638	147976489	5.0
241810661	147976489	5.0
241810743	147976489	5.0
241810747	147976489	5.0
241810786	147976489	5.0
241810791	147976489	5.0
241810828	147976489	5.0
241787784	147976489	4.0
241787791	147976489	4.0
241787810	147976489	4.0
241787917	147976489	4.0
241787993	147976489	4.0
241788006	147976489	4.0
241790248	147976489	4.0
241790260	147976489	4.0
241790519	147976489	4.0
241790527	147976489	4.0
241790775	147976489	4.0
241819890	147976489	4.0
245575451	147976489	4.0
247310206	147976489	3.0
245573267	147976489	4.0
245573268	147976489	3.0
245573316	147976489	3.0
245573335	147976489	3.0
245573370	147976489	3.0
245574472	147976489	3.0
245574497	147976489	3.0
245574514	147976489	3.0
245574574	147976489	3.0
245574611	147976489	3.0
245574657	147976489	2.0
147976535	147976535	0
147976595	147976535	1.0
147976602	147976535	1.0
247302269	147976535	2.0
247463140	147976535	3.0
241810959	147976535	5.0
34158045	147976535	4.0
35579585	147976535	4.0
38029042	147976535	4.0
241819963	147976535	4.0
241819964	147976535	4.0
33971686	147976535	4.0
241796737	147976535	4.0
241796738	147976535	4.0
241796739	147976535	4.0
35275860	147976535	4.0
241819965	147976535	4.0
285978121	147976535	3.0
383664812	147976535	3.0
383663645	147976535	3.0
241790268	147976535	4.0
241810541	147976535	5.0
241810620	147976535	5.0
241810638	147976535	5.0
241810661	147976535	5.0
241810743	147976535	5.0
241810747	147976535	5.0
241810786	147976535	5.0
241810791	147976535	5.0
241810828	147976535	5.0
241787784	147976535	4.0
241787791	147976535	4.0
241787810	147976535	4.0
241787917	147976535	4.0
241787993	147976535	4.0
241788006	147976535	4.0
241790248	147976535	3.0
241790260	147976535	4.0
241790519	147976535	3.0
241790527	147976535	3.0
241790775	147976535	4.0
241819890	147976535	4.0
245575451	147976535	4.0
247310206	147976535	3.0
245573267	147976535	3.0
245573268	147976535	3.0
245573316	147976535	3.0
245573335	147976535	3.0
245573370	147976535	3.0
245574472	147976535	3.0
245574497	147976535	2.0
245574514	147976535	3.0
245574574	147976535	2.0
245574611	147976535	2.0
245574657	147976535	2.0
147976595	147976595	0
147976602	147976595	0.0
247302269	147976595	2.0
247463140	147976595	2.0
241810959	147976595	5.0
34158045	147976595	4.0
35579585	147976595	4.0
38029042	147976595	4.0
241819963	147976595	4.0
241819964	147976595	4.0
33971686	147976595	4.0
241796737	147976595	4.0
241796738	147976595	4.0
241796739	147976595	4.0
35275860	147976595	4.0
241819965	147976595	3.0
285978121	147976595	3.0
383664812	147976595	2.0
383663645	147976595	3.0
241790268	147976595	4.0
241810541	147976595	5.0
241810620	147976595	5.0
241810638	147976595	5.0
241810661	147976595	5.0
241810743	147976595	5.0
241810747	147976595	5.0
241810786	147976595	5.0
241810791	147976595	5.0
241810828	147976595	5.0
241787784	147976595	4.0
241787791	147976595	4.0
241787810	147976595	4.0
241787917	147976595	4.0
241787993	147976595	4.0
241788006	147976595	4.0
241790248	147976595	4.0
241790260	147976595	4.0
241790519	147976595	4.0
241790527	147976595	4.0
241790775	147976595	4.0
241819890	147976595	3.0
245575451	147976595	4.0
247310206	147976595	2.0
245573267	147976595	4.0
245573268	147976595	4.0
245573316	147976595	4.0
245573335	147976595	4.0
245573370	147976595	4.0
245574472	147976595	3.0
245574497	147976595	3.0
245574514	147976595	3.0
245574574	147976595	3.0
245574611	147976595	3.0
245574657	147976595	2.0
147976602	147976602	0
247302269	147976602	3.0
247463140	147976602	2.0
241810959	147976602	5.0
34158045	147976602	4.0
35579585	147976602	4.0
38029042	147976602	4.0
241819963	147976602	4.0
241819964	147976602	4.0
33971686	147976602	4.0
241796737	147976602	4.0
241796738	147976602	4.0
241796739	147976602	4.0
35275860	147976602	4.0
241819965	147976602	3.0
285978121	147976602	3.0
383664812	147976602	2.0
383663645	147976602	2.0
241790268	147976602	4.0
241810541	147976602	5.0
241810620	147976602	5.0
241810638	147976602	5.0
241810661	147976602	5.0
241810743	147976602	5.0
241810747	147976602	5.0
241810786	147976602	5.0
241810791	147976602	5.0
241810828	147976602	5.0
241787784	147976602	4.0
241787791	147976602	4.0
241787810	147976602	4.0
241787917	147976602	4.0
241787993	147976602	4.0
241788006	147976602	4.0
241790248	147976602	4.0
241790260	147976602	4.0
241790519	147976602	4.0
241790527	147976602	4.0
241790775	147976602	4.0
241819890	147976602	3.0
245575451	147976602	4.0
247310206	147976602	2.0
245573267	147976602	4.0
245573268	147976602	4.0
245573316	147976602	4.0
245573335	147976602	4.0
245573370	147976602	4.0
245574472	147976602	3.0
245574497	147976602	3.0
245574514	147976602	3.0
245574574	147976602	3.0
245574611	147976602	3.0
245574657	147976602	3.0
247302269	247302269	0
247463140	247302269	3.0
241810959	247302269	5.0
34158045	247302269	4.0
35579585	247302269	4.0
38029042	247302269	4.0
241819963	247302269	4.0
241819964	247302269	4.0
33971686	247302269	4.0
241796737	247302269	4.0
241796738	247302269	4.0
241796739	247302269	4.0
35275860	247302269	3.0
241819965	247302269	3.0
285978121	247302269	3.0
383664812	247302269	3.0
383663645	247302269	3.0
241790268	247302269	3.0
241810541	247302269	5.0
241810620	247302269	5.0
241810638	247302269	5.0
241810661	247302269	5.0
241810743	247302269	5.0
241810747	247302269	5.0
241810786	247302269	5.0
241810791	247302269	5.0
241810828	247302269	5.0
241787784	247302269	3.0
241787791	247302269	3.0
241787810	247302269	3.0
241787917	247302269	3.0
241787993	247302269	3.0
241788006	247302269	3.0
241790248	247302269	3.0
241790260	247302269	3.0
241790519	247302269	3.0
241790527	247302269	3.0
241790775	247302269	3.0
241819890	247302269	3.0
245575451	247302269	2.0
247310206	247302269	3.0
245573267	247302269	4.0
245573268	247302269	4.0
245573316	247302269	4.0
245573335	247302269	4.0
245573370	247302269	4.0
245574472	247302269	3.0
245574497	247302269	3.0
245574514	247302269	3.0
245574574	247302269	3.0
245574611	247302269	3.0
245574657	247302269	3.0
247463140	247463140	0
241810959	247463140	5.0
34158045	247463140	4.0
35579585	247463140	4.0
38029042	247463140	4.0
241819963	247463140	4.0
241819964	247463140	4.0
33971686	247463140	4.0
241796737	247463140	5.0
241796738	247463140	4.0
241796739	247463140	5.0
35275860	247463140	4.0
241819965	247463140	3.0
285978121	247463140	2.0
383664812	247463140	1.0
383663645	247463140	1.0
241790268	247463140	4.0
241810541	247463140	5.0
241810620	247463140	5.0
241810638	247463140	5.0
241810661	247463140	5.0
241810743	247463140	5.0
241810747	247463140	5.0
241810786	247463140	5.0
241810791	247463140	5.0
241810828	247463140	5.0
241787784	247463140	4.0
241787791	247463140	4.0
241787810	247463140	4.0
241787917	247463140	4.0
241787993	247463140	4.0
241788006	247463140	4.0
241790248	247463140	4.0
241790260	247463140	4.0
241790519	247463140	4.0
241790527	247463140	4.0
241790775	247463140	4.0
241819890	247463140	3.0
245575451	247463140	4.0
247310206	247463140	1.0
245573267	247463140	4.0
245573268	247463140	4.0
245573316	247463140	4.0
245573335	247463140	4.0
245573370	247463140	4.0
245574472	247463140	4.0
245574497	247463140	4.0
245574514	247463140	4.0
245574574	247463140	4.0
245574611	247463140	4.0
245574657	247463140	3.0
241810959	241810959	0
34158045	241810959	4.0
35579585	241810959	4.0
38029042	241810959	4.0
241819963	241810959	4.0
241819964	241810959	4.0
33971686	241810959	4.0
241796737	241810959	4.0
241796738	241810959	4.0
241796739	241810959	4.0
35275860	241810959	5.0
241819965	241810959	4.0
285978121	241810959	5.0
383664812	241810959	5.0
383663645	241810959	5.0
241790268	241810959	4.0
241810541	241810959	4.0
241810620	241810959	4.0
241810638	241810959	4.0
241810661	241810959	4.0
241810743	241810959	0.0
241810747	241810959	4.0
241810786	241810959	3.0
241810791	241810959	4.0
241810828	241810959	2.0
241787784	241810959	4.0
241787791	241810959	4.0
241787810	241810959	4.0
241787917	241810959	5.0
241787993	241810959	5.0
241788006	241810959	5.0
241790248	241810959	4.0
241790260	241810959	5.0
241790519	241810959	4.0
241790527	241810959	4.0
241790775	241810959	4.0
241819890	241810959	5.0
245575451	241810959	5.0
247310206	241810959	5.0
245573267	241810959	5.0
245573268	241810959	5.0
245573316	241810959	5.0
245573335	241810959	5.0
245573370	241810959	5.0
245574472	241810959	5.0
245574497	241810959	5.0
245574514	241810959	5.0
245574574	241810959	5.0
245574611	241810959	5.0
245574657	241810959	5.0
34158045	34158045	0
35579585	34158045	2.0
38029042	34158045	2.0
241819963	34158045	3.0
241819964	34158045	3.0
33971686	34158045	4.0
241796737	34158045	5.0
241796738	34158045	4.0
241796739	34158045	4.0
35275860	34158045	4.0
241819965	34158045	3.0
285978121	34158045	4.0
383664812	34158045	4.0
383663645	34158045	4.0
241790268	34158045	4.0
241810541	34158045	4.0
241810620	34158045	4.0
241810638	34158045	4.0
241810661	34158045	4.0
241810743	34158045	4.0
241810747	34158045	4.0
241810786	34158045	4.0
241810791	34158045	4.0
241810828	34158045	4.0
241787784	34158045	4.0
241787791	34158045	4.0
241787810	34158045	4.0
241787917	34158045	5.0
241787993	34158045	4.0
241788006	34158045	4.0
241790248	34158045	4.0
241790260	34158045	5.0
241790519	34158045	5.0
241790527	34158045	5.0
241790775	34158045	4.0
241819890	34158045	3.0
245575451	34158045	4.0
247310206	34158045	4.0
245573267	34158045	5.0
245573268	34158045	5.0
245573316	34158045	5.0
245573335	34158045	5.0
245573370	34158045	5.0
245574472	34158045	5.0
245574497	34158045	5.0
245574514	34158045	5.0
245574574	34158045	5.0
245574611	34158045	5.0
245574657	34158045	5.0
35579585	35579585	0
38029042	35579585	1.0
241819963	35579585	1.0
241819964	35579585	2.0
33971686	35579585	4.0
241796737	35579585	4.0
241796738	35579585	4.0
241796739	35579585	4.0
35275860	35579585	3.0
241819965	35579585	3.0
285978121	35579585	4.0
383664812	35579585	4.0
383663645	35579585	4.0
241790268	35579585	4.0
241810541	35579585	4.0
241810620	35579585	4.0
241810638	35579585	4.0
241810661	35579585	4.0
241810743	35579585	4.0
241810747	35579585	4.0
241810786	35579585	4.0
241810791	35579585	4.0
241810828	35579585	4.0
241787784	35579585	4.0
241787791	35579585	4.0
241787810	35579585	4.0
241787917	35579585	4.0
241787993	35579585	4.0
241788006	35579585	4.0
241790248	35579585	4.0
241790260	35579585	4.0
241790519	35579585	4.0
241790527	35579585	4.0
241790775	35579585	4.0
241819890	35579585	3.0
245575451	35579585	4.0
247310206	35579585	4.0
245573267	35579585	5.0
245573268	35579585	5.0
245573316	35579585	5.0
245573335	35579585	5.0
245573370	35579585	5.0
245574472	35579585	5.0
245574497	35579585	5.0
245574514	35579585	5.0
245574574	35579585	5.0
245574611	35579585	5.0
245574657	35579585	5.0
38029042	38029042	0
241819963	38029042	2.0
241819964	38029042	2.0
33971686	38029042	4.0
241796737	38029042	4.0
241796738	38029042	4.0
241796739	38029042	4.0
35275860	38029042	3.0
241819965	38029042	3.0
285978121	38029042	4.0
383664812	38029042	4.0
383663645	38029042	4.0
241790268	38029042	4.0
241810541	38029042	4.0
241810620	38029042	4.0
241810638	38029042	4.0
241810661	38029042	4.0
241810743	38029042	4.0
241810747	38029042	4.0
241810786	38029042	3.0
241810791	38029042	4.0
241810828	38029042	4.0
241787784	38029042	4.0
241787791	38029042	4.0
241787810	38029042	4.0
241787917	38029042	5.0
241787993	38029042	4.0
241788006	38029042	4.0
241790248	38029042	4.0
241790260	38029042	4.0
241790519	38029042	4.0
241790527	38029042	4.0
241790775	38029042	4.0
241819890	38029042	3.0
245575451	38029042	4.0
247310206	38029042	4.0
245573267	38029042	5.0
245573268	38029042	5.0
245573316	38029042	5.0
245573335	38029042	5.0
245573370	38029042	5.0
245574472	38029042	5.0
245574497	38029042	5.0
245574514	38029042	5.0
245574574	38029042	5.0
245574611	38029042	5.0
245574657	38029042	5.0
241819963	241819963	0
241819964	241819963	2.0
33971686	241819963	4.0
241796737	241819963	4.0
241796738	241819963	4.0
241796739	241819963	4.0
35275860	241819963	3.0
241819965	241819963	3.0
285978121	241819963	4.0
383664812	241819963	4.0
383663645	241819963	4.0
241790268	241819963	3.0
241810541	241819963	4.0
241810620	241819963	4.0
241810638	241819963	4.0
241810661	241819963	4.0
241810743	241819963	4.0
241810747	241819963	4.0
241810786	241819963	4.0
241810791	241819963	4.0
241810828	241819963	4.0
241787784	241819963	4.0
241787791	241819963	4.0
241787810	241819963	4.0
241787917	241819963	4.0
241787993	241819963	4.0
241788006	241819963	4.0
241790248	241819963	4.0
241790260	241819963	4.0
241790519	241819963	4.0
241790527	241819963	4.0
241790775	241819963	4.0
241819890	241819963	3.0
245575451	241819963	4.0
247310206	241819963	4.0
245573267	241819963	5.0
245573268	241819963	5.0
245573316	241819963	5.0
245573335	241819963	5.0
245573370	241819963	5.0
245574472	241819963	5.0
245574497	241819963	5.0
245574514	241819963	5.0
245574574	241819963	5.0
245574611	241819963	5.0
245574657	241819963	5.0
241819964	241819964	0
33971686	241819964	4.0
241796737	241819964	4.0
241796738	241819964	4.0
241796739	241819964	4.0
35275860	241819964	3.0
241819965	241819964	3.0
285978121	241819964	3.0
383664812	241819964	4.0
383663645	241819964	4.0
241790268	241819964	3.0
241810541	241819964	4.0
241810620	241819964	4.0
241810638	241819964	4.0
241810661	241819964	4.0
241810743	241819964	4.0
241810747	241819964	4.0
241810786	241819964	4.0
241810791	241819964	4.0
241810828	241819964	4.0
241787784	241819964	4.0
241787791	241819964	4.0
241787810	241819964	4.0
241787917	241819964	4.0
241787993	241819964	4.0
241788006	241819964	4.0
241790248	241819964	4.0
241790260	241819964	4.0
241790519	241819964	4.0
241790527	241819964	4.0
241790775	241819964	4.0
241819890	241819964	3.0
245575451	241819964	4.0
247310206	241819964	4.0
245573267	241819964	5.0
245573268	241819964	5.0
245573316	241819964	5.0
245573335	241819964	5.0
245573370	241819964	5.0
245574472	241819964	5.0
245574497	241819964	5.0
245574514	241819964	5.0
245574574	241819964	5.0
245574611	241819964	5.0
245574657	241819964	5.0
33971686	33971686	0
241796737	33971686	1.0
241796738	33971686	1.0
241796739	33971686	2.0
35275860	33971686	3.0
241819965	33971686	4.0
285978121	33971686	4.0
383664812	33971686	4.0
383663645	33971686	4.0
241790268	33971686	2.0
241810541	33971686	5.0
241810620	33971686	5.0
241810638	33971686	5.0
241810661	33971686	4.0
241810743	33971686	4.0
241810747	33971686	5.0
241810786	33971686	4.0
241810791	33971686	4.0
241810828	33971686	4.0
241787784	33971686	3.0
241787791	33971686	3.0
241787810	33971686	3.0
241787917	33971686	4.0
241787993	33971686	3.0
241788006	33971686	3.0
241790248	33971686	3.0
241790260	33971686	3.0
241790519	33971686	3.0
241790527	33971686	3.0
241790775	33971686	3.0
241819890	33971686	4.0
245575451	33971686	3.0
247310206	33971686	4.0
245573267	33971686	4.0
245573268	33971686	4.0
245573316	33971686	4.0
245573335	33971686	4.0
245573370	33971686	4.0
245574472	33971686	4.0
245574497	33971686	4.0
245574514	33971686	4.0
245574574	33971686	4.0
245574611	33971686	4.0
245574657	33971686	4.0
241796737	241796737	0
241796738	241796737	2.0
241796739	241796737	2.0
35275860	241796737	4.0
241819965	241796737	4.0
285978121	241796737	4.0
383664812	241796737	5.0
383663645	241796737	5.0
241790268	241796737	3.0
241810541	241796737	4.0
241810620	241796737	5.0
241810638	241796737	4.0
241810661	241796737	4.0
241810743	241796737	4.0
241810747	241796737	5.0
241810786	241796737	4.0
241810791	241796737	4.0
241810828	241796737	4.0
241787784	241796737	3.0
241787791	241796737	3.0
241787810	241796737	3.0
241787917	241796737	3.0
241787993	241796737	3.0
241788006	241796737	3.0
241790248	241796737	3.0
241790260	241796737	3.0
241790519	241796737	3.0
241790527	241796737	3.0
241790775	241796737	3.0
241819890	241796737	4.0
245575451	241796737	3.0
247310206	241796737	5.0
245573267	241796737	4.0
245573268	241796737	4.0
245573316	241796737	4.0
245573335	241796737	4.0
245573370	241796737	4.0
245574472	241796737	4.0
245574497	241796737	4.0
245574514	241796737	4.0
245574574	241796737	4.0
245574611	241796737	4.0
245574657	241796737	4.0
241796738	241796738	0
241796739	241796738	1.0
35275860	241796738	3.0
241819965	241796738	4.0
285978121	241796738	4.0
383664812	241796738	4.0
383663645	241796738	4.0
241790268	241796738	2.0
241810541	241796738	5.0
241810620	241796738	5.0
241810638	241796738	5.0
241810661	241796738	5.0
241810743	241796738	4.0
241810747	241796738	5.0
241810786	241796738	4.0
241810791	241796738	5.0
241810828	241796738	4.0
241787784	241796738	3.0
241787791	241796738	3.0
241787810	241796738	3.0
241787917	241796738	3.0
241787993	241796738	3.0
241788006	241796738	3.0
241790248	241796738	3.0
241790260	241796738	3.0
241790519	241796738	3.0
241790527	241796738	3.0
241790775	241796738	3.0
241819890	241796738	4.0
245575451	241796738	3.0
247310206	241796738	4.0
245573267	241796738	4.0
245573268	241796738	4.0
245573316	241796738	4.0
245573335	241796738	4.0
245573370	241796738	4.0
245574472	241796738	4.0
245574497	241796738	4.0
245574514	241796738	4.0
245574574	241796738	4.0
245574611	241796738	4.0
245574657	241796738	4.0
241796739	241796739	0
35275860	241796739	3.0
241819965	241796739	4.0
285978121	241796739	4.0
383664812	241796739	4.0
383663645	241796739	5.0
241790268	241796739	3.0
241810541	241796739	5.0
241810620	241796739	5.0
241810638	241796739	5.0
241810661	241796739	4.0
241810743	241796739	4.0
241810747	241796739	5.0
241810786	241796739	4.0
241810791	241796739	4.0
241810828	241796739	4.0
241787784	241796739	3.0
241787791	241796739	3.0
241787810	241796739	3.0
241787917	241796739	3.0
241787993	241796739	3.0
241788006	241796739	3.0
241790248	241796739	3.0
241790260	241796739	3.0
241790519	241796739	3.0
241790527	241796739	3.0
241790775	241796739	3.0
241819890	241796739	4.0
245575451	241796739	3.0
247310206	241796739	4.0
245573267	241796739	4.0
245573268	241796739	4.0
245573316	241796739	4.0
245573335	241796739	4.0
245573370	241796739	4.0
245574472	241796739	4.0
245574497	241796739	4.0
245574514	241796739	4.0
245574574	241796739	4.0
245574611	241796739	4.0
245574657	241796739	4.0
35275860	35275860	0
241819965	35275860	3.0
285978121	35275860	3.0
383664812	35275860	4.0
383663645	35275860	4.0
241790268	35275860	2.0
241810541	35275860	5.0
241810620	35275860	5.0
241810638	35275860	5.0
241810661	35275860	5.0
241810743	35275860	5.0
241810747	35275860	5.0
241810786	35275860	4.0
241810791	35275860	4.0
241810828	35275860	4.0
241787784	35275860	3.0
241787791	35275860	3.0
241787810	35275860	3.0
241787917	35275860	4.0
241787993	35275860	3.0
241788006	35275860	3.0
241790248	35275860	4.0
241790260	35275860	4.0
241790519	35275860	4.0
241790527	35275860	4.0
241790775	35275860	4.0
241819890	35275860	3.0
245575451	35275860	3.0
247310206	35275860	4.0
245573267	35275860	5.0
245573268	35275860	5.0
245573316	35275860	5.0
245573335	35275860	5.0
245573370	35275860	5.0
245574472	35275860	4.0
245574497	35275860	4.0
245574514	35275860	4.0
245574574	35275860	4.0
245574611	35275860	4.0
245574657	35275860	4.0
241819965	241819965	0
285978121	241819965	3.0
383664812	241819965	3.0
383663645	241819965	3.0
241790268	241819965	3.0
241810541	241819965	4.0
241810620	241819965	5.0
241810638	241819965	5.0
241810661	241819965	4.0
241810743	241819965	5.0
241810747	241819965	5.0
241810786	241819965	4.0
241810791	241819965	4.0
241810828	241819965	4.0
241787784	241819965	3.0
241787791	241819965	3.0
241787810	241819965	3.0
241787917	241819965	4.0
241787993	241819965	4.0
241788006	241819965	4.0
241790248	241819965	4.0
241790260	241819965	4.0
241790519	241819965	4.0
241790527	241819965	4.0
241790775	241819965	4.0
241819890	241819965	1.0
245575451	241819965	3.0
247310206	241819965	3.0
245573267	241819965	5.0
245573268	241819965	5.0
245573316	241819965	5.0
245573335	241819965	4.0
245573370	241819965	4.0
245574472	241819965	4.0
245574497	241819965	5.0
245574514	241819965	4.0
245574574	241819965	4.0
245574611	241819965	4.0
245574657	241819965	4.0
285978121	285978121	0
383664812	285978121	2.0
383663645	285978121	3.0
241790268	285978121	4.0
241810541	285978121	5.0
241810620	285978121	5.0
241810638	285978121	5.0
241810661	285978121	5.0
241810743	285978121	5.0
241810747	285978121	5.0
241810786	285978121	5.0
241810791	285978121	5.0
241810828	285978121	5.0
241787784	285978121	4.0
241787791	285978121	4.0
241787810	285978121	4.0
241787917	285978121	4.0
241787993	285978121	4.0
241788006	285978121	4.0
241790248	285978121	4.0
241790260	285978121	4.0
241790519	285978121	4.0
241790527	285978121	4.0
241790775	285978121	4.0
241819890	285978121	2.0
245575451	285978121	3.0
247310206	285978121	2.0
245573267	285978121	4.0
245573268	285978121	4.0
245573316	285978121	4.0
245573335	285978121	4.0
245573370	285978121	4.0
245574472	285978121	4.0
245574497	285978121	4.0
245574514	285978121	4.0
245574574	285978121	4.0
245574611	285978121	4.0
245574657	285978121	4.0
383664812	383664812	0
383663645	383664812	2.0
241790268	383664812	4.0
241810541	383664812	5.0
241810620	383664812	5.0
241810638	383664812	5.0
241810661	383664812	5.0
241810743	383664812	5.0
241810747	383664812	5.0
241810786	383664812	5.0
241810791	383664812	5.0
241810828	383664812	5.0
241787784	383664812	4.0
241787791	383664812	4.0
241787810	383664812	4.0
241787917	383664812	4.0
241787993	383664812	4.0
241788006	383664812	4.0
241790248	383664812	4.0
241790260	383664812	4.0
241790519	383664812	4.0
241790527	383664812	4.0
241790775	383664812	4.0
241819890	383664812	3.0
245575451	383664812	4.0
247310206	383664812	0.0
245573267	383664812	4.0
245573268	383664812	4.0
245573316	383664812	4.0
245573335	383664812	4.0
245573370	383664812	4.0
245574472	383664812	4.0
245574497	383664812	4.0
245574514	383664812	4.0
245574574	383664812	4.0
245574611	383664812	4.0
245574657	383664812	4.0
383663645	383663645	0
241790268	383663645	4.0
241810541	383663645	5.0
241810620	383663645	5.0
241810638	383663645	5.0
241810661	383663645	5.0
241810743	383663645	5.0
241810747	383663645	5.0
241810786	383663645	5.0
241810791	383663645	5.0
241810828	383663645	5.0
241787784	383663645	4.0
241787791	383663645	4.0
241787810	383663645	4.0
241787917	383663645	4.0
241787993	383663645	4.0
241788006	383663645	4.0
241790248	383663645	4.0
241790260	383663645	4.0
241790519	383663645	4.0
241790527	383663645	4.0
241790775	383663645	4.0
241819890	383663645	3.0
245575451	383663645	4.0
247310206	383663645	1.0
245573267	383663645	4.0
245573268	383663645	4.0
245573316	383663645	4.0
245573335	383663645	4.0
245573370	383663645	4.0
245574472	383663645	4.0
245574497	383663645	4.0
245574514	383663645	4.0
245574574	383663645	4.0
245574611	383663645	4.0
245574657	383663645	4.0
241790268	241790268	0
241810541	241790268	5.0
241810620	241790268	5.0
241810638	241790268	5.0
241810661	241790268	5.0
241810743	241790268	4.0
241810747	241790268	5.0
241810786	241790268	5.0
241810791	241790268	5.0
241810828	241790268	4.0
241787784	241790268	2.0
241787791	241790268	1.0
241787810	241790268	1.0
241787917	241790268	3.0
241787993	241790268	2.0
241788006	241790268	2.0
241790248	241790268	3.0
241790260	241790268	3.0
241790519	241790268	3.0
241790527	241790268	3.0
241790775	241790268	3.0
241819890	241790268	3.0
245575451	241790268	3.0
247310206	241790268	4.0
245573267	241790268	4.0
245573268	241790268	4.0
245573316	241790268	4.0
245573335	241790268	4.0
245573370	241790268	4.0
245574472	241790268	4.0
245574497	241790268	4.0
245574514	241790268	4.0
245574574	241790268	4.0
245574611	241790268	4.0
245574657	241790268	4.0
241810541	241810541	0
241810620	241810541	0.0
241810638	241810541	0.0
241810661	241810541	1.0
241810743	241810541	4.0
241810747	241810541	1.0
241810786	241810541	1.0
241810791	241810541	0.0
241810828	241810541	3.0
241787784	241810541	5.0
241787791	241810541	5.0
241787810	241810541	5.0
241787917	241810541	5.0
241787993	241810541	5.0
241788006	241810541	5.0
241790248	241810541	5.0
241790260	241810541	5.0
241790519	241810541	5.0
241790527	241810541	5.0
241790775	241810541	5.0
241819890	241810541	5.0
245575451	241810541	5.0
247310206	241810541	5.0
245573267	241810541	5.0
245573268	241810541	5.0
245573316	241810541	5.0
245573335	241810541	5.0
245573370	241810541	5.0
245574472	241810541	5.0
245574497	241810541	5.0
245574514	241810541	5.0
245574574	241810541	5.0
245574611	241810541	5.0
245574657	241810541	5.0
241810620	241810620	0
241810638	241810620	0.0
241810661	241810620	1.0
241810743	241810620	4.0
241810747	241810620	2.0
241810786	241810620	1.0
241810791	241810620	0.0
241810828	241810620	4.0
241787784	241810620	5.0
241787791	241810620	5.0
241787810	241810620	5.0
241787917	241810620	5.0
241787993	241810620	5.0
241788006	241810620	5.0
241790248	241810620	5.0
241790260	241810620	5.0
241790519	241810620	5.0
241790527	241810620	5.0
241790775	241810620	5.0
241819890	241810620	5.0
245575451	241810620	5.0
247310206	241810620	5.0
245573267	241810620	5.0
245573268	241810620	5.0
245573316	241810620	5.0
245573335	241810620	5.0
245573370	241810620	5.0
245574472	241810620	5.0
245574497	241810620	5.0
245574514	241810620	5.0
245574574	241810620	5.0
245574611	241810620	5.0
245574657	241810620	5.0
241810638	241810638	0
241810661	241810638	1.0
241810743	241810638	4.0
241810747	241810638	1.0
241810786	241810638	1.0
241810791	241810638	0.0
241810828	241810638	4.0
241787784	241810638	5.0
241787791	241810638	5.0
241787810	241810638	5.0
241787917	241810638	5.0
241787993	241810638	5.0
241788006	241810638	5.0
241790248	241810638	5.0
241790260	241810638	5.0
241790519	241810638	5.0
241790527	241810638	5.0
241790775	241810638	5.0
241819890	241810638	5.0
245575451	241810638	5.0
247310206	241810638	5.0
245573267	241810638	5.0
245573268	241810638	5.0
245573316	241810638	5.0
245573335	241810638	5.0
245573370	241810638	5.0
245574472	241810638	5.0
245574497	241810638	5.0
245574514	241810638	5.0
245574574	241810638	5.0
245574611	241810638	5.0
245574657	241810638	5.0
241810661	241810661	0
241810743	241810661	4.0
241810747	241810661	1.0
241810786	241810661	1.0
241810791	241810661	0.0
241810828	241810661	3.0
241787784	241810661	5.0
241787791	241810661	5.0
241787810	241810661	5.0
241787917	241810661	5.0
241787993	241810661	5.0
241788006	241810661	5.0
241790248	241810661	5.0
241790260	241810661	5.0
241790519	241810661	5.0
241790527	241810661	5.0
241790775	241810661	5.0
241819890	241810661	4.0
245575451	241810661	5.0
247310206	241810661	5.0
245573267	241810661	5.0
245573268	241810661	5.0
245573316	241810661	5.0
245573335	241810661	5.0
245573370	241810661	5.0
245574472	241810661	5.0
245574497	241810661	5.0
245574514	241810661	5.0
245574574	241810661	5.0
245574611	241810661	5.0
245574657	241810661	5.0
241810743	241810743	0
241810747	241810743	4.0
241810786	241810743	3.0
241810791	241810743	4.0
241810828	241810743	2.0
241787784	241810743	4.0
241787791	241810743	4.0
241787810	241810743	4.0
241787917	241810743	5.0
241787993	241810743	4.0
241788006	241810743	4.0
241790248	241810743	4.0
241790260	241810743	4.0
241790519	241810743	4.0
241790527	241810743	4.0
241790775	241810743	4.0
241819890	241810743	5.0
245575451	241810743	5.0
247310206	241810743	5.0
245573267	241810743	5.0
245573268	241810743	5.0
245573316	241810743	5.0
245573335	241810743	5.0
245573370	241810743	5.0
245574472	241810743	5.0
245574497	241810743	5.0
245574514	241810743	5.0
245574574	241810743	5.0
245574611	241810743	5.0
245574657	241810743	5.0
241810747	241810747	0
241810786	241810747	2.0
241810791	241810747	1.0
241810828	241810747	4.0
241787784	241810747	5.0
241787791	241810747	5.0
241787810	241810747	5.0
241787917	241810747	5.0
241787993	241810747	5.0
241788006	241810747	5.0
241790248	241810747	5.0
241790260	241810747	5.0
241790519	241810747	5.0
241790527	241810747	5.0
241790775	241810747	5.0
241819890	241810747	5.0
245575451	241810747	5.0
247310206	241810747	5.0
245573267	241810747	5.0
245573268	241810747	5.0
245573316	241810747	5.0
245573335	241810747	5.0
245573370	241810747	5.0
245574472	241810747	5.0
245574497	241810747	5.0
245574514	241810747	5.0
245574574	241810747	5.0
245574611	241810747	5.0
245574657	241810747	5.0
241810786	241810786	0
241810791	241810786	0.0
241810828	241810786	3.0
241787784	241810786	5.0
241787791	241810786	5.0
241787810	241810786	5.0
241787917	241810786	5.0
241787993	241810786	5.0
241788006	241810786	5.0
241790248	241810786	5.0
241790260	241810786	5.0
241790519	241810786	5.0
241790527	241810786	5.0
241790775	241810786	5.0
241819890	241810786	4.0
245575451	241810786	5.0
247310206	241810786	5.0
245573267	241810786	5.0
245573268	241810786	5.0
245573316	241810786	5.0
245573335	241810786	5.0
245573370	241810786	5.0
245574472	241810786	5.0
245574497	241810786	5.0
245574514	241810786	5.0
245574574	241810786	5.0
245574611	241810786	5.0
245574657	241810786	5.0
241810791	241810791	0
241810828	241810791	3.0
241787784	241810791	5.0
241787791	241810791	5.0
241787810	241810791	5.0
241787917	241810791	5.0
241787993	241810791	5.0
241788006	241810791	5.0
241790248	241810791	5.0
241790260	241810791	5.0
241790519	241810791	5.0
241790527	241810791	5.0
241790775	241810791	5.0
241819890	241810791	4.0
245575451	241810791	5.0
247310206	241810791	5.0
245573267	241810791	5.0
245573268	241810791	5.0
245573316	241810791	5.0
245573335	241810791	5.0
245573370	241810791	5.0
245574472	241810791	5.0
245574497	241810791	5.0
245574514	241810791	5.0
245574574	241810791	5.0
245574611	241810791	5.0
245574657	241810791	5.0
241810828	241810828	0
241787784	241810828	4.0
241787791	241810828	4.0
241787810	241810828	4.0
241787917	241810828	5.0
241787993	241810828	4.0
241788006	241810828	4.0
241790248	241810828	4.0
241790260	241810828	4.0
241790519	241810828	4.0
241790527	241810828	4.0
241790775	241810828	4.0
241819890	241810828	4.0
245575451	241810828	4.0
247310206	241810828	5.0
245573267	241810828	5.0
245573268	241810828	5.0
245573316	241810828	5.0
245573335	241810828	5.0
245573370	241810828	5.0
245574472	241810828	5.0
245574497	241810828	5.0
245574514	241810828	5.0
245574574	241810828	5.0
245574611	241810828	5.0
245574657	241810828	5.0
241787784	241787784	0
241787791	241787784	0.0
241787810	241787784	0.0
241787917	241787784	3.0
241787993	241787784	0.0
241788006	241787784	0.0
241790248	241787784	2.0
241790260	241787784	2.0
241790519	241787784	2.0
241790527	241787784	2.0
241790775	241787784	2.0
241819890	241787784	4.0
245575451	241787784	3.0
247310206	241787784	4.0
245573267	241787784	4.0
245573268	241787784	4.0
245573316	241787784	4.0
245573335	241787784	4.0
245573370	241787784	4.0
245574472	241787784	4.0
245574497	241787784	3.0
245574514	241787784	4.0
245574574	241787784	3.0
245574611	241787784	4.0
245574657	241787784	4.0
241787791	241787791	0
241787810	241787791	0.0
241787917	241787791	3.0
241787993	241787791	0.0
241788006	241787791	0.0
241790248	241787791	2.0
241790260	241787791	2.0
241790519	241787791	2.0
241790527	241787791	2.0
241790775	241787791	2.0
241819890	241787791	3.0
245575451	241787791	3.0
247310206	241787791	4.0
245573267	241787791	4.0
245573268	241787791	4.0
245573316	241787791	4.0
245573335	241787791	4.0
245573370	241787791	4.0
245574472	241787791	4.0
245574497	241787791	4.0
245574514	241787791	4.0
245574574	241787791	3.0
245574611	241787791	4.0
245574657	241787791	4.0
241787810	241787810	0
241787917	241787810	3.0
241787993	241787810	0.0
241788006	241787810	0.0
241790248	241787810	2.0
241790260	241787810	2.0
241790519	241787810	2.0
241790527	241787810	2.0
241790775	241787810	2.0
241819890	241787810	4.0
245575451	241787810	3.0
247310206	241787810	4.0
245573267	241787810	4.0
245573268	241787810	4.0
245573316	241787810	4.0
245573335	241787810	4.0
245573370	241787810	4.0
245574472	241787810	4.0
245574497	241787810	3.0
245574514	241787810	4.0
245574574	241787810	3.0
245574611	241787810	4.0
245574657	241787810	4.0
241787917	241787917	0
241787993	241787917	3.0
241788006	241787917	3.0
241790248	241787917	2.0
241790260	241787917	2.0
241790519	241787917	2.0
241790527	241787917	2.0
241790775	241787917	2.0
241819890	241787917	4.0
245575451	241787917	2.0
247310206	241787917	4.0
245573267	241787917	4.0
245573268	241787917	4.0
245573316	241787917	4.0
245573335	241787917	4.0
245573370	241787917	4.0
245574472	241787917	4.0
245574497	241787917	3.0
245574514	241787917	4.0
245574574	241787917	3.0
245574611	241787917	4.0
245574657	241787917	4.0
241787993	241787993	0
241788006	241787993	0.0
241790248	241787993	2.0
241790260	241787993	2.0
241790519	241787993	2.0
241790527	241787993	2.0
241790775	241787993	2.0
241819890	241787993	4.0
245575451	241787993	2.0
247310206	241787993	4.0
245573267	241787993	4.0
245573268	241787993	4.0
245573316	241787993	4.0
245573335	241787993	4.0
245573370	241787993	4.0
245574472	241787993	4.0
245574497	241787993	3.0
245574514	241787993	4.0
245574574	241787993	3.0
245574611	241787993	4.0
245574657	241787993	4.0
241788006	241788006	0
241790248	241788006	2.0
241790260	241788006	2.0
241790519	241788006	2.0
241790527	241788006	2.0
241790775	241788006	2.0
241819890	241788006	4.0
245575451	241788006	2.0
247310206	241788006	4.0
245573267	241788006	4.0
245573268	241788006	4.0
245573316	241788006	4.0
245573335	241788006	4.0
245573370	241788006	4.0
245574472	241788006	4.0
245574497	241788006	3.0
245574514	241788006	4.0
245574574	241788006	3.0
245574611	241788006	4.0
245574657	241788006	4.0
241790248	241790248	0
241790260	241790248	0.0
241790519	241790248	0.0
241790527	241790248	0.0
241790775	241790248	0.0
241819890	241790248	3.0
245575451	241790248	1.0
247310206	241790248	4.0
245573267	241790248	4.0
245573268	241790248	4.0
245573316	241790248	4.0
245573335	241790248	4.0
245573370	241790248	4.0
245574472	241790248	3.0
245574497	241790248	3.0
245574514	241790248	3.0
245574574	241790248	3.0
245574611	241790248	3.0
245574657	241790248	3.0
241790260	241790260	0
241790519	241790260	0.0
241790527	241790260	0.0
241790775	241790260	1.0
241819890	241790260	3.0
245575451	241790260	1.0
247310206	241790260	4.0
245573267	241790260	4.0
245573268	241790260	4.0
245573316	241790260	4.0
245573335	241790260	4.0
245573370	241790260	4.0
245574472	241790260	3.0
245574497	241790260	3.0
245574514	241790260	3.0
245574574	241790260	3.0
245574611	241790260	3.0
245574657	241790260	3.0
241790519	241790519	0
241790527	241790519	0.0
241790775	241790519	0.0
241819890	241790519	3.0
245575451	241790519	1.0
247310206	241790519	4.0
245573267	241790519	4.0
245573268	241790519	4.0
245573316	241790519	4.0
245573335	241790519	4.0
245573370	241790519	4.0
245574472	241790519	3.0
245574497	241790519	3.0
245574514	241790519	3.0
245574574	241790519	3.0
245574611	241790519	3.0
245574657	241790519	3.0
241790527	241790527	0
241790775	241790527	0.0
241819890	241790527	3.0
245575451	241790527	1.0
247310206	241790527	4.0
245573267	241790527	4.0
245573268	241790527	4.0
245573316	241790527	4.0
245573335	241790527	4.0
245573370	241790527	4.0
245574472	241790527	3.0
245574497	241790527	3.0
245574514	241790527	3.0
245574574	241790527	3.0
245574611	241790527	3.0
245574657	241790527	3.0
241790775	241790775	0
241819890	241790775	4.0
245575451	241790775	1.0
247310206	241790775	4.0
245573267	241790775	4.0
245573268	241790775	4.0
245573316	241790775	4.0
245573335	241790775	4.0
245573370	241790775	4.0
245574472	241790775	3.0
245574497	241790775	3.0
245574514	241790775	3.0
245574574	241790775	3.0
245574611	241790775	3.0
245574657	241790775	3.0
241819890	241819890	0
245575451	241819890	3.0
247310206	241819890	3.0
245573267	241819890	5.0
245573268	241819890	4.0
245573316	241819890	4.0
245573335	241819890	4.0
245573370	241819890	4.0
245574472	241819890	4.0
245574497	241819890	4.0
245574514	241819890	4.0
245574574	241819890	5.0
245574611	241819890	4.0
245574657	241819890	4.0
245575451	245575451	0
247310206	245575451	4.0
245573267	245575451	4.0
245573268	245575451	4.0
245573316	245575451	4.0
245573335	245575451	4.0
245573370	245575451	4.0
245574472	245575451	3.0
245574497	245575451	3.0
245574514	245575451	3.0
245574574	245575451	3.0
245574611	245575451	3.0
245574657	245575451	3.0
247310206	247310206	0
245573267	247310206	4.0
245573268	247310206	4.0
245573316	247310206	4.0
245573335	247310206	4.0
245573370	247310206	4.0
245574472	247310206	4.0
245574497	247310206	4.0
245574514	247310206	4.0
245574574	247310206	4.0
245574611	247310206	4.0
245574657	247310206	3.0
245573267	245573267	0
245573268	245573267	0.0
245573316	245573267	0.0
245573335	245573267	0.0
245573370	245573267	0.0
245574472	245573267	3.0
245574497	245573267	3.0
245574514	245573267	2.0
245574574	245573267	3.0
245574611	245573267	3.0
245574657	245573267	3.0
245573268	245573268	0
245573316	245573268	0.0
245573335	245573268	0.0
245573370	245573268	0.0
245574472	245573268	3.0
245574497	245573268	2.0
245574514	245573268	2.0
245574574	245573268	3.0
245574611	245573268	3.0
245574657	245573268	3.0
245573316	245573316	0
245573335	245573316	0.0
245573370	245573316	0.0
245574472	245573316	3.0
245574497	245573316	2.0
245574514	245573316	2.0
245574574	245573316	3.0
245574611	245573316	3.0
245574657	245573316	3.0
245573335	245573335	0
245573370	245573335	0.0
245574472	245573335	3.0
245574497	245573335	2.0
245574514	245573335	2.0
245574574	245573335	3.0
245574611	245573335	3.0
245574657	245573335	3.0
245573370	245573370	0
245574472	245573370	3.0
245574497	245573370	2.0
245574514	245573370	2.0
245574574	245573370	3.0
245574611	245573370	3.0
245574657	245573370	3.0
245574472	245574472	0
245574497	245574472	1.0
245574514	245574472	2.0
245574574	245574472	2.0
245574611	245574472	0.0
245574657	245574472	1.0
245574497	245574497	0
245574514	245574497	1.0
245574574	245574497	0.0
245574611	245574497	1.0
245574657	245574497	1.0
245574514	245574514	0
245574574	245574514	2.0
245574611	245574514	2.0
245574657	245574514	2.0
245574574	245574574	0
245574611	245574574	2.0
245574657	245574574	2.0
245574611	245574611	0
245574657	245574611	1.0
245574657	245574657	0
