247647769	[-5,68.0,-63.0]	40.598340074999996	-74.07982303124999	0.2351164219643648	0.0705330900901467	0.4407805686579825	0.0001253933871018338	0.789247311827957	0.4333359894463775
247646648	[-12,-7.0,19.0]	40.58923455294118	-74.06647197058822	0.2351164219643648	0.0705330900901467	0.4407805686579825	0.0001253933871018338	0.789247311827957	0.4333359894463775
147969904	[-184,135.0,49.0]	40.56849318571428	-74.09177688571428	0.2351164219643648	0.0705330900901467	0.4407805686579825	0.0001253933871018338	0.789247311827957	0.4333359894463775
147969906	[-188,135.0,53.0]	40.56775027142857	-74.09178402857142	0.2351164219643648	0.0705330900901467	0.4407805686579825	0.0001253933871018338	0.789247311827957	0.4333359894463775
147969920	[-168,121.0,47.0]	40.570386075	-74.089189975	0.2351164219643648	0.0705330900901467	0.4407805686579825	0.0001253933871018338	0.789247311827957	0.4333359894463775
147969925	[-158,113.0,45.0]	40.5716172625	-74.08790916250001	0.2351164219643648	0.0705330900901467	0.4407805686579825	0.0001253933871018338	0.789247311827957	0.4333359894463775
185021241	[-182,132.0,50.0]	40.56869542857144	-74.09113665714285	0.2351164219643648	0.0705330900901467	0.4407805686579825	0.0001253933871018338	0.789247311827957	0.4333359894463775
59386228	[-137,95.0,42.0]	40.57401399999999	-74.08465542000002	0.2351164219643648	0.0705330900901467	0.4407805686579825	0.0001253933871018338	0.789247311827957	0.4333359894463775
302774081	[-128,169.0,-41.0]	40.58350837500001	-74.09776280000001	0.2351164219643648	0.0705330900901467	0.4407805686579825	0.0001253933871018338	0.789247311827957	0.4333359894463775
302774082	[-118,161.0,-43.0]	40.58467240000001	-74.09633333333333	0.2351164219643648	0.0705330900901467	0.4407805686579825	0.0001253933871018338	0.789247311827957	0.4333359894463775
302774083	[-123,165.0,-42.0]	40.58414242	-74.09696427	0.2351164219643648	0.0705330900901467	0.4407805686579825	0.0001253933871018338	0.789247311827957	0.4333359894463775
59384995	[-122,79.0,43.0]	40.57555954	-74.08178452000001	0.2351164219643648	0.0705330900901467	0.4407805686579825	0.0001253933871018338	0.789247311827957	0.4333359894463775
147969939	[-130,87.0,43.0]	40.57467543333333	-74.08320296666666	0.2351164219643648	0.0705330900901467	0.4407805686579825	0.0001253933871018338	0.789247311827957	0.4333359894463775
147969933	[-58,33.0,25.0]	40.583841811111114	-74.07368303333334	0.2351164219643648	0.0705330900901467	0.4407805686579825	0.0001253933871018338	0.789247311827957	0.4333359894463775
200719850	[-74,57.0,17.0]	40.58316264285714	-74.07799224285714	0.2351164219643648	0.0705330900901467	0.4407805686579825	0.0001253933871018338	0.789247311827957	0.4333359894463775
286088422	[-24,75.0,-51.0]	40.595235179999996	-74.08100362	0.2351164219643648	0.0705330900901467	0.4407805686579825	0.0001253933871018338	0.789247311827957	0.4333359894463775
286088423	[-23,75.0,-52.0]	40.595392880000006	-74.08110747999999	0.2351164219643648	0.0705330900901467	0.4407805686579825	0.0001253933871018338	0.789247311827957	0.4333359894463775
35017760	[91,35.0,-126.0]	40.614609040000005	-74.07402993	0.2351164219643648	0.0705330900901467	0.4407805686579825	0.0001253933871018338	0.789247311827957	0.4333359894463775
59382654	[-21,0.0,21.0]	40.58817214	-74.06788686	0.2351164219643648	0.0705330900901467	0.4407805686579825	0.0001253933871018338	0.789247311827957	0.4333359894463775
185021238	[-16,-3.0,19.0]	40.5888878	-74.06723265714287	0.2351164219643648	0.0705330900901467	0.4407805686579825	0.0001253933871018338	0.789247311827957	0.4333359894463775
59381967	[4,-19.0,15.0]	40.59129721428571	-74.06443060000001	0.2351164219643648	0.0705330900901467	0.4407805686579825	0.0001253933871018338	0.789247311827957	0.4333359894463775
443728405	[12,-25.0,13.0]	40.59226476	-74.0633318	0.2351164219643648	0.0705330900901467	0.4407805686579825	0.0001253933871018338	0.789247311827957	0.4333359894463775
443728406	[30,-37.0,7.0]	40.59481731666667	-74.06123195	0.2351164219643648	0.0705330900901467	0.4407805686579825	0.0001253933871018338	0.789247311827957	0.4333359894463775
443728407	[41,-46.0,5.0]	40.59608178571428	-74.05963517142858	0.2351164219643648	0.0705330900901467	0.4407805686579825	0.0001253933871018338	0.789247311827957	0.4333359894463775
443728408	[63,-64.0,1.0]	40.5988165	-74.0564774375	0.2351164219643648	0.0705330900901467	0.4407805686579825	0.0001253933871018338	0.789247311827957	0.4333359894463775
147969923	[75,-17.0,-58.0]	40.606025287499996	-74.06476492499999	0.2351164219643648	0.0705330900901467	0.4407805686579825	0.0001253933871018338	0.789247311827957	0.4333359894463775
147969945	[78,-21.0,-57.0]	40.606251099999994	-74.06415013	0.2351164219643648	0.0705330900901467	0.4407805686579825	0.0001253933871018338	0.789247311827957	0.4333359894463775
365095150	[99,-54.0,-45.0]	40.6071591	-74.05814975	0.2351164219643648	0.0705330900901467	0.4407805686579825	0.0001253933871018338	0.789247311827957	0.4333359894463775
365095151	[98,-54.0,-44.0]	40.60703286	-74.05811890000001	0.2351164219643648	0.0705330900901467	0.4407805686579825	0.0001253933871018338	0.789247311827957	0.4333359894463775
413492426	[88,-52.0,-36.0]	40.60519352	-74.05851744	0.2351164219643648	0.0705330900901467	0.4407805686579825	0.0001253933871018338	0.789247311827957	0.4333359894463775
413492428	[69,-35.0,-34.0]	40.60301138	-74.06159448	0.2351164219643648	0.0705330900901467	0.4407805686579825	0.0001253933871018338	0.789247311827957	0.4333359894463775
35018067	[106,6.0,-112.0]	40.61485256666667	-74.06879081666665	0.2351164219643648	0.0705330900901467	0.4407805686579825	0.0001253933871018338	0.789247311827957	0.4333359894463775
247663201	[-107,118.0,-11.0]	40.582555615000004	-74.08879847499999	0.2351164219643648	0.0705330900901467	0.4407805686579825	0.0001253933871018338	0.789247311827957	0.4333359894463775
35090608	[27,15.0,-42.0]	40.5995460736842	-74.0703535	0.2351164219643648	0.0705330900901467	0.4407805686579825	0.0001253933871018338	0.789247311827957	0.4333359894463775
241878600	[21,13.0,-34.0]	40.59803145714285	-74.07014065714286	0.2351164219643648	0.0705330900901467	0.4407805686579825	0.0001253933871018338	0.789247311827957	0.4333359894463775
241839870	[98,8.0,-106.0]	40.6133457	-74.06916142	0.2351164219643648	0.0705330900901467	0.4407805686579825	0.0001253933871018338	0.789247311827957	0.4333359894463775
34197667	[-128,172.0,-44.0]	40.5838975625	-74.09840019375	0.2351164219643648	0.0705330900901467	0.4407805686579825	0.0001253933871018338	0.789247311827957	0.4333359894463775
59386168	[-172,124.0,48.0]	40.5698952	-74.08983902	0.2351164219643648	0.0705330900901467	0.4407805686579825	0.0001253933871018338	0.789247311827957	0.4333359894463775
59386207	[-148,106.0,42.0]	40.57299626428572	-74.08666871428572	0.2351164219643648	0.0705330900901467	0.4407805686579825	0.0001253933871018338	0.789247311827957	0.4333359894463775
34197766	[-131,124.0,7.0]	40.57836790816325	-74.08986356190476	0.2351164219643648	0.0705330900901467	0.4407805686579825	0.0001253933871018338	0.789247311827957	0.4333359894463775
185021232	[-135,93.0,42.0]	40.5743171	-74.08431832	0.2351164219643648	0.0705330900901467	0.4407805686579825	0.0001253933871018338	0.789247311827957	0.4333359894463775
286087280	[-76,96.0,-20.0]	40.586619500000005	-74.08485459411763	0.2351164219643648	0.0705330900901467	0.4407805686579825	0.0001253933871018338	0.789247311827957	0.4333359894463775
286087281	[-82,92.0,-10.0]	40.58515021470588	-74.08412062352942	0.2351164219643648	0.0705330900901467	0.4407805686579825	0.0001253933871018338	0.789247311827957	0.4333359894463775
286087283	[-77,116.0,-39.0]	40.58862885999999	-74.08839775999999	0.2351164219643648	0.0705330900901467	0.4407805686579825	0.0001253933871018338	0.789247311827957	0.4333359894463775
450783996	[-97,158.0,-61.0]	40.58875555714285	-74.09577117142858	0.2351164219643648	0.0705330900901467	0.4407805686579825	0.0001253933871018338	0.789247311827957	0.4333359894463775
59384782	[-86,48.0,38.0]	40.579759662499995	-74.076367825	0.2351164219643648	0.0705330900901467	0.4407805686579825	0.0001253933871018338	0.789247311827957	0.4333359894463775
59385053	[-127,84.0,43.0]	40.5750903	-74.08269738	0.2351164219643648	0.0705330900901467	0.4407805686579825	0.0001253933871018338	0.789247311827957	0.4333359894463775
34197271	[-26,20.0,6.0]	40.589239719999995	-74.07136449714285	0.2351164219643648	0.0705330900901467	0.4407805686579825	0.0001253933871018338	0.789247311827957	0.4333359894463775
286087282	[-87,91.0,-4.0]	40.58395415999999	-74.08397182571429	0.2351164219643648	0.0705330900901467	0.4407805686579825	0.0001253933871018338	0.789247311827957	0.4333359894463775
241878599	[17,17.0,-34.0]	40.59768056666667	-74.07080934999999	0.2351164219643648	0.0705330900901467	0.4407805686579825	0.0001253933871018338	0.789247311827957	0.4333359894463775
34197002	[28,65.0,-93.0]	40.60482612608696	-74.07940016956522	0.2351164219643648	0.0705330900901467	0.4407805686579825	0.0001253933871018338	0.789247311827957	0.4333359894463775
35594810	[21,25.0,-46.0]	40.599330671428575	-74.07233804285714	0.2351164219643648	0.0705330900901467	0.4407805686579825	0.0001253933871018338	0.789247311827957	0.4333359894463775
456363914	[127,14.0,-141.0]	40.61990846	-74.07025739999999	0.2351164219643648	0.0705330900901467	0.4407805686579825	0.0001253933871018338	0.789247311827957	0.4333359894463775
59382165	[-10,-6.0,16.0]	40.58970334444445	-74.06677739999999	0.2351164219643648	0.0705330900901467	0.4407805686579825	0.0001253933871018338	0.789247311827957	0.4333359894463775
59382170	[-3,-13.0,16.0]	40.59054472	-74.06548328	0.2351164219643648	0.0705330900901467	0.4407805686579825	0.0001253933871018338	0.789247311827957	0.4333359894463775
59383258	[-35,11.0,24.0]	40.58631846666667	-74.06970645	0.2351164219643648	0.0705330900901467	0.4407805686579825	0.0001253933871018338	0.789247311827957	0.4333359894463775
59381942	[24,-35.0,11.0]	40.593764574999994	-74.0616039125	0.2351164219643648	0.0705330900901467	0.4407805686579825	0.0001253933871018338	0.789247311827957	0.4333359894463775
78334020	[83,-56.0,-27.0]	40.60371918235295	-74.05773871764707	0.2351164219643648	0.0705330900901467	0.4407805686579825	0.0001253933871018338	0.789247311827957	0.4333359894463775
364968387	[52,-35.0,-17.0]	40.599467969230766	-74.06161970769232	0.2351164219643648	0.0705330900901467	0.4407805686579825	0.0001253933871018338	0.789247311827957	0.4333359894463775
364973316	[70,-54.0,-16.0]	40.60124229999998	-74.05832164285712	0.2351164219643648	0.0705330900901467	0.4407805686579825	0.0001253933871018338	0.789247311827957	0.4333359894463775
643470566	[77,-53.0,-24.0]	40.60282964444444	-74.05834862222224	0.2351164219643648	0.0705330900901467	0.4407805686579825	0.0001253933871018338	0.789247311827957	0.4333359894463775
643472494	[93,-41.0,-52.0]	40.6073088875	-74.06062397499998	0.2351164219643648	0.0705330900901467	0.4407805686579825	0.0001253933871018338	0.789247311827957	0.4333359894463775
34923118	[124,-25.0,-99.0]	40.615267159999995	-74.063257352	0.2351164219643648	0.0705330900901467	0.4407805686579825	0.0001253933871018338	0.789247311827957	0.4333359894463775
35594703	[87,-26.0,-61.0]	40.6075912	-74.06322078	0.2351164219643648	0.0705330900901467	0.4407805686579825	0.0001253933871018338	0.789247311827957	0.4333359894463775
443714692	[120,2.0,-122.0]	40.617240271428564	-74.06811861428572	0.2351164219643648	0.0705330900901467	0.4407805686579825	0.0001253933871018338	0.789247311827957	0.4333359894463775
364973779	[83,-75.0,-8.0]	40.601801900000005	-74.05449109354835	0.2351164219643648	0.0705330900901467	0.4407805686579825	0.0001253933871018338	0.789247311827957	0.4333359894463775
411700680	[71,-70.0,-1.0]	40.59986946	-74.05535554000001	0.2351164219643648	0.0705330900901467	0.4407805686579825	0.0001253933871018338	0.789247311827957	0.4333359894463775
443719774	[91,-67.0,-24.0]	40.60428417999999	-74.0558501	0.2351164219643648	0.0705330900901467	0.4407805686579825	0.0001253933871018338	0.789247311827957	0.4333359894463775
247636327	[30,-27.0,-3.0]	40.595798300000006	-74.0630072125	0.2351164219643648	0.0705330900901467	0.4407805686579825	0.0001253933871018338	0.789247311827957	0.4333359894463775
247656943	[-55,114.0,-59.0]	40.59285035999999	-74.08801346	0.2351164219643648	0.0705330900901467	0.4407805686579825	0.0001253933871018338	0.789247311827957	0.4333359894463775
247650221	[-89,102.0,-13.0]	40.58464610987655	-74.08585597530865	0.2351164219643648	0.0705330900901467	0.4407805686579825	0.0001253933871018338	0.789247311827957	0.4333359894463775
33992484	[-80,69.0,11.0]	40.583145699999996	-74.08005802	0.2351164219643648	0.0705330900901467	0.4407805686579825	0.0001253933871018338	0.789247311827957	0.4333359894463775
450784016	[-97,159.0,-62.0]	40.58887168	-74.0959122	0.2351164219643648	0.0705330900901467	0.4407805686579825	0.0001253933871018338	0.789247311827957	0.4333359894463775
247662174	[-123,163.0,-40.0]	40.58387396	-74.09679062000001	0.2351164219643648	0.0705330900901467	0.4407805686579825	0.0001253933871018338	0.789247311827957	0.4333359894463775
247663207	[-102,108.0,-6.0]	40.58257234	-74.08702632	0.2351164219643648	0.0705330900901467	0.4407805686579825	0.0001253933871018338	0.789247311827957	0.4333359894463775
247663234	[-102,106.0,-4.0]	40.5823801	-74.0866599	0.2351164219643648	0.0705330900901467	0.4407805686579825	0.0001253933871018338	0.789247311827957	0.4333359894463775
247648123	[-24,77.0,-53.0]	40.59548158	-74.08149546	0.2351164219643648	0.0705330900901467	0.4407805686579825	0.0001253933871018338	0.789247311827957	0.4333359894463775
244063256	[55,-39.0,-16.0]	40.59971364	-74.0609904	0.2351164219643648	0.0705330900901467	0.4407805686579825	0.0001253933871018338	0.789247311827957	0.4333359894463775
411700262	[75,-75.0,0.0]	40.60016285555555	-74.05455549999999	0.2351164219643648	0.0705330900901467	0.4407805686579825	0.0001253933871018338	0.789247311827957	0.4333359894463775
247647769	247647769	0
247646648	247647769	4.0
147969904	247647769	5.0
147969906	247647769	5.0
147969920	247647769	5.0
147969925	247647769	5.0
185021241	247647769	5.0
59386228	247647769	5.0
302774081	247647769	4.0
302774082	247647769	4.0
302774083	247647769	4.0
59384995	247647769	5.0
147969939	247647769	5.0
147969933	247647769	4.0
200719850	247647769	5.0
286088422	247647769	2.0
286088423	247647769	2.0
35017760	247647769	4.0
59382654	247647769	4.0
185021238	247647769	4.0
59381967	247647769	4.0
443728405	247647769	4.0
443728406	247647769	4.0
443728407	247647769	4.0
443728408	247647769	4.0
147969923	247647769	4.0
147969945	247647769	4.0
365095150	247647769	5.0
365095151	247647769	5.0
413492426	247647769	5.0
413492428	247647769	4.0
35018067	247647769	4.0
247663201	247647769	4.0
35090608	247647769	3.0
241878600	247647769	3.0
241839870	247647769	4.0
34197667	247647769	4.0
59386168	247647769	5.0
59386207	247647769	5.0
34197766	247647769	5.0
185021232	247647769	5.0
286087280	247647769	4.0
286087281	247647769	4.0
286087283	247647769	4.0
450783996	247647769	4.0
59384782	247647769	5.0
59385053	247647769	5.0
34197271	247647769	3.0
286087282	247647769	4.0
241878599	247647769	3.0
34197002	247647769	3.0
35594810	247647769	3.0
456363914	247647769	4.0
59382165	247647769	4.0
59382170	247647769	4.0
59383258	247647769	4.0
59381942	247647769	4.0
78334020	247647769	4.0
364968387	247647769	4.0
364973316	247647769	4.0
643470566	247647769	4.0
643472494	247647769	4.0
34923118	247647769	4.0
35594703	247647769	4.0
443714692	247647769	4.0
364973779	247647769	4.0
411700680	247647769	4.0
443719774	247647769	4.0
247636327	247647769	4.0
247656943	247647769	3.0
247650221	247647769	4.0
33992484	247647769	5.0
450784016	247647769	4.0
247662174	247647769	4.0
247663207	247647769	4.0
247663234	247647769	4.0
247648123	247647769	2.0
244063256	247647769	4.0
411700262	247647769	4.0
247646648	247646648	0
147969904	247646648	5.0
147969906	247646648	5.0
147969920	247646648	5.0
147969925	247646648	4.0
185021241	247646648	4.0
59386228	247646648	4.0
302774081	247646648	5.0
302774082	247646648	5.0
302774083	247646648	5.0
59384995	247646648	4.0
147969939	247646648	4.0
147969933	247646648	3.0
200719850	247646648	4.0
286088422	247646648	4.0
286088423	247646648	4.0
35017760	247646648	5.0
59382654	247646648	1.0
185021238	247646648	0.0
59381967	247646648	1.0
443728405	247646648	2.0
443728406	247646648	3.0
443728407	247646648	4.0
443728408	247646648	4.0
147969923	247646648	4.0
147969945	247646648	4.0
365095150	247646648	4.0
365095151	247646648	4.0
413492426	247646648	4.0
413492428	247646648	4.0
35018067	247646648	5.0
247663201	247646648	4.0
35090608	247646648	3.0
241878600	247646648	3.0
241839870	247646648	5.0
34197667	247646648	5.0
59386168	247646648	5.0
59386207	247646648	4.0
34197766	247646648	4.0
185021232	247646648	4.0
286087280	247646648	4.0
286087281	247646648	4.0
286087283	247646648	5.0
450783996	247646648	5.0
59384782	247646648	3.0
59385053	247646648	4.0
34197271	247646648	3.0
286087282	247646648	4.0
241878599	247646648	3.0
34197002	247646648	4.0
35594810	247646648	3.0
456363914	247646648	5.0
59382165	247646648	0.0
59382170	247646648	1.0
59383258	247646648	2.0
59381942	247646648	3.0
78334020	247646648	4.0
364968387	247646648	3.0
364973316	247646648	4.0
643470566	247646648	4.0
643472494	247646648	4.0
34923118	247646648	5.0
35594703	247646648	4.0
443714692	247646648	5.0
364973779	247646648	4.0
411700680	247646648	4.0
443719774	247646648	4.0
247636327	247646648	3.0
247656943	247646648	4.0
247650221	247646648	4.0
33992484	247646648	4.0
450784016	247646648	5.0
247662174	247646648	5.0
247663207	247646648	4.0
247663234	247646648	4.0
247648123	247646648	4.0
244063256	247646648	3.0
411700262	247646648	4.0
147969904	147969904	0
147969906	147969904	0.0
147969920	147969904	1.0
147969925	147969904	3.0
185021241	147969904	0.0
59386228	147969904	3.0
302774081	147969904	4.0
302774082	147969904	4.0
302774083	147969904	4.0
59384995	147969904	3.0
147969939	147969904	3.0
147969933	147969904	4.0
200719850	147969904	4.0
286088422	147969904	5.0
286088423	147969904	5.0
35017760	147969904	6.0
59382654	147969904	4.0
185021238	147969904	5.0
59381967	147969904	5.0
443728405	147969904	5.0
443728406	147969904	5.0
443728407	147969904	5.0
443728408	147969904	5.0
147969923	147969904	5.0
147969945	147969904	5.0
365095150	147969904	5.0
365095151	147969904	5.0
413492426	147969904	5.0
413492428	147969904	5.0
35018067	147969904	6.0
247663201	147969904	4.0
35090608	147969904	5.0
241878600	147969904	5.0
241839870	147969904	6.0
34197667	147969904	4.0
59386168	147969904	1.0
59386207	147969904	3.0
34197766	147969904	3.0
185021232	147969904	3.0
286087280	147969904	4.0
286087281	147969904	4.0
286087283	147969904	5.0
450783996	147969904	5.0
59384782	147969904	4.0
59385053	147969904	3.0
34197271	147969904	5.0
286087282	147969904	4.0
241878599	147969904	5.0
34197002	147969904	5.0
35594810	147969904	5.0
456363914	147969904	6.0
59382165	147969904	5.0
59382170	147969904	5.0
59383258	147969904	4.0
59381942	147969904	5.0
78334020	147969904	5.0
364968387	147969904	5.0
364973316	147969904	5.0
643470566	147969904	5.0
643472494	147969904	5.0
34923118	147969904	6.0
35594703	147969904	5.0
443714692	147969904	6.0
364973779	147969904	5.0
411700680	147969904	5.0
443719774	147969904	5.0
247636327	147969904	5.0
247656943	147969904	5.0
247650221	147969904	4.0
33992484	147969904	4.0
450784016	147969904	5.0
247662174	147969904	4.0
247663207	147969904	4.0
247663234	147969904	4.0
247648123	147969904	5.0
244063256	147969904	5.0
411700262	147969904	5.0
147969906	147969906	0
147969920	147969906	2.0
147969925	147969906	3.0
185021241	147969906	1.0
59386228	147969906	3.0
302774081	147969906	4.0
302774082	147969906	4.0
302774083	147969906	4.0
59384995	147969906	3.0
147969939	147969906	3.0
147969933	147969906	4.0
200719850	147969906	4.0
286088422	147969906	5.0
286088423	147969906	5.0
35017760	147969906	6.0
59382654	147969906	4.0
185021238	147969906	5.0
59381967	147969906	5.0
443728405	147969906	5.0
443728406	147969906	5.0
443728407	147969906	5.0
443728408	147969906	5.0
147969923	147969906	5.0
147969945	147969906	5.0
365095150	147969906	5.0
365095151	147969906	5.0
413492426	147969906	5.0
413492428	147969906	5.0
35018067	147969906	6.0
247663201	147969906	4.0
35090608	147969906	5.0
241878600	147969906	5.0
241839870	147969906	6.0
34197667	147969906	4.0
59386168	147969906	2.0
59386207	147969906	3.0
34197766	147969906	4.0
185021232	147969906	3.0
286087280	147969906	5.0
286087281	147969906	4.0
286087283	147969906	5.0
450783996	147969906	5.0
59384782	147969906	4.0
59385053	147969906	3.0
34197271	147969906	5.0
286087282	147969906	4.0
241878599	147969906	5.0
34197002	147969906	5.0
35594810	147969906	5.0
456363914	147969906	6.0
59382165	147969906	5.0
59382170	147969906	5.0
59383258	147969906	4.0
59381942	147969906	5.0
78334020	147969906	5.0
364968387	147969906	5.0
364973316	147969906	5.0
643470566	147969906	5.0
643472494	147969906	5.0
34923118	147969906	6.0
35594703	147969906	5.0
443714692	147969906	6.0
364973779	147969906	5.0
411700680	147969906	5.0
443719774	147969906	5.0
247636327	147969906	5.0
247656943	147969906	5.0
247650221	147969906	4.0
33992484	147969906	5.0
450784016	147969906	5.0
247662174	147969906	4.0
247663207	147969906	4.0
247663234	147969906	4.0
247648123	147969906	5.0
244063256	147969906	5.0
411700262	147969906	5.0
147969920	147969920	0
147969925	147969920	3.0
185021241	147969920	1.0
59386228	147969920	3.0
302774081	147969920	4.0
302774082	147969920	4.0
302774083	147969920	4.0
59384995	147969920	3.0
147969939	147969920	3.0
147969933	147969920	4.0
200719850	147969920	4.0
286088422	147969920	5.0
286088423	147969920	5.0
35017760	147969920	6.0
59382654	147969920	4.0
185021238	147969920	5.0
59381967	147969920	5.0
443728405	147969920	5.0
443728406	147969920	5.0
443728407	147969920	5.0
443728408	147969920	5.0
147969923	147969920	5.0
147969945	147969920	5.0
365095150	147969920	5.0
365095151	147969920	5.0
413492426	147969920	5.0
413492428	147969920	5.0
35018067	147969920	6.0
247663201	147969920	4.0
35090608	147969920	5.0
241878600	147969920	5.0
241839870	147969920	6.0
34197667	147969920	4.0
59386168	147969920	0.0
59386207	147969920	3.0
34197766	147969920	3.0
185021232	147969920	3.0
286087280	147969920	4.0
286087281	147969920	4.0
286087283	147969920	5.0
450783996	147969920	5.0
59384782	147969920	4.0
59385053	147969920	3.0
34197271	147969920	5.0
286087282	147969920	4.0
241878599	147969920	5.0
34197002	147969920	5.0
35594810	147969920	5.0
456363914	147969920	6.0
59382165	147969920	5.0
59382170	147969920	5.0
59383258	147969920	4.0
59381942	147969920	5.0
78334020	147969920	5.0
364968387	147969920	5.0
364973316	147969920	5.0
643470566	147969920	5.0
643472494	147969920	5.0
34923118	147969920	6.0
35594703	147969920	5.0
443714692	147969920	6.0
364973779	147969920	5.0
411700680	147969920	5.0
443719774	147969920	5.0
247636327	147969920	5.0
247656943	147969920	5.0
247650221	147969920	4.0
33992484	147969920	4.0
450784016	147969920	5.0
247662174	147969920	4.0
247663207	147969920	4.0
247663234	147969920	4.0
247648123	147969920	5.0
244063256	147969920	5.0
411700262	147969920	5.0
147969925	147969925	0
185021241	147969925	3.0
59386228	147969925	2.0
302774081	147969925	4.0
302774082	147969925	4.0
302774083	147969925	4.0
59384995	147969925	2.0
147969939	147969925	2.0
147969933	147969925	4.0
200719850	147969925	4.0
286088422	147969925	5.0
286088423	147969925	5.0
35017760	147969925	6.0
59382654	147969925	4.0
185021238	147969925	4.0
59381967	147969925	4.0
443728405	147969925	4.0
443728406	147969925	5.0
443728407	147969925	5.0
443728408	147969925	5.0
147969923	147969925	5.0
147969945	147969925	5.0
365095150	147969925	5.0
365095151	147969925	5.0
413492426	147969925	5.0
413492428	147969925	5.0
35018067	147969925	6.0
247663201	147969925	4.0
35090608	147969925	5.0
241878600	147969925	5.0
241839870	147969925	6.0
34197667	147969925	4.0
59386168	147969925	3.0
59386207	147969925	0.0
34197766	147969925	3.0
185021232	147969925	2.0
286087280	147969925	4.0
286087281	147969925	4.0
286087283	147969925	5.0
450783996	147969925	5.0
59384782	147969925	3.0
59385053	147969925	2.0
34197271	147969925	5.0
286087282	147969925	4.0
241878599	147969925	5.0
34197002	147969925	5.0
35594810	147969925	5.0
456363914	147969925	6.0
59382165	147969925	4.0
59382170	147969925	4.0
59383258	147969925	4.0
59381942	147969925	5.0
78334020	147969925	5.0
364968387	147969925	5.0
364973316	147969925	5.0
643470566	147969925	5.0
643472494	147969925	5.0
34923118	147969925	6.0
35594703	147969925	5.0
443714692	147969925	6.0
364973779	147969925	5.0
411700680	147969925	5.0
443719774	147969925	5.0
247636327	147969925	5.0
247656943	147969925	5.0
247650221	147969925	4.0
33992484	147969925	4.0
450784016	147969925	5.0
247662174	147969925	4.0
247663207	147969925	4.0
247663234	147969925	4.0
247648123	147969925	5.0
244063256	147969925	5.0
411700262	147969925	5.0
185021241	185021241	0
59386228	185021241	3.0
302774081	185021241	4.0
302774082	185021241	4.0
302774083	185021241	4.0
59384995	185021241	3.0
147969939	185021241	3.0
147969933	185021241	4.0
200719850	185021241	4.0
286088422	185021241	5.0
286088423	185021241	5.0
35017760	185021241	6.0
59382654	185021241	4.0
185021238	185021241	4.0
59381967	185021241	5.0
443728405	185021241	5.0
443728406	185021241	5.0
443728407	185021241	5.0
443728408	185021241	5.0
147969923	185021241	5.0
147969945	185021241	5.0
365095150	185021241	5.0
365095151	185021241	5.0
413492426	185021241	5.0
413492428	185021241	5.0
35018067	185021241	6.0
247663201	185021241	4.0
35090608	185021241	5.0
241878600	185021241	5.0
241839870	185021241	6.0
34197667	185021241	4.0
59386168	185021241	1.0
59386207	185021241	3.0
34197766	185021241	3.0
185021232	185021241	3.0
286087280	185021241	4.0
286087281	185021241	4.0
286087283	185021241	5.0
450783996	185021241	5.0
59384782	185021241	4.0
59385053	185021241	3.0
34197271	185021241	5.0
286087282	185021241	4.0
241878599	185021241	5.0
34197002	185021241	5.0
35594810	185021241	5.0
456363914	185021241	6.0
59382165	185021241	4.0
59382170	185021241	5.0
59383258	185021241	4.0
59381942	185021241	5.0
78334020	185021241	5.0
364968387	185021241	5.0
364973316	185021241	5.0
643470566	185021241	5.0
643472494	185021241	5.0
34923118	185021241	6.0
35594703	185021241	5.0
443714692	185021241	6.0
364973779	185021241	5.0
411700680	185021241	5.0
443719774	185021241	5.0
247636327	185021241	5.0
247656943	185021241	5.0
247650221	185021241	4.0
33992484	185021241	4.0
450784016	185021241	5.0
247662174	185021241	4.0
247663207	185021241	4.0
247663234	185021241	4.0
247648123	185021241	5.0
244063256	185021241	5.0
411700262	185021241	5.0
59386228	59386228	0
302774081	59386228	4.0
302774082	59386228	4.0
302774083	59386228	4.0
59384995	59386228	2.0
147969939	59386228	2.0
147969933	59386228	4.0
200719850	59386228	4.0
286088422	59386228	5.0
286088423	59386228	5.0
35017760	59386228	6.0
59382654	59386228	4.0
185021238	59386228	4.0
59381967	59386228	4.0
443728405	59386228	4.0
443728406	59386228	5.0
443728407	59386228	5.0
443728408	59386228	5.0
147969923	59386228	5.0
147969945	59386228	5.0
365095150	59386228	5.0
365095151	59386228	5.0
413492426	59386228	5.0
413492428	59386228	5.0
35018067	59386228	6.0
247663201	59386228	3.0
35090608	59386228	5.0
241878600	59386228	5.0
241839870	59386228	6.0
34197667	59386228	4.0
59386168	59386228	3.0
59386207	59386228	1.0
34197766	59386228	2.0
185021232	59386228	0.0
286087280	59386228	4.0
286087281	59386228	4.0
286087283	59386228	4.0
450783996	59386228	4.0
59384782	59386228	3.0
59385053	59386228	2.0
34197271	59386228	5.0
286087282	59386228	4.0
241878599	59386228	5.0
34197002	59386228	5.0
35594810	59386228	5.0
456363914	59386228	6.0
59382165	59386228	4.0
59382170	59386228	4.0
59383258	59386228	4.0
59381942	59386228	4.0
78334020	59386228	5.0
364968387	59386228	5.0
364973316	59386228	5.0
643470566	59386228	5.0
643472494	59386228	5.0
34923118	59386228	6.0
35594703	59386228	5.0
443714692	59386228	6.0
364973779	59386228	5.0
411700680	59386228	5.0
443719774	59386228	5.0
247636327	59386228	5.0
247656943	59386228	5.0
247650221	59386228	4.0
33992484	59386228	4.0
450784016	59386228	4.0
247662174	59386228	4.0
247663207	59386228	4.0
247663234	59386228	4.0
247648123	59386228	5.0
244063256	59386228	5.0
411700262	59386228	5.0
302774081	302774081	0
302774082	302774081	1.0
302774083	302774081	0.0
59384995	302774081	4.0
147969939	302774081	4.0
147969933	302774081	4.0
200719850	302774081	4.0
286088422	302774081	4.0
286088423	302774081	4.0
35017760	302774081	5.0
59382654	302774081	5.0
185021238	302774081	5.0
59381967	302774081	5.0
443728405	302774081	5.0
443728406	302774081	5.0
443728407	302774081	5.0
443728408	302774081	5.0
147969923	302774081	5.0
147969945	302774081	5.0
365095150	302774081	5.0
365095151	302774081	5.0
413492426	302774081	5.0
413492428	302774081	5.0
35018067	302774081	5.0
247663201	302774081	3.0
35090608	302774081	5.0
241878600	302774081	5.0
241839870	302774081	5.0
34197667	302774081	0.0
59386168	302774081	4.0
59386207	302774081	4.0
34197766	302774081	3.0
185021232	302774081	4.0
286087280	302774081	4.0
286087281	302774081	4.0
286087283	302774081	3.0
450783996	302774081	3.0
59384782	302774081	4.0
59385053	302774081	4.0
34197271	302774081	5.0
286087282	302774081	4.0
241878599	302774081	5.0
34197002	302774081	5.0
35594810	302774081	5.0
456363914	302774081	5.0
59382165	302774081	5.0
59382170	302774081	5.0
59383258	302774081	5.0
59381942	302774081	5.0
78334020	302774081	5.0
364968387	302774081	5.0
364973316	302774081	5.0
643470566	302774081	5.0
643472494	302774081	5.0
34923118	302774081	5.0
35594703	302774081	5.0
443714692	302774081	5.0
364973779	302774081	5.0
411700680	302774081	5.0
443719774	302774081	5.0
247636327	302774081	5.0
247656943	302774081	3.0
247650221	302774081	4.0
33992484	302774081	4.0
450784016	302774081	3.0
247662174	302774081	0.0
247663207	302774081	3.0
247663234	302774081	3.0
247648123	302774081	4.0
244063256	302774081	5.0
411700262	302774081	5.0
302774082	302774082	0
302774083	302774082	0.0
59384995	302774082	4.0
147969939	302774082	4.0
147969933	302774082	4.0
200719850	302774082	4.0
286088422	302774082	4.0
286088423	302774082	4.0
35017760	302774082	5.0
59382654	302774082	5.0
185021238	302774082	5.0
59381967	302774082	5.0
443728405	302774082	5.0
443728406	302774082	5.0
443728407	302774082	5.0
443728408	302774082	5.0
147969923	302774082	5.0
147969945	302774082	5.0
365095150	302774082	5.0
365095151	302774082	5.0
413492426	302774082	5.0
413492428	302774082	5.0
35018067	302774082	5.0
247663201	302774082	2.0
35090608	302774082	5.0
241878600	302774082	5.0
241839870	302774082	5.0
34197667	302774082	1.0
59386168	302774082	4.0
59386207	302774082	4.0
34197766	302774082	3.0
185021232	302774082	4.0
286087280	302774082	4.0
286087281	302774082	3.0
286087283	302774082	3.0
450783996	302774082	2.0
59384782	302774082	4.0
59385053	302774082	4.0
34197271	302774082	5.0
286087282	302774082	3.0
241878599	302774082	4.0
34197002	302774082	5.0
35594810	302774082	4.0
456363914	302774082	5.0
59382165	302774082	5.0
59382170	302774082	5.0
59383258	302774082	4.0
59381942	302774082	5.0
78334020	302774082	5.0
364968387	302774082	5.0
364973316	302774082	5.0
643470566	302774082	5.0
643472494	302774082	5.0
34923118	302774082	5.0
35594703	302774082	5.0
443714692	302774082	5.0
364973779	302774082	5.0
411700680	302774082	5.0
443719774	302774082	5.0
247636327	302774082	5.0
247656943	302774082	3.0
247650221	302774082	3.0
33992484	302774082	4.0
450784016	302774082	2.0
247662174	302774082	0.0
247663207	302774082	3.0
247663234	302774082	3.0
247648123	302774082	4.0
244063256	302774082	5.0
411700262	302774082	5.0
302774083	302774083	0
59384995	302774083	4.0
147969939	302774083	4.0
147969933	302774083	4.0
200719850	302774083	4.0
286088422	302774083	4.0
286088423	302774083	4.0
35017760	302774083	5.0
59382654	302774083	5.0
185021238	302774083	5.0
59381967	302774083	5.0
443728405	302774083	5.0
443728406	302774083	5.0
443728407	302774083	5.0
443728408	302774083	5.0
147969923	302774083	5.0
147969945	302774083	5.0
365095150	302774083	5.0
365095151	302774083	5.0
413492426	302774083	5.0
413492428	302774083	5.0
35018067	302774083	5.0
247663201	302774083	3.0
35090608	302774083	5.0
241878600	302774083	5.0
241839870	302774083	5.0
34197667	302774083	0.0
59386168	302774083	4.0
59386207	302774083	4.0
34197766	302774083	3.0
185021232	302774083	4.0
286087280	302774083	4.0
286087281	302774083	4.0
286087283	302774083	3.0
450783996	302774083	2.0
59384782	302774083	4.0
59385053	302774083	4.0
34197271	302774083	5.0
286087282	302774083	4.0
241878599	302774083	5.0
34197002	302774083	5.0
35594810	302774083	5.0
456363914	302774083	5.0
59382165	302774083	5.0
59382170	302774083	5.0
59383258	302774083	4.0
59381942	302774083	5.0
78334020	302774083	5.0
364968387	302774083	5.0
364973316	302774083	5.0
643470566	302774083	5.0
643472494	302774083	5.0
34923118	302774083	5.0
35594703	302774083	5.0
443714692	302774083	5.0
364973779	302774083	5.0
411700680	302774083	5.0
443719774	302774083	5.0
247636327	302774083	5.0
247656943	302774083	3.0
247650221	302774083	3.0
33992484	302774083	4.0
450784016	302774083	2.0
247662174	302774083	0.0
247663207	302774083	3.0
247663234	302774083	3.0
247648123	302774083	4.0
244063256	302774083	5.0
411700262	302774083	5.0
59384995	59384995	0
147969939	59384995	0.0
147969933	59384995	3.0
200719850	59384995	4.0
286088422	59384995	5.0
286088423	59384995	5.0
35017760	59384995	5.0
59382654	59384995	4.0
185021238	59384995	4.0
59381967	59384995	4.0
443728405	59384995	4.0
443728406	59384995	4.0
443728407	59384995	5.0
443728408	59384995	5.0
147969923	59384995	5.0
147969945	59384995	5.0
365095150	59384995	5.0
365095151	59384995	5.0
413492426	59384995	5.0
413492428	59384995	5.0
35018067	59384995	5.0
247663201	59384995	3.0
35090608	59384995	5.0
241878600	59384995	4.0
241839870	59384995	5.0
34197667	59384995	4.0
59386168	59384995	3.0
59386207	59384995	2.0
34197766	59384995	3.0
185021232	59384995	1.0
286087280	59384995	4.0
286087281	59384995	3.0
286087283	59384995	4.0
450783996	59384995	4.0
59384782	59384995	2.0
59385053	59384995	0.0
34197271	59384995	4.0
286087282	59384995	3.0
241878599	59384995	4.0
34197002	59384995	5.0
35594810	59384995	5.0
456363914	59384995	6.0
59382165	59384995	4.0
59382170	59384995	4.0
59383258	59384995	4.0
59381942	59384995	4.0
78334020	59384995	5.0
364968387	59384995	5.0
364973316	59384995	5.0
643470566	59384995	5.0
643472494	59384995	5.0
34923118	59384995	6.0
35594703	59384995	5.0
443714692	59384995	6.0
364973779	59384995	5.0
411700680	59384995	5.0
443719774	59384995	5.0
247636327	59384995	4.0
247656943	59384995	4.0
247650221	59384995	3.0
33992484	59384995	4.0
450784016	59384995	4.0
247662174	59384995	4.0
247663207	59384995	3.0
247663234	59384995	3.0
247648123	59384995	5.0
244063256	59384995	5.0
411700262	59384995	5.0
147969939	147969939	0
147969933	147969939	3.0
200719850	147969939	4.0
286088422	147969939	5.0
286088423	147969939	5.0
35017760	147969939	5.0
59382654	147969939	4.0
185021238	147969939	4.0
59381967	147969939	4.0
443728405	147969939	4.0
443728406	147969939	5.0
443728407	147969939	5.0
443728408	147969939	5.0
147969923	147969939	5.0
147969945	147969939	5.0
365095150	147969939	5.0
365095151	147969939	5.0
413492426	147969939	5.0
413492428	147969939	5.0
35018067	147969939	5.0
247663201	147969939	3.0
35090608	147969939	5.0
241878600	147969939	5.0
241839870	147969939	5.0
34197667	147969939	4.0
59386168	147969939	3.0
59386207	147969939	2.0
34197766	147969939	3.0
185021232	147969939	1.0
286087280	147969939	4.0
286087281	147969939	4.0
286087283	147969939	4.0
450783996	147969939	4.0
59384782	147969939	3.0
59385053	147969939	0.0
34197271	147969939	5.0
286087282	147969939	4.0
241878599	147969939	4.0
34197002	147969939	5.0
35594810	147969939	5.0
456363914	147969939	6.0
59382165	147969939	4.0
59382170	147969939	4.0
59383258	147969939	4.0
59381942	147969939	4.0
78334020	147969939	5.0
364968387	147969939	5.0
364973316	147969939	5.0
643470566	147969939	5.0
643472494	147969939	5.0
34923118	147969939	6.0
35594703	147969939	5.0
443714692	147969939	6.0
364973779	147969939	5.0
411700680	147969939	5.0
443719774	147969939	5.0
247636327	147969939	4.0
247656943	147969939	4.0
247650221	147969939	4.0
33992484	147969939	4.0
450784016	147969939	4.0
247662174	147969939	4.0
247663207	147969939	4.0
247663234	147969939	4.0
247648123	147969939	5.0
244063256	147969939	5.0
411700262	147969939	5.0
147969933	147969933	0
200719850	147969933	4.0
286088422	147969933	4.0
286088423	147969933	4.0
35017760	147969933	5.0
59382654	147969933	3.0
185021238	147969933	3.0
59381967	147969933	3.0
443728405	147969933	3.0
443728406	147969933	4.0
443728407	147969933	4.0
443728408	147969933	4.0
147969923	147969933	4.0
147969945	147969933	4.0
365095150	147969933	5.0
365095151	147969933	5.0
413492426	147969933	5.0
413492428	147969933	5.0
35018067	147969933	5.0
247663201	147969933	4.0
35090608	147969933	4.0
241878600	147969933	4.0
241839870	147969933	5.0
34197667	147969933	4.0
59386168	147969933	4.0
59386207	147969933	4.0
34197766	147969933	4.0
185021232	147969933	3.0
286087280	147969933	4.0
286087281	147969933	4.0
286087283	147969933	4.0
450783996	147969933	4.0
59384782	147969933	2.0
59385053	147969933	3.0
34197271	147969933	4.0
286087282	147969933	3.0
241878599	147969933	4.0
34197002	147969933	5.0
35594810	147969933	4.0
456363914	147969933	5.0
59382165	147969933	3.0
59382170	147969933	3.0
59383258	147969933	2.0
59381942	147969933	4.0
78334020	147969933	4.0
364968387	147969933	4.0
364973316	147969933	4.0
643470566	147969933	4.0
643472494	147969933	5.0
34923118	147969933	5.0
35594703	147969933	5.0
443714692	147969933	5.0
364973779	147969933	4.0
411700680	147969933	4.0
443719774	147969933	4.0
247636327	147969933	4.0
247656943	147969933	4.0
247650221	147969933	3.0
33992484	147969933	4.0
450784016	147969933	4.0
247662174	147969933	4.0
247663207	147969933	4.0
247663234	147969933	3.0
247648123	147969933	4.0
244063256	147969933	4.0
411700262	147969933	5.0
200719850	200719850	0
286088422	200719850	5.0
286088423	200719850	5.0
35017760	200719850	5.0
59382654	200719850	4.0
185021238	200719850	4.0
59381967	200719850	4.0
443728405	200719850	5.0
443728406	200719850	5.0
443728407	200719850	5.0
443728408	200719850	5.0
147969923	200719850	5.0
147969945	200719850	5.0
365095150	200719850	5.0
365095151	200719850	5.0
413492426	200719850	5.0
413492428	200719850	5.0
35018067	200719850	5.0
247663201	200719850	4.0
35090608	200719850	5.0
241878600	200719850	5.0
241839870	200719850	5.0
34197667	200719850	4.0
59386168	200719850	4.0
59386207	200719850	4.0
34197766	200719850	4.0
185021232	200719850	4.0
286087280	200719850	4.0
286087281	200719850	4.0
286087283	200719850	4.0
450783996	200719850	4.0
59384782	200719850	3.0
59385053	200719850	4.0
34197271	200719850	5.0
286087282	200719850	3.0
241878599	200719850	5.0
34197002	200719850	5.0
35594810	200719850	5.0
456363914	200719850	6.0
59382165	200719850	4.0
59382170	200719850	4.0
59383258	200719850	4.0
59381942	200719850	5.0
78334020	200719850	5.0
364968387	200719850	5.0
364973316	200719850	5.0
643470566	200719850	5.0
643472494	200719850	5.0
34923118	200719850	6.0
35594703	200719850	5.0
443714692	200719850	6.0
364973779	200719850	5.0
411700680	200719850	5.0
443719774	200719850	5.0
247636327	200719850	5.0
247656943	200719850	4.0
247650221	200719850	4.0
33992484	200719850	0.0
450784016	200719850	4.0
247662174	200719850	4.0
247663207	200719850	4.0
247663234	200719850	3.0
247648123	200719850	5.0
244063256	200719850	5.0
411700262	200719850	5.0
286088422	286088422	0
286088423	286088422	0.0
35017760	286088422	4.0
59382654	286088422	4.0
185021238	286088422	4.0
59381967	286088422	4.0
443728405	286088422	4.0
443728406	286088422	4.0
443728407	286088422	4.0
443728408	286088422	4.0
147969923	286088422	4.0
147969945	286088422	4.0
365095150	286088422	5.0
365095151	286088422	4.0
413492426	286088422	4.0
413492428	286088422	4.0
35018067	286088422	4.0
247663201	286088422	4.0
35090608	286088422	3.0
241878600	286088422	3.0
241839870	286088422	4.0
34197667	286088422	4.0
59386168	286088422	5.0
59386207	286088422	5.0
34197766	286088422	5.0
185021232	286088422	5.0
286087280	286088422	4.0
286087281	286088422	4.0
286087283	286088422	3.0
450783996	286088422	4.0
59384782	286088422	5.0
59385053	286088422	5.0
34197271	286088422	3.0
286087282	286088422	4.0
241878599	286088422	3.0
34197002	286088422	4.0
35594810	286088422	3.0
456363914	286088422	5.0
59382165	286088422	4.0
59382170	286088422	4.0
59383258	286088422	4.0
59381942	286088422	4.0
78334020	286088422	4.0
364968387	286088422	4.0
364973316	286088422	4.0
643470566	286088422	4.0
643472494	286088422	4.0
34923118	286088422	5.0
35594703	286088422	4.0
443714692	286088422	5.0
364973779	286088422	4.0
411700680	286088422	4.0
443719774	286088422	4.0
247636327	286088422	4.0
247656943	286088422	3.0
247650221	286088422	4.0
33992484	286088422	5.0
450784016	286088422	4.0
247662174	286088422	4.0
247663207	286088422	4.0
247663234	286088422	4.0
247648123	286088422	0.0
244063256	286088422	4.0
411700262	286088422	4.0
286088423	286088423	0
35017760	286088423	4.0
59382654	286088423	4.0
185021238	286088423	4.0
59381967	286088423	4.0
443728405	286088423	4.0
443728406	286088423	4.0
443728407	286088423	4.0
443728408	286088423	4.0
147969923	286088423	4.0
147969945	286088423	4.0
365095150	286088423	5.0
365095151	286088423	5.0
413492426	286088423	4.0
413492428	286088423	4.0
35018067	286088423	4.0
247663201	286088423	4.0
35090608	286088423	3.0
241878600	286088423	3.0
241839870	286088423	4.0
34197667	286088423	4.0
59386168	286088423	5.0
59386207	286088423	5.0
34197766	286088423	5.0
185021232	286088423	5.0
286087280	286088423	4.0
286087281	286088423	4.0
286087283	286088423	3.0
450783996	286088423	4.0
59384782	286088423	5.0
59385053	286088423	5.0
34197271	286088423	3.0
286087282	286088423	4.0
241878599	286088423	3.0
34197002	286088423	3.0
35594810	286088423	3.0
456363914	286088423	5.0
59382165	286088423	4.0
59382170	286088423	4.0
59383258	286088423	4.0
59381942	286088423	4.0
78334020	286088423	4.0
364968387	286088423	4.0
364973316	286088423	4.0
643470566	286088423	4.0
643472494	286088423	4.0
34923118	286088423	4.0
35594703	286088423	4.0
443714692	286088423	4.0
364973779	286088423	4.0
411700680	286088423	4.0
443719774	286088423	4.0
247636327	286088423	4.0
247656943	286088423	3.0
247650221	286088423	4.0
33992484	286088423	5.0
450784016	286088423	4.0
247662174	286088423	4.0
247663207	286088423	4.0
247663234	286088423	4.0
247648123	286088423	0.0
244063256	286088423	4.0
411700262	286088423	4.0
35017760	35017760	0
59382654	35017760	5.0
185021238	35017760	5.0
59381967	35017760	5.0
443728405	35017760	5.0
443728406	35017760	5.0
443728407	35017760	5.0
443728408	35017760	5.0
147969923	35017760	3.0
147969945	35017760	3.0
365095150	35017760	5.0
365095151	35017760	5.0
413492426	35017760	5.0
413492428	35017760	5.0
35018067	35017760	2.0
247663201	35017760	5.0
35090608	35017760	4.0
241878600	35017760	4.0
241839870	35017760	2.0
34197667	35017760	5.0
59386168	35017760	6.0
59386207	35017760	6.0
34197766	35017760	5.0
185021232	35017760	5.0
286087280	35017760	5.0
286087281	35017760	5.0
286087283	35017760	5.0
450783996	35017760	5.0
59384782	35017760	5.0
59385053	35017760	5.0
34197271	35017760	5.0
286087282	35017760	5.0
241878599	35017760	4.0
34197002	35017760	3.0
35594810	35017760	4.0
456363914	35017760	3.0
59382165	35017760	5.0
59382170	35017760	5.0
59383258	35017760	5.0
59381942	35017760	5.0
78334020	35017760	5.0
364968387	35017760	4.0
364973316	35017760	5.0
643470566	35017760	5.0
643472494	35017760	4.0
34923118	35017760	3.0
35594703	35017760	4.0
443714692	35017760	2.0
364973779	35017760	5.0
411700680	35017760	5.0
443719774	35017760	5.0
247636327	35017760	5.0
247656943	35017760	5.0
247650221	35017760	5.0
33992484	35017760	5.0
450784016	35017760	5.0
247662174	35017760	5.0
247663207	35017760	5.0
247663234	35017760	5.0
247648123	35017760	4.0
244063256	35017760	4.0
411700262	35017760	5.0
59382654	59382654	0
185021238	59382654	1.0
59381967	59382654	2.0
443728405	59382654	2.0
443728406	59382654	3.0
443728407	59382654	4.0
443728408	59382654	4.0
147969923	59382654	4.0
147969945	59382654	4.0
365095150	59382654	4.0
365095151	59382654	4.0
413492426	59382654	4.0
413492428	59382654	4.0
35018067	59382654	5.0
247663201	59382654	4.0
35090608	59382654	3.0
241878600	59382654	3.0
241839870	59382654	5.0
34197667	59382654	5.0
59386168	59382654	4.0
59386207	59382654	4.0
34197766	59382654	4.0
185021232	59382654	4.0
286087280	59382654	4.0
286087281	59382654	4.0
286087283	59382654	5.0
450783996	59382654	5.0
59384782	59382654	3.0
59385053	59382654	4.0
34197271	59382654	3.0
286087282	59382654	4.0
241878599	59382654	3.0
34197002	59382654	4.0
35594810	59382654	3.0
456363914	59382654	5.0
59382165	59382654	1.0
59382170	59382654	2.0
59383258	59382654	1.0
59381942	59382654	3.0
78334020	59382654	4.0
364968387	59382654	3.0
364973316	59382654	4.0
643470566	59382654	4.0
643472494	59382654	4.0
34923118	59382654	5.0
35594703	59382654	4.0
443714692	59382654	5.0
364973779	59382654	4.0
411700680	59382654	4.0
443719774	59382654	4.0
247636327	59382654	3.0
247656943	59382654	4.0
247650221	59382654	4.0
33992484	59382654	4.0
450784016	59382654	5.0
247662174	59382654	5.0
247663207	59382654	4.0
247663234	59382654	4.0
247648123	59382654	4.0
244063256	59382654	4.0
411700262	59382654	4.0
185021238	185021238	0
59381967	185021238	1.0
443728405	185021238	2.0
443728406	185021238	3.0
443728407	185021238	4.0
443728408	185021238	4.0
147969923	185021238	4.0
147969945	185021238	4.0
365095150	185021238	4.0
365095151	185021238	4.0
413492426	185021238	4.0
413492428	185021238	4.0
35018067	185021238	5.0
247663201	185021238	4.0
35090608	185021238	3.0
241878600	185021238	3.0
241839870	185021238	5.0
34197667	185021238	5.0
59386168	185021238	4.0
59386207	185021238	4.0
34197766	185021238	4.0
185021232	185021238	4.0
286087280	185021238	4.0
286087281	185021238	4.0
286087283	185021238	5.0
450783996	185021238	5.0
59384782	185021238	3.0
59385053	185021238	4.0
34197271	185021238	3.0
286087282	185021238	4.0
241878599	185021238	3.0
34197002	185021238	4.0
35594810	185021238	3.0
456363914	185021238	5.0
59382165	185021238	0.0
59382170	185021238	1.0
59383258	185021238	2.0
59381942	185021238	3.0
78334020	185021238	4.0
364968387	185021238	3.0
364973316	185021238	4.0
643470566	185021238	4.0
643472494	185021238	4.0
34923118	185021238	5.0
35594703	185021238	4.0
443714692	185021238	5.0
364973779	185021238	4.0
411700680	185021238	4.0
443719774	185021238	4.0
247636327	185021238	3.0
247656943	185021238	4.0
247650221	185021238	4.0
33992484	185021238	4.0
450784016	185021238	5.0
247662174	185021238	5.0
247663207	185021238	4.0
247663234	185021238	4.0
247648123	185021238	4.0
244063256	185021238	3.0
411700262	185021238	4.0
59381967	59381967	0
443728405	59381967	0.0
443728406	59381967	2.0
443728407	59381967	4.0
443728408	59381967	4.0
147969923	59381967	4.0
147969945	59381967	4.0
365095150	59381967	4.0
365095151	59381967	4.0
413492426	59381967	4.0
413492428	59381967	4.0
35018067	59381967	5.0
247663201	59381967	4.0
35090608	59381967	3.0
241878600	59381967	3.0
241839870	59381967	5.0
34197667	59381967	5.0
59386168	59381967	5.0
59386207	59381967	4.0
34197766	59381967	4.0
185021232	59381967	4.0
286087280	59381967	4.0
286087281	59381967	4.0
286087283	59381967	5.0
450783996	59381967	5.0
59384782	59381967	4.0
59385053	59381967	4.0
34197271	59381967	3.0
286087282	59381967	4.0
241878599	59381967	3.0
34197002	59381967	4.0
35594810	59381967	3.0
456363914	59381967	5.0
59382165	59381967	1.0
59382170	59381967	1.0
59383258	59381967	2.0
59381942	59381967	2.0
78334020	59381967	4.0
364968387	59381967	3.0
364973316	59381967	4.0
643470566	59381967	4.0
643472494	59381967	4.0
34923118	59381967	5.0
35594703	59381967	4.0
443714692	59381967	5.0
364973779	59381967	4.0
411700680	59381967	4.0
443719774	59381967	4.0
247636327	59381967	2.0
247656943	59381967	4.0
247650221	59381967	4.0
33992484	59381967	4.0
450784016	59381967	5.0
247662174	59381967	5.0
247663207	59381967	4.0
247663234	59381967	4.0
247648123	59381967	4.0
244063256	59381967	3.0
411700262	59381967	4.0
443728405	443728405	0
443728406	443728405	2.0
443728407	443728405	4.0
443728408	443728405	4.0
147969923	443728405	4.0
147969945	443728405	4.0
365095150	443728405	4.0
365095151	443728405	4.0
413492426	443728405	4.0
413492428	443728405	4.0
35018067	443728405	5.0
247663201	443728405	4.0
35090608	443728405	3.0
241878600	443728405	3.0
241839870	443728405	5.0
34197667	443728405	5.0
59386168	443728405	5.0
59386207	443728405	4.0
34197766	443728405	5.0
185021232	443728405	4.0
286087280	443728405	5.0
286087281	443728405	4.0
286087283	443728405	5.0
450783996	443728405	5.0
59384782	443728405	4.0
59385053	443728405	4.0
34197271	443728405	3.0
286087282	443728405	4.0
241878599	443728405	3.0
34197002	443728405	4.0
35594810	443728405	4.0
456363914	443728405	5.0
59382165	443728405	2.0
59382170	443728405	2.0
59383258	443728405	3.0
59381942	443728405	1.0
78334020	443728405	4.0
364968387	443728405	3.0
364973316	443728405	3.0
643470566	443728405	4.0
643472494	443728405	4.0
34923118	443728405	4.0
35594703	443728405	4.0
443714692	443728405	5.0
364973779	443728405	4.0
411700680	443728405	4.0
443719774	443728405	4.0
247636327	443728405	2.0
247656943	443728405	5.0
247650221	443728405	4.0
33992484	443728405	5.0
450784016	443728405	5.0
247662174	443728405	5.0
247663207	443728405	4.0
247663234	443728405	4.0
247648123	443728405	4.0
244063256	443728405	3.0
411700262	443728405	4.0
443728406	443728406	0
443728407	443728406	3.0
443728408	443728406	3.0
147969923	443728406	3.0
147969945	443728406	3.0
365095150	443728406	4.0
365095151	443728406	4.0
413492426	443728406	4.0
413492428	443728406	4.0
35018067	443728406	5.0
247663201	443728406	5.0
35090608	443728406	3.0
241878600	443728406	3.0
241839870	443728406	4.0
34197667	443728406	5.0
59386168	443728406	5.0
59386207	443728406	5.0
34197766	443728406	5.0
185021232	443728406	5.0
286087280	443728406	5.0
286087281	443728406	5.0
286087283	443728406	5.0
450783996	443728406	5.0
59384782	443728406	4.0
59385053	443728406	5.0
34197271	443728406	4.0
286087282	443728406	5.0
241878599	443728406	3.0
34197002	443728406	4.0
35594810	443728406	4.0
456363914	443728406	5.0
59382165	443728406	3.0
59382170	443728406	3.0
59383258	443728406	3.0
59381942	443728406	2.0
78334020	443728406	3.0
364968387	443728406	2.0
364973316	443728406	3.0
643470566	443728406	3.0
643472494	443728406	4.0
34923118	443728406	4.0
35594703	443728406	4.0
443714692	443728406	4.0
364973779	443728406	3.0
411700680	443728406	3.0
443719774	443728406	3.0
247636327	443728406	1.0
247656943	443728406	4.0
247650221	443728406	5.0
33992484	443728406	5.0
450784016	443728406	5.0
247662174	443728406	5.0
247663207	443728406	5.0
247663234	443728406	5.0
247648123	443728406	4.0
244063256	443728406	2.0
411700262	443728406	4.0
443728407	443728407	0
443728408	443728407	2.0
147969923	443728407	4.0
147969945	443728407	4.0
365095150	443728407	3.0
365095151	443728407	4.0
413492426	443728407	3.0
413492428	443728407	3.0
35018067	443728407	5.0
247663201	443728407	5.0
35090608	443728407	4.0
241878600	443728407	4.0
241839870	443728407	5.0
34197667	443728407	5.0
59386168	443728407	5.0
59386207	443728407	5.0
34197766	443728407	5.0
185021232	443728407	5.0
286087280	443728407	5.0
286087281	443728407	5.0
286087283	443728407	5.0
450783996	443728407	5.0
59384782	443728407	5.0
59385053	443728407	5.0
34197271	443728407	4.0
286087282	443728407	5.0
241878599	443728407	4.0
34197002	443728407	4.0
35594810	443728407	4.0
456363914	443728407	5.0
59382165	443728407	4.0
59382170	443728407	4.0
59383258	443728407	4.0
59381942	443728407	4.0
78334020	443728407	3.0
364968387	443728407	2.0
364973316	443728407	2.0
643470566	443728407	3.0
643472494	443728407	4.0
34923118	443728407	5.0
35594703	443728407	4.0
443714692	443728407	5.0
364973779	443728407	3.0
411700680	443728407	2.0
443719774	443728407	3.0
247636327	443728407	3.0
247656943	443728407	5.0
247650221	443728407	5.0
33992484	443728407	5.0
450784016	443728407	5.0
247662174	443728407	5.0
247663207	443728407	5.0
247663234	443728407	5.0
247648123	443728407	4.0
244063256	443728407	2.0
411700262	443728407	2.0
443728408	443728408	0
147969923	443728408	4.0
147969945	443728408	4.0
365095150	443728408	3.0
365095151	443728408	3.0
413492426	443728408	3.0
413492428	443728408	3.0
35018067	443728408	5.0
247663201	443728408	5.0
35090608	443728408	4.0
241878600	443728408	4.0
241839870	443728408	5.0
34197667	443728408	5.0
59386168	443728408	5.0
59386207	443728408	5.0
34197766	443728408	5.0
185021232	443728408	5.0
286087280	443728408	5.0
286087281	443728408	5.0
286087283	443728408	5.0
450783996	443728408	5.0
59384782	443728408	5.0
59385053	443728408	5.0
34197271	443728408	4.0
286087282	443728408	5.0
241878599	443728408	4.0
34197002	443728408	4.0
35594810	443728408	4.0
456363914	443728408	5.0
59382165	443728408	4.0
59382170	443728408	4.0
59383258	443728408	4.0
59381942	443728408	4.0
78334020	443728408	3.0
364968387	443728408	2.0
364973316	443728408	2.0
643470566	443728408	3.0
643472494	443728408	4.0
34923118	443728408	5.0
35594703	443728408	4.0
443714692	443728408	5.0
364973779	443728408	2.0
411700680	443728408	0.0
443719774	443728408	3.0
247636327	443728408	3.0
247656943	443728408	5.0
247650221	443728408	5.0
33992484	443728408	5.0
450784016	443728408	5.0
247662174	443728408	5.0
247663207	443728408	5.0
247663234	443728408	5.0
247648123	443728408	4.0
244063256	443728408	2.0
411700262	443728408	1.0
147969923	147969923	0
147969945	147969923	0.0
365095150	147969923	4.0
365095151	147969923	4.0
413492426	147969923	4.0
413492428	147969923	4.0
35018067	147969923	3.0
247663201	147969923	5.0
35090608	147969923	3.0
241878600	147969923	3.0
241839870	147969923	3.0
34197667	147969923	5.0
59386168	147969923	5.0
59386207	147969923	5.0
34197766	147969923	5.0
185021232	147969923	5.0
286087280	147969923	5.0
286087281	147969923	5.0
286087283	147969923	5.0
450783996	147969923	5.0
59384782	147969923	5.0
59385053	147969923	5.0
34197271	147969923	4.0
286087282	147969923	5.0
241878599	147969923	3.0
34197002	147969923	3.0
35594810	147969923	3.0
456363914	147969923	4.0
59382165	147969923	4.0
59382170	147969923	4.0
59383258	147969923	4.0
59381942	147969923	4.0
78334020	147969923	4.0
364968387	147969923	3.0
364973316	147969923	4.0
643470566	147969923	4.0
643472494	147969923	2.0
34923118	147969923	3.0
35594703	147969923	1.0
443714692	147969923	3.0
364973779	147969923	4.0
411700680	147969923	4.0
443719774	147969923	4.0
247636327	147969923	3.0
247656943	147969923	5.0
247650221	147969923	5.0
33992484	147969923	5.0
450784016	147969923	5.0
247662174	147969923	5.0
247663207	147969923	5.0
247663234	147969923	5.0
247648123	147969923	4.0
244063256	147969923	3.0
411700262	147969923	4.0
147969945	147969945	0
365095150	147969945	4.0
365095151	147969945	4.0
413492426	147969945	4.0
413492428	147969945	4.0
35018067	147969945	3.0
247663201	147969945	5.0
35090608	147969945	3.0
241878600	147969945	3.0
241839870	147969945	3.0
34197667	147969945	5.0
59386168	147969945	5.0
59386207	147969945	5.0
34197766	147969945	5.0
185021232	147969945	5.0
286087280	147969945	5.0
286087281	147969945	5.0
286087283	147969945	5.0
450783996	147969945	5.0
59384782	147969945	5.0
59385053	147969945	5.0
34197271	147969945	4.0
286087282	147969945	5.0
241878599	147969945	4.0
34197002	147969945	4.0
35594810	147969945	3.0
456363914	147969945	4.0
59382165	147969945	4.0
59382170	147969945	4.0
59383258	147969945	4.0
59381942	147969945	4.0
78334020	147969945	4.0
364968387	147969945	3.0
364973316	147969945	4.0
643470566	147969945	4.0
643472494	147969945	1.0
34923118	147969945	3.0
35594703	147969945	1.0
443714692	147969945	3.0
364973779	147969945	4.0
411700680	147969945	4.0
443719774	147969945	4.0
247636327	147969945	3.0
247656943	147969945	5.0
247650221	147969945	5.0
33992484	147969945	5.0
450784016	147969945	5.0
247662174	147969945	5.0
247663207	147969945	5.0
247663234	147969945	5.0
247648123	147969945	4.0
244063256	147969945	3.0
411700262	147969945	4.0
365095150	365095150	0
365095151	365095150	0.0
413492426	365095150	1.0
413492428	365095150	3.0
35018067	365095150	5.0
247663201	365095150	5.0
35090608	365095150	4.0
241878600	365095150	4.0
241839870	365095150	5.0
34197667	365095150	5.0
59386168	365095150	5.0
59386207	365095150	5.0
34197766	365095150	5.0
185021232	365095150	5.0
286087280	365095150	5.0
286087281	365095150	5.0
286087283	365095150	5.0
450783996	365095150	5.0
59384782	365095150	5.0
59385053	365095150	5.0
34197271	365095150	5.0
286087282	365095150	5.0
241878599	365095150	4.0
34197002	365095150	4.0
35594810	365095150	4.0
456363914	365095150	5.0
59382165	365095150	4.0
59382170	365095150	4.0
59383258	365095150	5.0
59381942	365095150	4.0
78334020	365095150	2.0
364968387	365095150	3.0
364973316	365095150	3.0
643470566	365095150	2.0
643472494	365095150	4.0
34923118	365095150	5.0
35594703	365095150	4.0
443714692	365095150	5.0
364973779	365095150	2.0
411700680	365095150	3.0
443719774	365095150	3.0
247636327	365095150	4.0
247656943	365095150	5.0
247650221	365095150	5.0
33992484	365095150	5.0
450784016	365095150	5.0
247662174	365095150	5.0
247663207	365095150	5.0
247663234	365095150	5.0
247648123	365095150	5.0
244063256	365095150	3.0
411700262	365095150	3.0
365095151	365095151	0
413492426	365095151	1.0
413492428	365095151	3.0
35018067	365095151	5.0
247663201	365095151	5.0
35090608	365095151	4.0
241878600	365095151	4.0
241839870	365095151	5.0
34197667	365095151	5.0
59386168	365095151	5.0
59386207	365095151	5.0
34197766	365095151	5.0
185021232	365095151	5.0
286087280	365095151	5.0
286087281	365095151	5.0
286087283	365095151	5.0
450783996	365095151	5.0
59384782	365095151	5.0
59385053	365095151	5.0
34197271	365095151	4.0
286087282	365095151	5.0
241878599	365095151	4.0
34197002	365095151	4.0
35594810	365095151	4.0
456363914	365095151	5.0
59382165	365095151	4.0
59382170	365095151	4.0
59383258	365095151	4.0
59381942	365095151	4.0
78334020	365095151	2.0
364968387	365095151	3.0
364973316	365095151	3.0
643470566	365095151	2.0
643472494	365095151	4.0
34923118	365095151	5.0
35594703	365095151	4.0
443714692	365095151	5.0
364973779	365095151	2.0
411700680	365095151	3.0
443719774	365095151	3.0
247636327	365095151	4.0
247656943	365095151	5.0
247650221	365095151	5.0
33992484	365095151	5.0
450784016	365095151	5.0
247662174	365095151	5.0
247663207	365095151	5.0
247663234	365095151	5.0
247648123	365095151	5.0
244063256	365095151	3.0
411700262	365095151	3.0
413492426	413492426	0
413492428	413492426	2.0
35018067	413492426	5.0
247663201	413492426	5.0
35090608	413492426	4.0
241878600	413492426	4.0
241839870	413492426	5.0
34197667	413492426	5.0
59386168	413492426	5.0
59386207	413492426	5.0
34197766	413492426	5.0
185021232	413492426	5.0
286087280	413492426	5.0
286087281	413492426	5.0
286087283	413492426	5.0
450783996	413492426	5.0
59384782	413492426	5.0
59385053	413492426	5.0
34197271	413492426	4.0
286087282	413492426	5.0
241878599	413492426	4.0
34197002	413492426	4.0
35594810	413492426	4.0
456363914	413492426	5.0
59382165	413492426	4.0
59382170	413492426	4.0
59383258	413492426	4.0
59381942	413492426	4.0
78334020	413492426	2.0
364968387	413492426	3.0
364973316	413492426	2.0
643470566	413492426	2.0
643472494	413492426	4.0
34923118	413492426	5.0
35594703	413492426	4.0
443714692	413492426	5.0
364973779	413492426	3.0
411700680	413492426	3.0
443719774	413492426	2.0
247636327	413492426	4.0
247656943	413492426	5.0
247650221	413492426	5.0
33992484	413492426	5.0
450784016	413492426	5.0
247662174	413492426	5.0
247663207	413492426	5.0
247663234	413492426	5.0
247648123	413492426	5.0
244063256	413492426	3.0
411700262	413492426	3.0
413492428	413492428	0
35018067	413492428	5.0
247663201	413492428	5.0
35090608	413492428	4.0
241878600	413492428	4.0
241839870	413492428	5.0
34197667	413492428	5.0
59386168	413492428	5.0
59386207	413492428	5.0
34197766	413492428	5.0
185021232	413492428	5.0
286087280	413492428	5.0
286087281	413492428	5.0
286087283	413492428	5.0
450783996	413492428	5.0
59384782	413492428	5.0
59385053	413492428	5.0
34197271	413492428	4.0
286087282	413492428	5.0
241878599	413492428	4.0
34197002	413492428	4.0
35594810	413492428	4.0
456363914	413492428	5.0
59382165	413492428	4.0
59382170	413492428	4.0
59383258	413492428	4.0
59381942	413492428	4.0
78334020	413492428	2.0
364968387	413492428	3.0
364973316	413492428	2.0
643470566	413492428	1.0
643472494	413492428	4.0
34923118	413492428	5.0
35594703	413492428	4.0
443714692	413492428	5.0
364973779	413492428	3.0
411700680	413492428	3.0
443719774	413492428	2.0
247636327	413492428	4.0
247656943	413492428	5.0
247650221	413492428	5.0
33992484	413492428	5.0
450784016	413492428	5.0
247662174	413492428	5.0
247663207	413492428	5.0
247663234	413492428	5.0
247648123	413492428	4.0
244063256	413492428	3.0
411700262	413492428	3.0
35018067	35018067	0
247663201	35018067	5.0
35090608	35018067	4.0
241878600	35018067	4.0
241839870	35018067	0.0
34197667	35018067	5.0
59386168	35018067	6.0
59386207	35018067	6.0
34197766	35018067	5.0
185021232	35018067	6.0
286087280	35018067	5.0
286087281	35018067	5.0
286087283	35018067	5.0
450783996	35018067	5.0
59384782	35018067	5.0
59385053	35018067	5.0
34197271	35018067	5.0
286087282	35018067	5.0
241878599	35018067	4.0
34197002	35018067	4.0
35594810	35018067	4.0
456363914	35018067	2.0
59382165	35018067	5.0
59382170	35018067	5.0
59383258	35018067	5.0
59381942	35018067	5.0
78334020	35018067	5.0
364968387	35018067	4.0
364973316	35018067	5.0
643470566	35018067	5.0
643472494	35018067	3.0
34923118	35018067	2.0
35594703	35018067	3.0
443714692	35018067	1.0
364973779	35018067	5.0
411700680	35018067	5.0
443719774	35018067	5.0
247636327	35018067	5.0
247656943	35018067	5.0
247650221	35018067	5.0
33992484	35018067	5.0
450784016	35018067	5.0
247662174	35018067	5.0
247663207	35018067	5.0
247663234	35018067	5.0
247648123	35018067	4.0
244063256	35018067	4.0
411700262	35018067	5.0
247663201	247663201	0
35090608	247663201	5.0
241878600	247663201	5.0
241839870	247663201	5.0
34197667	247663201	3.0
59386168	247663201	4.0
59386207	247663201	4.0
34197766	247663201	3.0
185021232	247663201	3.0
286087280	247663201	3.0
286087281	247663201	2.0
286087283	247663201	3.0
450783996	247663201	3.0
59384782	247663201	3.0
59385053	247663201	3.0
34197271	247663201	5.0
286087282	247663201	2.0
241878599	247663201	5.0
34197002	247663201	5.0
35594810	247663201	5.0
456363914	247663201	5.0
59382165	247663201	4.0
59382170	247663201	4.0
59383258	247663201	4.0
59381942	247663201	5.0
78334020	247663201	5.0
364968387	247663201	5.0
364973316	247663201	5.0
643470566	247663201	5.0
643472494	247663201	5.0
34923118	247663201	5.0
35594703	247663201	5.0
443714692	247663201	5.0
364973779	247663201	5.0
411700680	247663201	5.0
443719774	247663201	5.0
247636327	247663201	5.0
247656943	247663201	3.0
247650221	247663201	2.0
33992484	247663201	4.0
450784016	247663201	3.0
247662174	247663201	3.0
247663207	247663201	0.0
247663234	247663201	1.0
247648123	247663201	4.0
244063256	247663201	5.0
411700262	247663201	5.0
35090608	35090608	0
241878600	35090608	0.0
241839870	35090608	4.0
34197667	35090608	5.0
59386168	35090608	5.0
59386207	35090608	5.0
34197766	35090608	5.0
185021232	35090608	5.0
286087280	35090608	5.0
286087281	35090608	5.0
286087283	35090608	4.0
450783996	35090608	5.0
59384782	35090608	4.0
59385053	35090608	5.0
34197271	35090608	3.0
286087282	35090608	5.0
241878599	35090608	2.0
34197002	35090608	3.0
35594810	35090608	2.0
456363914	35090608	4.0
59382165	35090608	3.0
59382170	35090608	3.0
59383258	35090608	4.0
59381942	35090608	4.0
78334020	35090608	4.0
364968387	35090608	3.0
364973316	35090608	3.0
643470566	35090608	4.0
643472494	35090608	3.0
34923118	35090608	4.0
35594703	35090608	3.0
443714692	35090608	4.0
364973779	35090608	4.0
411700680	35090608	4.0
443719774	35090608	4.0
247636327	35090608	3.0
247656943	35090608	4.0
247650221	35090608	5.0
33992484	35090608	5.0
450784016	35090608	5.0
247662174	35090608	5.0
247663207	35090608	5.0
247663234	35090608	5.0
247648123	35090608	3.0
244063256	35090608	3.0
411700262	35090608	4.0
241878600	241878600	0
241839870	241878600	4.0
34197667	241878600	5.0
59386168	241878600	5.0
59386207	241878600	5.0
34197766	241878600	5.0
185021232	241878600	5.0
286087280	241878600	5.0
286087281	241878600	4.0
286087283	241878600	4.0
450783996	241878600	4.0
59384782	241878600	4.0
59385053	241878600	5.0
34197271	241878600	3.0
286087282	241878600	5.0
241878599	241878600	1.0
34197002	241878600	4.0
35594810	241878600	2.0
456363914	241878600	4.0
59382165	241878600	3.0
59382170	241878600	3.0
59383258	241878600	4.0
59381942	241878600	3.0
78334020	241878600	4.0
364968387	241878600	3.0
364973316	241878600	3.0
643470566	241878600	4.0
643472494	241878600	3.0
34923118	241878600	4.0
35594703	241878600	4.0
443714692	241878600	4.0
364973779	241878600	3.0
411700680	241878600	4.0
443719774	241878600	4.0
247636327	241878600	3.0
247656943	241878600	4.0
247650221	241878600	4.0
33992484	241878600	5.0
450784016	241878600	4.0
247662174	241878600	5.0
247663207	241878600	5.0
247663234	241878600	5.0
247648123	241878600	3.0
244063256	241878600	3.0
411700262	241878600	4.0
241839870	241839870	0
34197667	241839870	5.0
59386168	241839870	6.0
59386207	241839870	6.0
34197766	241839870	5.0
185021232	241839870	5.0
286087280	241839870	5.0
286087281	241839870	5.0
286087283	241839870	5.0
450783996	241839870	5.0
59384782	241839870	5.0
59385053	241839870	5.0
34197271	241839870	5.0
286087282	241839870	5.0
241878599	241839870	4.0
34197002	241839870	3.0
35594810	241839870	4.0
456363914	241839870	3.0
59382165	241839870	5.0
59382170	241839870	5.0
59383258	241839870	5.0
59381942	241839870	5.0
78334020	241839870	5.0
364968387	241839870	4.0
364973316	241839870	5.0
643470566	241839870	5.0
643472494	241839870	3.0
34923118	241839870	2.0
35594703	241839870	3.0
443714692	241839870	2.0
364973779	241839870	5.0
411700680	241839870	5.0
443719774	241839870	5.0
247636327	241839870	5.0
247656943	241839870	5.0
247650221	241839870	5.0
33992484	241839870	5.0
450784016	241839870	5.0
247662174	241839870	5.0
247663207	241839870	5.0
247663234	241839870	5.0
247648123	241839870	4.0
244063256	241839870	4.0
411700262	241839870	5.0
34197667	34197667	0
59386168	34197667	4.0
59386207	34197667	4.0
34197766	34197667	3.0
185021232	34197667	4.0
286087280	34197667	4.0
286087281	34197667	4.0
286087283	34197667	3.0
450783996	34197667	3.0
59384782	34197667	4.0
59385053	34197667	4.0
34197271	34197667	5.0
286087282	34197667	4.0
241878599	34197667	5.0
34197002	34197667	5.0
35594810	34197667	5.0
456363914	34197667	5.0
59382165	34197667	5.0
59382170	34197667	5.0
59383258	34197667	5.0
59381942	34197667	5.0
78334020	34197667	5.0
364968387	34197667	5.0
364973316	34197667	5.0
643470566	34197667	5.0
643472494	34197667	5.0
34923118	34197667	5.0
35594703	34197667	5.0
443714692	34197667	5.0
364973779	34197667	5.0
411700680	34197667	5.0
443719774	34197667	5.0
247636327	34197667	5.0
247656943	34197667	4.0
247650221	34197667	4.0
33992484	34197667	4.0
450784016	34197667	3.0
247662174	34197667	0.0
247663207	34197667	3.0
247663234	34197667	3.0
247648123	34197667	4.0
244063256	34197667	5.0
411700262	34197667	5.0
59386168	59386168	0
59386207	59386168	3.0
34197766	59386168	3.0
185021232	59386168	3.0
286087280	59386168	4.0
286087281	59386168	4.0
286087283	59386168	5.0
450783996	59386168	5.0
59384782	59386168	4.0
59385053	59386168	3.0
34197271	59386168	5.0
286087282	59386168	4.0
241878599	59386168	5.0
34197002	59386168	5.0
35594810	59386168	5.0
456363914	59386168	6.0
59382165	59386168	5.0
59382170	59386168	5.0
59383258	59386168	4.0
59381942	59386168	5.0
78334020	59386168	5.0
364968387	59386168	5.0
364973316	59386168	5.0
643470566	59386168	5.0
643472494	59386168	5.0
34923118	59386168	6.0
35594703	59386168	5.0
443714692	59386168	6.0
364973779	59386168	5.0
411700680	59386168	5.0
443719774	59386168	5.0
247636327	59386168	5.0
247656943	59386168	5.0
247650221	59386168	4.0
33992484	59386168	4.0
450784016	59386168	5.0
247662174	59386168	4.0
247663207	59386168	4.0
247663234	59386168	4.0
247648123	59386168	5.0
244063256	59386168	5.0
411700262	59386168	5.0
59386207	59386207	0
34197766	59386207	3.0
185021232	59386207	1.0
286087280	59386207	4.0
286087281	59386207	4.0
286087283	59386207	4.0
450783996	59386207	5.0
59384782	59386207	3.0
59385053	59386207	2.0
34197271	59386207	5.0
286087282	59386207	4.0
241878599	59386207	5.0
34197002	59386207	5.0
35594810	59386207	5.0
456363914	59386207	6.0
59382165	59386207	4.0
59382170	59386207	4.0
59383258	59386207	4.0
59381942	59386207	5.0
78334020	59386207	5.0
364968387	59386207	5.0
364973316	59386207	5.0
643470566	59386207	5.0
643472494	59386207	5.0
34923118	59386207	6.0
35594703	59386207	5.0
443714692	59386207	6.0
364973779	59386207	5.0
411700680	59386207	5.0
443719774	59386207	5.0
247636327	59386207	5.0
247656943	59386207	5.0
247650221	59386207	4.0
33992484	59386207	4.0
450784016	59386207	5.0
247662174	59386207	4.0
247663207	59386207	4.0
247663234	59386207	4.0
247648123	59386207	5.0
244063256	59386207	5.0
411700262	59386207	5.0
34197766	34197766	0
185021232	34197766	2.0
286087280	34197766	4.0
286087281	34197766	3.0
286087283	34197766	4.0
450783996	34197766	4.0
59384782	34197766	3.0
59385053	34197766	3.0
34197271	34197766	5.0
286087282	34197766	3.0
241878599	34197766	5.0
34197002	34197766	5.0
35594810	34197766	5.0
456363914	34197766	6.0
59382165	34197766	4.0
59382170	34197766	4.0
59383258	34197766	4.0
59381942	34197766	5.0
78334020	34197766	5.0
364968387	34197766	5.0
364973316	34197766	5.0
643470566	34197766	5.0
643472494	34197766	5.0
34923118	34197766	5.0
35594703	34197766	5.0
443714692	34197766	5.0
364973779	34197766	5.0
411700680	34197766	5.0
443719774	34197766	5.0
247636327	34197766	5.0
247656943	34197766	4.0
247650221	34197766	3.0
33992484	34197766	4.0
450784016	34197766	4.0
247662174	34197766	3.0
247663207	34197766	3.0
247663234	34197766	3.0
247648123	34197766	5.0
244063256	34197766	5.0
411700262	34197766	5.0
185021232	185021232	0
286087280	185021232	4.0
286087281	185021232	4.0
286087283	185021232	4.0
450783996	185021232	4.0
59384782	185021232	3.0
59385053	185021232	1.0
34197271	185021232	5.0
286087282	185021232	4.0
241878599	185021232	5.0
34197002	185021232	5.0
35594810	185021232	5.0
456363914	185021232	6.0
59382165	185021232	4.0
59382170	185021232	4.0
59383258	185021232	4.0
59381942	185021232	4.0
78334020	185021232	5.0
364968387	185021232	5.0
364973316	185021232	5.0
643470566	185021232	5.0
643472494	185021232	5.0
34923118	185021232	6.0
35594703	185021232	5.0
443714692	185021232	6.0
364973779	185021232	5.0
411700680	185021232	5.0
443719774	185021232	5.0
247636327	185021232	4.0
247656943	185021232	4.0
247650221	185021232	4.0
33992484	185021232	4.0
450784016	185021232	4.0
247662174	185021232	4.0
247663207	185021232	4.0
247663234	185021232	4.0
247648123	185021232	5.0
244063256	185021232	5.0
411700262	185021232	5.0
286087280	286087280	0
286087281	286087280	2.0
286087283	286087280	3.0
450783996	286087280	3.0
59384782	286087280	3.0
59385053	286087280	4.0
34197271	286087280	4.0
286087282	286087280	2.0
241878599	286087280	5.0
34197002	286087280	5.0
35594810	286087280	5.0
456363914	286087280	5.0
59382165	286087280	4.0
59382170	286087280	4.0
59383258	286087280	4.0
59381942	286087280	5.0
78334020	286087280	5.0
364968387	286087280	5.0
364973316	286087280	5.0
643470566	286087280	5.0
643472494	286087280	5.0
34923118	286087280	5.0
35594703	286087280	5.0
443714692	286087280	5.0
364973779	286087280	5.0
411700680	286087280	5.0
443719774	286087280	5.0
247636327	286087280	5.0
247656943	286087280	3.0
247650221	286087280	2.0
33992484	286087280	4.0
450784016	286087280	3.0
247662174	286087280	4.0
247663207	286087280	3.0
247663234	286087280	3.0
247648123	286087280	4.0
244063256	286087280	5.0
411700262	286087280	5.0
286087281	286087281	0
286087283	286087281	2.0
450783996	286087281	4.0
59384782	286087281	3.0
59385053	286087281	4.0
34197271	286087281	5.0
286087282	286087281	0.0
241878599	286087281	4.0
34197002	286087281	5.0
35594810	286087281	4.0
456363914	286087281	5.0
59382165	286087281	4.0
59382170	286087281	4.0
59383258	286087281	4.0
59381942	286087281	5.0
78334020	286087281	5.0
364968387	286087281	5.0
364973316	286087281	5.0
643470566	286087281	5.0
643472494	286087281	5.0
34923118	286087281	5.0
35594703	286087281	5.0
443714692	286087281	5.0
364973779	286087281	5.0
411700680	286087281	5.0
443719774	286087281	5.0
247636327	286087281	5.0
247656943	286087281	3.0
247650221	286087281	0.0
33992484	286087281	4.0
450784016	286087281	4.0
247662174	286087281	4.0
247663207	286087281	2.0
247663234	286087281	2.0
247648123	286087281	4.0
244063256	286087281	5.0
411700262	286087281	5.0
286087283	286087283	0
450783996	286087283	3.0
59384782	286087283	4.0
59385053	286087283	4.0
34197271	286087283	4.0
286087282	286087283	3.0
241878599	286087283	4.0
34197002	286087283	4.0
35594810	286087283	4.0
456363914	286087283	5.0
59382165	286087283	5.0
59382170	286087283	5.0
59383258	286087283	4.0
59381942	286087283	5.0
78334020	286087283	5.0
364968387	286087283	5.0
364973316	286087283	5.0
643470566	286087283	5.0
643472494	286087283	5.0
34923118	286087283	5.0
35594703	286087283	5.0
443714692	286087283	5.0
364973779	286087283	5.0
411700680	286087283	5.0
443719774	286087283	5.0
247636327	286087283	5.0
247656943	286087283	2.0
247650221	286087283	2.0
33992484	286087283	4.0
450784016	286087283	3.0
247662174	286087283	3.0
247663207	286087283	3.0
247663234	286087283	3.0
247648123	286087283	3.0
244063256	286087283	5.0
411700262	286087283	5.0
450783996	450783996	0
59384782	450783996	4.0
59385053	450783996	4.0
34197271	450783996	5.0
286087282	450783996	4.0
241878599	450783996	4.0
34197002	450783996	5.0
35594810	450783996	4.0
456363914	450783996	5.0
59382165	450783996	5.0
59382170	450783996	5.0
59383258	450783996	4.0
59381942	450783996	5.0
78334020	450783996	5.0
364968387	450783996	5.0
364973316	450783996	5.0
643470566	450783996	5.0
643472494	450783996	5.0
34923118	450783996	5.0
35594703	450783996	5.0
443714692	450783996	5.0
364973779	450783996	5.0
411700680	450783996	5.0
443719774	450783996	5.0
247636327	450783996	5.0
247656943	450783996	3.0
247650221	450783996	3.0
33992484	450783996	4.0
450784016	450783996	0.0
247662174	450783996	3.0
247663207	450783996	3.0
247663234	450783996	3.0
247648123	450783996	4.0
244063256	450783996	5.0
411700262	450783996	5.0
59384782	59384782	0
59385053	59384782	3.0
34197271	59384782	4.0
286087282	59384782	3.0
241878599	59384782	4.0
34197002	59384782	5.0
35594810	59384782	4.0
456363914	59384782	6.0
59382165	59384782	3.0
59382170	59384782	4.0
59383258	59384782	3.0
59381942	59384782	4.0
78334020	59384782	5.0
364968387	59384782	4.0
364973316	59384782	5.0
643470566	59384782	5.0
643472494	59384782	5.0
34923118	59384782	5.0
35594703	59384782	5.0
443714692	59384782	5.0
364973779	59384782	5.0
411700680	59384782	5.0
443719774	59384782	5.0
247636327	59384782	4.0
247656943	59384782	4.0
247650221	59384782	3.0
33992484	59384782	3.0
450784016	59384782	4.0
247662174	59384782	4.0
247663207	59384782	3.0
247663234	59384782	3.0
247648123	59384782	5.0
244063256	59384782	4.0
411700262	59384782	5.0
59385053	59385053	0
34197271	59385053	5.0
286087282	59385053	4.0
241878599	59385053	4.0
34197002	59385053	5.0
35594810	59385053	5.0
456363914	59385053	6.0
59382165	59385053	4.0
59382170	59385053	4.0
59383258	59385053	4.0
59381942	59385053	4.0
78334020	59385053	5.0
364968387	59385053	5.0
364973316	59385053	5.0
643470566	59385053	5.0
643472494	59385053	5.0
34923118	59385053	6.0
35594703	59385053	5.0
443714692	59385053	6.0
364973779	59385053	5.0
411700680	59385053	5.0
443719774	59385053	5.0
247636327	59385053	4.0
247656943	59385053	4.0
247650221	59385053	4.0
33992484	59385053	4.0
450784016	59385053	4.0
247662174	59385053	4.0
247663207	59385053	4.0
247663234	59385053	3.0
247648123	59385053	5.0
244063256	59385053	5.0
411700262	59385053	5.0
34197271	34197271	0
286087282	34197271	5.0
241878599	34197271	3.0
34197002	34197271	4.0
35594810	34197271	3.0
456363914	34197271	5.0
59382165	34197271	3.0
59382170	34197271	3.0
59383258	34197271	3.0
59381942	34197271	4.0
78334020	34197271	4.0
364968387	34197271	4.0
364973316	34197271	4.0
643470566	34197271	4.0
643472494	34197271	4.0
34923118	34197271	5.0
35594703	34197271	4.0
443714692	34197271	5.0
364973779	34197271	4.0
411700680	34197271	4.0
443719774	34197271	4.0
247636327	34197271	3.0
247656943	34197271	4.0
247650221	34197271	5.0
33992484	34197271	5.0
450784016	34197271	5.0
247662174	34197271	5.0
247663207	34197271	5.0
247663234	34197271	5.0
247648123	34197271	3.0
244063256	34197271	4.0
411700262	34197271	4.0
286087282	286087282	0
241878599	286087282	5.0
34197002	286087282	5.0
35594810	286087282	5.0
456363914	286087282	5.0
59382165	286087282	4.0
59382170	286087282	4.0
59383258	286087282	4.0
59381942	286087282	4.0
78334020	286087282	5.0
364968387	286087282	5.0
364973316	286087282	5.0
643470566	286087282	5.0
643472494	286087282	5.0
34923118	286087282	5.0
35594703	286087282	5.0
443714692	286087282	5.0
364973779	286087282	5.0
411700680	286087282	5.0
443719774	286087282	5.0
247636327	286087282	4.0
247656943	286087282	4.0
247650221	286087282	1.0
33992484	286087282	4.0
450784016	286087282	4.0
247662174	286087282	4.0
247663207	286087282	2.0
247663234	286087282	2.0
247648123	286087282	4.0
244063256	286087282	5.0
411700262	286087282	5.0
241878599	241878599	0
34197002	241878599	3.0
35594810	241878599	2.0
456363914	241878599	5.0
59382165	241878599	3.0
59382170	241878599	3.0
59383258	241878599	3.0
59381942	241878599	3.0
78334020	241878599	4.0
364968387	241878599	3.0
364973316	241878599	3.0
643470566	241878599	4.0
643472494	241878599	4.0
34923118	241878599	4.0
35594703	241878599	4.0
443714692	241878599	4.0
364973779	241878599	3.0
411700680	241878599	4.0
443719774	241878599	4.0
247636327	241878599	3.0
247656943	241878599	4.0
247650221	241878599	4.0
33992484	241878599	5.0
450784016	241878599	4.0
247662174	241878599	5.0
247663207	241878599	5.0
247663234	241878599	5.0
247648123	241878599	3.0
244063256	241878599	3.0
411700262	241878599	4.0
34197002	34197002	0
35594810	34197002	3.0
456363914	34197002	4.0
59382165	34197002	4.0
59382170	34197002	4.0
59383258	34197002	5.0
59381942	34197002	4.0
78334020	34197002	4.0
364968387	34197002	4.0
364973316	34197002	4.0
643470566	34197002	4.0
643472494	34197002	4.0
34923118	34197002	4.0
35594703	34197002	4.0
443714692	34197002	4.0
364973779	34197002	4.0
411700680	34197002	4.0
443719774	34197002	4.0
247636327	34197002	4.0
247656943	34197002	4.0
247650221	34197002	5.0
33992484	34197002	5.0
450784016	34197002	5.0
247662174	34197002	5.0
247663207	34197002	5.0
247663234	34197002	5.0
247648123	34197002	4.0
244063256	34197002	4.0
411700262	34197002	4.0
35594810	35594810	0
456363914	35594810	4.0
59382165	35594810	3.0
59382170	35594810	3.0
59383258	35594810	4.0
59381942	35594810	4.0
78334020	35594810	4.0
364968387	35594810	4.0
364973316	35594810	4.0
643470566	35594810	4.0
643472494	35594810	3.0
34923118	35594810	4.0
35594703	35594810	4.0
443714692	35594810	4.0
364973779	35594810	4.0
411700680	35594810	4.0
443719774	35594810	4.0
247636327	35594810	3.0
247656943	35594810	4.0
247650221	35594810	4.0
33992484	35594810	5.0
450784016	35594810	4.0
247662174	35594810	5.0
247663207	35594810	5.0
247663234	35594810	5.0
247648123	35594810	3.0
244063256	35594810	4.0
411700262	35594810	4.0
456363914	456363914	0
59382165	456363914	5.0
59382170	456363914	5.0
59383258	456363914	5.0
59381942	456363914	5.0
78334020	456363914	5.0
364968387	456363914	4.0
364973316	456363914	5.0
643470566	456363914	5.0
643472494	456363914	4.0
34923118	456363914	3.0
35594703	456363914	4.0
443714692	456363914	1.0
364973779	456363914	5.0
411700680	456363914	5.0
443719774	456363914	5.0
247636327	456363914	5.0
247656943	456363914	5.0
247650221	456363914	5.0
33992484	456363914	6.0
450784016	456363914	5.0
247662174	456363914	5.0
247663207	456363914	5.0
247663234	456363914	5.0
247648123	456363914	5.0
244063256	456363914	4.0
411700262	456363914	5.0
59382165	59382165	0
59382170	59382165	1.0
59383258	59382165	2.0
59381942	59382165	2.0
78334020	59382165	4.0
364968387	59382165	3.0
364973316	59382165	4.0
643470566	59382165	4.0
643472494	59382165	4.0
34923118	59382165	5.0
35594703	59382165	4.0
443714692	59382165	5.0
364973779	59382165	4.0
411700680	59382165	4.0
443719774	59382165	4.0
247636327	59382165	3.0
247656943	59382165	4.0
247650221	59382165	4.0
33992484	59382165	4.0
450784016	59382165	5.0
247662174	59382165	5.0
247663207	59382165	4.0
247663234	59382165	4.0
247648123	59382165	4.0
244063256	59382165	3.0
411700262	59382165	4.0
59382170	59382170	0
59383258	59382170	2.0
59381942	59382170	3.0
78334020	59382170	4.0
364968387	59382170	3.0
364973316	59382170	4.0
643470566	59382170	4.0
643472494	59382170	4.0
34923118	59382170	5.0
35594703	59382170	4.0
443714692	59382170	5.0
364973779	59382170	4.0
411700680	59382170	4.0
443719774	59382170	4.0
247636327	59382170	3.0
247656943	59382170	4.0
247650221	59382170	4.0
33992484	59382170	4.0
450784016	59382170	5.0
247662174	59382170	5.0
247663207	59382170	4.0
247663234	59382170	4.0
247648123	59382170	4.0
244063256	59382170	3.0
411700262	59382170	4.0
59383258	59383258	0
59381942	59383258	3.0
78334020	59383258	4.0
364968387	59383258	4.0
364973316	59383258	4.0
643470566	59383258	4.0
643472494	59383258	4.0
34923118	59383258	5.0
35594703	59383258	4.0
443714692	59383258	5.0
364973779	59383258	4.0
411700680	59383258	4.0
443719774	59383258	4.0
247636327	59383258	3.0
247656943	59383258	5.0
247650221	59383258	4.0
33992484	59383258	4.0
450784016	59383258	4.0
247662174	59383258	4.0
247663207	59383258	4.0
247663234	59383258	4.0
247648123	59383258	4.0
244063256	59383258	4.0
411700262	59383258	4.0
59381942	59381942	0
78334020	59381942	4.0
364968387	59381942	3.0
364973316	59381942	3.0
643470566	59381942	4.0
643472494	59381942	4.0
34923118	59381942	4.0
35594703	59381942	4.0
443714692	59381942	5.0
364973779	59381942	4.0
411700680	59381942	4.0
443719774	59381942	4.0
247636327	59381942	1.0
247656943	59381942	5.0
247650221	59381942	5.0
33992484	59381942	5.0
450784016	59381942	5.0
247662174	59381942	5.0
247663207	59381942	5.0
247663234	59381942	4.0
247648123	59381942	4.0
244063256	59381942	3.0
411700262	59381942	4.0
78334020	78334020	0
364968387	78334020	2.0
364973316	78334020	2.0
643470566	78334020	1.0
643472494	78334020	4.0
34923118	78334020	5.0
35594703	78334020	4.0
443714692	78334020	5.0
364973779	78334020	2.0
411700680	78334020	2.0
443719774	78334020	1.0
247636327	78334020	3.0
247656943	78334020	5.0
247650221	78334020	5.0
33992484	78334020	5.0
450784016	78334020	5.0
247662174	78334020	5.0
247663207	78334020	5.0
247663234	78334020	5.0
247648123	78334020	4.0
244063256	78334020	2.0
411700262	78334020	3.0
364968387	364968387	0
364973316	364968387	1.0
643470566	364968387	2.0
643472494	364968387	3.0
34923118	364968387	4.0
35594703	364968387	3.0
443714692	364968387	4.0
364973779	364968387	2.0
411700680	364968387	3.0
443719774	364968387	3.0
247636327	364968387	2.0
247656943	364968387	4.0
247650221	364968387	5.0
33992484	364968387	5.0
450784016	364968387	5.0
247662174	364968387	5.0
247663207	364968387	5.0
247663234	364968387	5.0
247648123	364968387	4.0
244063256	364968387	0.0
411700262	364968387	3.0
364973316	364973316	0
643470566	364973316	1.0
643472494	364973316	4.0
34923118	364973316	4.0
35594703	364973316	4.0
443714692	364973316	4.0
364973779	364973316	2.0
411700680	364973316	2.0
443719774	364973316	2.0
247636327	364973316	3.0
247656943	364973316	5.0
247650221	364973316	5.0
33992484	364973316	5.0
450784016	364973316	5.0
247662174	364973316	5.0
247663207	364973316	5.0
247663234	364973316	5.0
247648123	364973316	4.0
244063256	364973316	1.0
411700262	364973316	2.0
643470566	643470566	0
643472494	643470566	4.0
34923118	643470566	5.0
35594703	643470566	4.0
443714692	643470566	5.0
364973779	643470566	2.0
411700680	643470566	2.0
443719774	643470566	1.0
247636327	643470566	3.0
247656943	643470566	5.0
247650221	643470566	5.0
33992484	643470566	5.0
450784016	643470566	5.0
247662174	643470566	5.0
247663207	643470566	5.0
247663234	643470566	5.0
247648123	643470566	4.0
244063256	643470566	2.0
411700262	643470566	3.0
643472494	643472494	0
34923118	643472494	3.0
35594703	643472494	1.0
443714692	643472494	3.0
364973779	643472494	4.0
411700680	643472494	4.0
443719774	643472494	4.0
247636327	643472494	4.0
247656943	643472494	5.0
247650221	643472494	5.0
33992484	643472494	5.0
450784016	643472494	5.0
247662174	643472494	5.0
247663207	643472494	5.0
247663234	643472494	5.0
247648123	643472494	4.0
244063256	643472494	3.0
411700262	643472494	4.0
34923118	34923118	0
35594703	34923118	3.0
443714692	34923118	2.0
364973779	34923118	4.0
411700680	34923118	5.0
443719774	34923118	5.0
247636327	34923118	4.0
247656943	34923118	5.0
247650221	34923118	5.0
33992484	34923118	6.0
450784016	34923118	5.0
247662174	34923118	5.0
247663207	34923118	5.0
247663234	34923118	5.0
247648123	34923118	5.0
244063256	34923118	4.0
411700262	34923118	5.0
35594703	35594703	0
443714692	35594703	3.0
364973779	35594703	4.0
411700680	35594703	4.0
443719774	35594703	4.0
247636327	35594703	4.0
247656943	35594703	5.0
247650221	35594703	5.0
33992484	35594703	5.0
450784016	35594703	5.0
247662174	35594703	5.0
247663207	35594703	5.0
247663234	35594703	5.0
247648123	35594703	4.0
244063256	35594703	3.0
411700262	35594703	4.0
443714692	443714692	0
364973779	443714692	5.0
411700680	443714692	5.0
443719774	443714692	5.0
247636327	443714692	4.0
247656943	443714692	5.0
247650221	443714692	5.0
33992484	443714692	6.0
450784016	443714692	5.0
247662174	443714692	5.0
247663207	443714692	5.0
247663234	443714692	5.0
247648123	443714692	5.0
244063256	443714692	4.0
411700262	443714692	5.0
364973779	364973779	0
411700680	364973779	1.0
443719774	364973779	2.0
247636327	364973779	3.0
247656943	364973779	5.0
247650221	364973779	5.0
33992484	364973779	5.0
450784016	364973779	5.0
247662174	364973779	5.0
247663207	364973779	5.0
247663234	364973779	5.0
247648123	364973779	4.0
244063256	364973779	2.0
411700262	364973779	1.0
411700680	411700680	0
443719774	411700680	3.0
247636327	411700680	3.0
247656943	411700680	5.0
247650221	411700680	5.0
33992484	411700680	5.0
450784016	411700680	5.0
247662174	411700680	5.0
247663207	411700680	5.0
247663234	411700680	5.0
247648123	411700680	4.0
244063256	411700680	2.0
411700262	411700680	0.0
443719774	443719774	0
247636327	443719774	3.0
247656943	443719774	5.0
247650221	443719774	5.0
33992484	443719774	5.0
450784016	443719774	5.0
247662174	443719774	5.0
247663207	443719774	5.0
247663234	443719774	5.0
247648123	443719774	4.0
244063256	443719774	3.0
411700262	443719774	3.0
247636327	247636327	0
247656943	247636327	4.0
247650221	247636327	5.0
33992484	247636327	5.0
450784016	247636327	5.0
247662174	247636327	5.0
247663207	247636327	5.0
247663234	247636327	4.0
247648123	247636327	4.0
244063256	247636327	2.0
411700262	247636327	4.0
247656943	247656943	0
247650221	247656943	3.0
33992484	247656943	4.0
450784016	247656943	3.0
247662174	247656943	3.0
247663207	247656943	3.0
247663234	247656943	4.0
247648123	247656943	3.0
244063256	247656943	4.0
411700262	247656943	5.0
247650221	247650221	0
33992484	247650221	4.0
450784016	247650221	3.0
247662174	247650221	4.0
247663207	247650221	2.0
247663234	247650221	2.0
247648123	247650221	4.0
244063256	247650221	5.0
411700262	247650221	5.0
33992484	33992484	0
450784016	33992484	4.0
247662174	33992484	4.0
247663207	33992484	4.0
247663234	33992484	3.0
247648123	33992484	5.0
244063256	33992484	5.0
411700262	33992484	5.0
450784016	450784016	0
247662174	450784016	3.0
247663207	450784016	3.0
247663234	450784016	3.0
247648123	450784016	4.0
244063256	450784016	5.0
411700262	450784016	5.0
247662174	247662174	0
247663207	247662174	3.0
247663234	247662174	3.0
247648123	247662174	4.0
244063256	247662174	5.0
411700262	247662174	5.0
247663207	247663207	0
247663234	247663207	0.0
247648123	247663207	4.0
244063256	247663207	5.0
411700262	247663207	5.0
247663234	247663234	0
247648123	247663234	4.0
244063256	247663234	5.0
411700262	247663234	5.0
247648123	247648123	0
244063256	247648123	4.0
411700262	247648123	4.0
244063256	244063256	0
411700262	244063256	3.0
411700262	411700262	0
