249026180	[8,-41.0,33.0]	40.61203902222222	-74.00937266666666	0.09260410626120902	0.19049360528757206	0.23493328044582512	0.0022274284252113644	0.832258064516129	0.39781490433566186
109963873	[-43,2.0,41.0]	40.60600078	-74.01703852	0.09260410626120902	0.19049360528757206	0.23493328044582512	0.0022274284252113644	0.832258064516129	0.39781490433566186
170606988	[-37,-2.0,39.0]	40.60680408	-74.01630046	0.09260410626120902	0.19049360528757206	0.23493328044582512	0.0022274284252113644	0.832258064516129	0.39781490433566186
547537892	[-56,21.0,35.0]	40.60529733333333	-74.02028361666667	0.09260410626120902	0.19049360528757206	0.23493328044582512	0.0022274284252113644	0.832258064516129	0.39781490433566186
547537893	[-49,16.0,33.0]	40.6063231	-74.019512825	0.09260410626120902	0.19049360528757206	0.23493328044582512	0.0022274284252113644	0.832258064516129	0.39781490433566186
547537894	[-54,14.0,40.0]	40.60498921428571	-74.01900992857144	0.09260410626120902	0.19049360528757206	0.23493328044582512	0.0022274284252113644	0.832258064516129	0.39781490433566186
547537895	[-50,10.0,40.0]	40.605439062500004	-74.0183868625	0.09260410626120902	0.19049360528757206	0.23493328044582512	0.0022274284252113644	0.832258064516129	0.39781490433566186
547537896	[-47,10.0,37.0]	40.605983280000004	-74.01838436	0.09260410626120902	0.19049360528757206	0.23493328044582512	0.0022274284252113644	0.832258064516129	0.39781490433566186
547537897	[-51,28.0,23.0]	40.6069702125	-74.02167759999999	0.09260410626120902	0.19049360528757206	0.23493328044582512	0.0022274284252113644	0.832258064516129	0.39781490433566186
547537899	[-50,23.0,27.0]	40.60672602857143	-74.02078544285713	0.09260410626120902	0.19049360528757206	0.23493328044582512	0.0022274284252113644	0.832258064516129	0.39781490433566186
109963874	[-12,-6.0,18.0]	40.611472320000004	-74.01557326	0.09260410626120902	0.19049360528757206	0.23493328044582512	0.0022274284252113644	0.832258064516129	0.39781490433566186
199103470	[-31,16.0,15.0]	40.60991196363637	-74.01936722727272	0.09260410626120902	0.19049360528757206	0.23493328044582512	0.0022274284252113644	0.832258064516129	0.39781490433566186
423052202	[-28,41.0,-13.0]	40.61307162	-74.02399865999999	0.09260410626120902	0.19049360528757206	0.23493328044582512	0.0022274284252113644	0.832258064516129	0.39781490433566186
423052203	[-37,45.0,-8.0]	40.61158797142857	-74.02462115714286	0.09260410626120902	0.19049360528757206	0.23493328044582512	0.0022274284252113644	0.832258064516129	0.39781490433566186
423052204	[-42,52.0,-10.0]	40.6113469	-74.0258624625	0.09260410626120902	0.19049360528757206	0.23493328044582512	0.0022274284252113644	0.832258064516129	0.39781490433566186
423052205	[-45,52.0,-7.0]	40.6106683	-74.02585318	0.09260410626120902	0.19049360528757206	0.23493328044582512	0.0022274284252113644	0.832258064516129	0.39781490433566186
185022006	[57,3.0,-60.0]	40.62655168181818	-74.01716354545455	0.09260410626120902	0.19049360528757206	0.23493328044582512	0.0022274284252113644	0.832258064516129	0.39781490433566186
185022015	[57,0.0,-57.0]	40.6262699	-74.01665152000001	0.09260410626120902	0.19049360528757206	0.23493328044582512	0.0022274284252113644	0.832258064516129	0.39781490433566186
480937785	[52,6.0,-58.0]	40.625910614285715	-74.01758628571429	0.09260410626120902	0.19049360528757206	0.23493328044582512	0.0022274284252113644	0.832258064516129	0.39781490433566186
480937787	[63,3.0,-66.0]	40.62778814	-74.01718988	0.09260410626120902	0.19049360528757206	0.23493328044582512	0.0022274284252113644	0.832258064516129	0.39781490433566186
167462144	[-7,-10.0,17.0]	40.61215424285714	-74.01480557619047	0.09260410626120902	0.19049360528757206	0.23493328044582512	0.0022274284252113644	0.832258064516129	0.39781490433566186
167462145	[-3,-13.0,16.0]	40.61263881428572	-74.0144123	0.09260410626120902	0.19049360528757206	0.23493328044582512	0.0022274284252113644	0.832258064516129	0.39781490433566186
185010156	[-8,-15.0,23.0]	40.61149422727272	-74.01405173636364	0.09260410626120902	0.19049360528757206	0.23493328044582512	0.0022274284252113644	0.832258064516129	0.39781490433566186
185010174	[2,-23.0,21.0]	40.612710400000005	-74.0125639	0.09260410626120902	0.19049360528757206	0.23493328044582512	0.0022274284252113644	0.832258064516129	0.39781490433566186
185010184	[-4,-18.0,22.0]	40.6119862	-74.01345208571429	0.09260410626120902	0.19049360528757206	0.23493328044582512	0.0022274284252113644	0.832258064516129	0.39781490433566186
249011474	[24,-58.0,34.0]	40.61369362285714	-74.00631378285713	0.09260410626120902	0.19049360528757206	0.23493328044582512	0.0022274284252113644	0.832258064516129	0.39781490433566186
249022757	[16,-32.0,16.0]	40.61453487692307	-74.01097033076924	0.09260410626120902	0.19049360528757206	0.23493328044582512	0.0022274284252113644	0.832258064516129	0.39781490433566186
249046619	[-11,-18.0,29.0]	40.610501649999996	-74.0133950025	0.09260410626120902	0.19049360528757206	0.23493328044582512	0.0022274284252113644	0.832258064516129	0.39781490433566186
248575684	[30,-20.0,-10.0]	40.61871751923077	-74.01317516923079	0.09260410626120902	0.19049360528757206	0.23493328044582512	0.0022274284252113644	0.832258064516129	0.39781490433566186
249005512	[60,-84.0,24.0]	40.61838305	-74.00168132857142	0.09260410626120902	0.19049360528757206	0.23493328044582512	0.0022274284252113644	0.832258064516129	0.39781490433566186
248569563	[62,-11.0,-51.0]	40.626174605	-74.0146613	0.09260410626120902	0.19049360528757206	0.23493328044582512	0.0022274284252113644	0.832258064516129	0.39781490433566186
249002291	[69,-91.0,22.0]	40.61941322903226	-74.0005633935484	0.09260410626120902	0.19049360528757206	0.23493328044582512	0.0022274284252113644	0.832258064516129	0.39781490433566186
170529939	[-54,6.0,48.0]	40.60424188571428	-74.01770717142858	0.09260410626120902	0.19049360528757206	0.23493328044582512	0.0022274284252113644	0.832258064516129	0.39781490433566186
167482433	[2,-45.0,43.0]	40.610461557142855	-74.00856951428571	0.09260410626120902	0.19049360528757206	0.23493328044582512	0.0022274284252113644	0.832258064516129	0.39781490433566186
178999285	[6,-50.0,44.0]	40.61067549090909	-74.00781422727272	0.09260410626120902	0.19049360528757206	0.23493328044582512	0.0022274284252113644	0.832258064516129	0.39781490433566186
178999286	[6,-47.0,41.0]	40.611099055555556	-74.00835728888889	0.09260410626120902	0.19049360528757206	0.23493328044582512	0.0022274284252113644	0.832258064516129	0.39781490433566186
178999293	[7,-50.0,43.0]	40.610969922222225	-74.00772957777777	0.09260410626120902	0.19049360528757206	0.23493328044582512	0.0022274284252113644	0.832258064516129	0.39781490433566186
180343906	[6,-19.0,13.0]	40.613906883333335	-74.01315365	0.09260410626120902	0.19049360528757206	0.23493328044582512	0.0022274284252113644	0.832258064516129	0.39781490433566186
509303021	[7,-44.0,37.0]	40.611554411111115	-74.00894926666666	0.09260410626120902	0.19049360528757206	0.23493328044582512	0.0022274284252113644	0.832258064516129	0.39781490433566186
520440648	[6,-40.0,34.0]	40.61184696666666	-74.00957775555554	0.09260410626120902	0.19049360528757206	0.23493328044582512	0.0022274284252113644	0.832258064516129	0.39781490433566186
634367297	[51,-92.0,41.0]	40.615560611111114	-74.00031823333333	0.09260410626120902	0.19049360528757206	0.23493328044582512	0.0022274284252113644	0.832258064516129	0.39781490433566186
174023894	[65,-93.0,28.0]	40.61842672	-73.99898642000001	0.09260410626120902	0.19049360528757206	0.23493328044582512	0.0022274284252113644	0.832258064516129	0.39781490433566186
468503602	[63,-93.0,30.0]	40.61798414	-73.99921002	0.09260410626120902	0.19049360528757206	0.23493328044582512	0.0022274284252113644	0.832258064516129	0.39781490433566186
471659048	[69,-93.0,24.0]	40.61919496	-73.99855522	0.09260410626120902	0.19049360528757206	0.23493328044582512	0.0022274284252113644	0.832258064516129	0.39781490433566186
249001606	[72,-93.0,21.0]	40.61982841818182	-73.99950085454545	0.09260410626120902	0.19049360528757206	0.23493328044582512	0.0022274284252113644	0.832258064516129	0.39781490433566186
249002264	[66,-93.0,27.0]	40.61860479999999	-73.99883818333332	0.09260410626120902	0.19049360528757206	0.23493328044582512	0.0022274284252113644	0.832258064516129	0.39781490433566186
480937786	[58,-1.0,-57.0]	40.62646034	-74.01656392	0.09260410626120902	0.19049360528757206	0.23493328044582512	0.0022274284252113644	0.832258064516129	0.39781490433566186
248575679	[38,-24.0,-14.0]	40.61999280909092	-74.01245548181818	0.09260410626120902	0.19049360528757206	0.23493328044582512	0.0022274284252113644	0.832258064516129	0.39781490433566186
248561732	[-13,35.0,-22.0]	40.61551244444445	-74.02294328888888	0.09260410626120902	0.19049360528757206	0.23493328044582512	0.0022274284252113644	0.832258064516129	0.39781490433566186
248561887	[-15,38.0,-23.0]	40.615461895918365	-74.02338670204081	0.09260410626120902	0.19049360528757206	0.23493328044582512	0.0022274284252113644	0.832258064516129	0.39781490433566186
248565118	[20,12.0,-32.0]	40.6199958	-74.01884396666667	0.09260410626120902	0.19049360528757206	0.23493328044582512	0.0022274284252113644	0.832258064516129	0.39781490433566186
248584651	[56,-5.0,-51.0]	40.6256542375	-74.015728159375	0.09260410626120902	0.19049360528757206	0.23493328044582512	0.0022274284252113644	0.832258064516129	0.39781490433566186
249013084	[1,-47.0,46.0]	40.60998732380952	-74.00819688571428	0.09260410626120902	0.19049360528757206	0.23493328044582512	0.0022274284252113644	0.832258064516129	0.39781490433566186
249022756	[19,-30.0,11.0]	40.615451916666665	-74.01123256666666	0.09260410626120902	0.19049360528757206	0.23493328044582512	0.0022274284252113644	0.832258064516129	0.39781490433566186
249002292	[64,-87.0,23.0]	40.61891218000001	-74.00124774666668	0.09260410626120902	0.19049360528757206	0.23493328044582512	0.0022274284252113644	0.832258064516129	0.39781490433566186
249014960	[50,-60.0,10.0]	40.6186495875	-74.00597342500001	0.09260410626120902	0.19049360528757206	0.23493328044582512	0.0022274284252113644	0.832258064516129	0.39781490433566186
249026180	249026180	0
109963873	249026180	3.0
170606988	249026180	3.0
547537892	249026180	4.0
547537893	249026180	3.0
547537894	249026180	4.0
547537895	249026180	3.0
547537896	249026180	3.0
547537897	249026180	3.0
547537899	249026180	3.0
109963874	249026180	2.0
199103470	249026180	3.0
423052202	249026180	4.0
423052203	249026180	4.0
423052204	249026180	4.0
423052205	249026180	4.0
185022006	249026180	4.0
185022015	249026180	4.0
480937785	249026180	4.0
480937787	249026180	4.0
167462144	249026180	2.0
167462145	249026180	2.0
185010156	249026180	2.0
185010174	249026180	1.0
185010184	249026180	1.0
249011474	249026180	2.0
249022757	249026180	2.0
249046619	249026180	2.0
248575684	249026180	3.0
249005512	249026180	3.0
248569563	249026180	4.0
249002291	249026180	4.0
170529939	249026180	3.0
167482433	249026180	1.0
178999285	249026180	1.0
178999286	249026180	1.0
178999293	249026180	1.0
180343906	249026180	2.0
509303021	249026180	0.0
520440648	249026180	0.0
634367297	249026180	4.0
174023894	249026180	4.0
468503602	249026180	4.0
471659048	249026180	4.0
249001606	249026180	4.0
249002264	249026180	4.0
480937786	249026180	4.0
248575679	249026180	3.0
248561732	249026180	4.0
248561887	249026180	4.0
248565118	249026180	3.0
248584651	249026180	4.0
249013084	249026180	1.0
249022756	249026180	2.0
249002292	249026180	3.0
249014960	249026180	3.0
109963873	109963873	0
170606988	109963873	1.0
547537892	109963873	1.0
547537893	109963873	2.0
547537894	109963873	2.0
547537895	109963873	0.0
547537896	109963873	2.0
547537897	109963873	2.0
547537899	109963873	2.0
109963874	109963873	2.0
199103470	109963873	2.0
423052202	109963873	3.0
423052203	109963873	3.0
423052204	109963873	4.0
423052205	109963873	3.0
185022006	109963873	4.0
185022015	109963873	4.0
480937785	109963873	4.0
480937787	109963873	4.0
167462144	109963873	3.0
167462145	109963873	3.0
185010156	109963873	2.0
185010174	109963873	3.0
185010184	109963873	3.0
249011474	109963873	4.0
249022757	109963873	3.0
249046619	109963873	3.0
248575684	109963873	4.0
249005512	109963873	4.0
248569563	109963873	4.0
249002291	109963873	4.0
170529939	109963873	1.0
167482433	109963873	3.0
178999285	109963873	3.0
178999286	109963873	3.0
178999293	109963873	3.0
180343906	109963873	3.0
509303021	109963873	3.0
520440648	109963873	3.0
634367297	109963873	4.0
174023894	109963873	4.0
468503602	109963873	4.0
471659048	109963873	4.0
249001606	109963873	4.0
249002264	109963873	4.0
480937786	109963873	4.0
248575679	109963873	4.0
248561732	109963873	4.0
248561887	109963873	4.0
248565118	109963873	4.0
248584651	109963873	4.0
249013084	109963873	3.0
249022756	109963873	3.0
249002292	109963873	4.0
249014960	109963873	4.0
170606988	170606988	0
547537892	170606988	2.0
547537893	170606988	1.0
547537894	170606988	2.0
547537895	170606988	1.0
547537896	170606988	1.0
547537897	170606988	2.0
547537899	170606988	2.0
109963874	170606988	2.0
199103470	170606988	2.0
423052202	170606988	3.0
423052203	170606988	3.0
423052204	170606988	4.0
423052205	170606988	3.0
185022006	170606988	4.0
185022015	170606988	4.0
480937785	170606988	4.0
480937787	170606988	4.0
167462144	170606988	2.0
167462145	170606988	3.0
185010156	170606988	2.0
185010174	170606988	3.0
185010184	170606988	2.0
249011474	170606988	3.0
249022757	170606988	3.0
249046619	170606988	2.0
248575684	170606988	4.0
249005512	170606988	4.0
248569563	170606988	4.0
249002291	170606988	4.0
170529939	170606988	2.0
167482433	170606988	3.0
178999285	170606988	3.0
178999286	170606988	3.0
178999293	170606988	3.0
180343906	170606988	3.0
509303021	170606988	3.0
520440648	170606988	3.0
634367297	170606988	4.0
174023894	170606988	4.0
468503602	170606988	4.0
471659048	170606988	4.0
249001606	170606988	4.0
249002264	170606988	4.0
480937786	170606988	4.0
248575679	170606988	4.0
248561732	170606988	3.0
248561887	170606988	4.0
248565118	170606988	4.0
248584651	170606988	4.0
249013084	170606988	3.0
249022756	170606988	3.0
249002292	170606988	4.0
249014960	170606988	4.0
547537892	547537892	0
547537893	547537892	3.0
547537894	547537892	0.0
547537895	547537892	1.0
547537896	547537892	3.0
547537897	547537892	3.0
547537899	547537892	3.0
109963874	547537892	3.0
199103470	547537892	3.0
423052202	547537892	4.0
423052203	547537892	4.0
423052204	547537892	4.0
423052205	547537892	3.0
185022006	547537892	5.0
185022015	547537892	5.0
480937785	547537892	5.0
480937787	547537892	5.0
167462144	547537892	3.0
167462145	547537892	3.0
185010156	547537892	3.0
185010174	547537892	3.0
185010184	547537892	3.0
249011474	547537892	4.0
249022757	547537892	4.0
249046619	547537892	3.0
248575684	547537892	4.0
249005512	547537892	4.0
248569563	547537892	5.0
249002291	547537892	4.0
170529939	547537892	2.0
167482433	547537892	4.0
178999285	547537892	4.0
178999286	547537892	4.0
178999293	547537892	4.0
180343906	547537892	4.0
509303021	547537892	4.0
520440648	547537892	4.0
634367297	547537892	4.0
174023894	547537892	4.0
468503602	547537892	4.0
471659048	547537892	4.0
249001606	547537892	4.0
249002264	547537892	4.0
480937786	547537892	5.0
248575679	547537892	4.0
248561732	547537892	4.0
248561887	547537892	4.0
248565118	547537892	4.0
248584651	547537892	5.0
249013084	547537892	4.0
249022756	547537892	4.0
249002292	547537892	4.0
249014960	547537892	4.0
547537893	547537893	0
547537894	547537893	3.0
547537895	547537893	2.0
547537896	547537893	0.0
547537897	547537893	0.0
547537899	547537893	0.0
109963874	547537893	2.0
199103470	547537893	1.0
423052202	547537893	3.0
423052203	547537893	3.0
423052204	547537893	4.0
423052205	547537893	2.0
185022006	547537893	4.0
185022015	547537893	4.0
480937785	547537893	4.0
480937787	547537893	4.0
167462144	547537893	2.0
167462145	547537893	3.0
185010156	547537893	2.0
185010174	547537893	3.0
185010184	547537893	2.0
249011474	547537893	4.0
249022757	547537893	3.0
249046619	547537893	2.0
248575684	547537893	4.0
249005512	547537893	4.0
248569563	547537893	4.0
249002291	547537893	4.0
170529939	547537893	2.0
167482433	547537893	3.0
178999285	547537893	3.0
178999286	547537893	3.0
178999293	547537893	3.0
180343906	547537893	3.0
509303021	547537893	3.0
520440648	547537893	3.0
634367297	547537893	4.0
174023894	547537893	4.0
468503602	547537893	4.0
471659048	547537893	4.0
249001606	547537893	4.0
249002264	547537893	4.0
480937786	547537893	4.0
248575679	547537893	4.0
248561732	547537893	3.0
248561887	547537893	3.0
248565118	547537893	4.0
248584651	547537893	4.0
249013084	547537893	3.0
249022756	547537893	3.0
249002292	547537893	4.0
249014960	547537893	4.0
547537894	547537894	0
547537895	547537894	1.0
547537896	547537894	3.0
547537897	547537894	3.0
547537899	547537894	3.0
109963874	547537894	3.0
199103470	547537894	3.0
423052202	547537894	4.0
423052203	547537894	4.0
423052204	547537894	4.0
423052205	547537894	4.0
185022006	547537894	5.0
185022015	547537894	5.0
480937785	547537894	5.0
480937787	547537894	5.0
167462144	547537894	3.0
167462145	547537894	4.0
185010156	547537894	3.0
185010174	547537894	3.0
185010184	547537894	3.0
249011474	547537894	4.0
249022757	547537894	4.0
249046619	547537894	3.0
248575684	547537894	4.0
249005512	547537894	5.0
248569563	547537894	5.0
249002291	547537894	4.0
170529939	547537894	3.0
167482433	547537894	4.0
178999285	547537894	4.0
178999286	547537894	4.0
178999293	547537894	4.0
180343906	547537894	4.0
509303021	547537894	4.0
520440648	547537894	4.0
634367297	547537894	4.0
174023894	547537894	4.0
468503602	547537894	4.0
471659048	547537894	5.0
249001606	547537894	4.0
249002264	547537894	4.0
480937786	547537894	5.0
248575679	547537894	4.0
248561732	547537894	4.0
248561887	547537894	4.0
248565118	547537894	4.0
248584651	547537894	5.0
249013084	547537894	4.0
249022756	547537894	4.0
249002292	547537894	4.0
249014960	547537894	4.0
547537895	547537895	0
547537896	547537895	2.0
547537897	547537895	3.0
547537899	547537895	2.0
109963874	547537895	3.0
199103470	547537895	3.0
423052202	547537895	4.0
423052203	547537895	3.0
423052204	547537895	4.0
423052205	547537895	3.0
185022006	547537895	5.0
185022015	547537895	5.0
480937785	547537895	5.0
480937787	547537895	5.0
167462144	547537895	3.0
167462145	547537895	3.0
185010156	547537895	3.0
185010174	547537895	3.0
185010184	547537895	3.0
249011474	547537895	4.0
249022757	547537895	4.0
249046619	547537895	3.0
248575684	547537895	4.0
249005512	547537895	4.0
248569563	547537895	5.0
249002291	547537895	4.0
170529939	547537895	2.0
167482433	547537895	3.0
178999285	547537895	3.0
178999286	547537895	3.0
178999293	547537895	4.0
180343906	547537895	3.0
509303021	547537895	3.0
520440648	547537895	3.0
634367297	547537895	4.0
174023894	547537895	4.0
468503602	547537895	4.0
471659048	547537895	4.0
249001606	547537895	4.0
249002264	547537895	4.0
480937786	547537895	5.0
248575679	547537895	4.0
248561732	547537895	4.0
248561887	547537895	4.0
248565118	547537895	4.0
248584651	547537895	5.0
249013084	547537895	4.0
249022756	547537895	3.0
249002292	547537895	4.0
249014960	547537895	4.0
547537896	547537896	0
547537897	547537896	1.0
547537899	547537896	0.0
109963874	547537896	2.0
199103470	547537896	1.0
423052202	547537896	3.0
423052203	547537896	3.0
423052204	547537896	4.0
423052205	547537896	2.0
185022006	547537896	4.0
185022015	547537896	4.0
480937785	547537896	4.0
480937787	547537896	4.0
167462144	547537896	2.0
167462145	547537896	3.0
185010156	547537896	2.0
185010174	547537896	3.0
185010184	547537896	2.0
249011474	547537896	3.0
249022757	547537896	3.0
249046619	547537896	2.0
248575684	547537896	4.0
249005512	547537896	4.0
248569563	547537896	4.0
249002291	547537896	4.0
170529939	547537896	2.0
167482433	547537896	3.0
178999285	547537896	3.0
178999286	547537896	3.0
178999293	547537896	3.0
180343906	547537896	3.0
509303021	547537896	3.0
520440648	547537896	3.0
634367297	547537896	4.0
174023894	547537896	4.0
468503602	547537896	4.0
471659048	547537896	4.0
249001606	547537896	4.0
249002264	547537896	4.0
480937786	547537896	4.0
248575679	547537896	4.0
248561732	547537896	3.0
248561887	547537896	3.0
248565118	547537896	4.0
248584651	547537896	4.0
249013084	547537896	3.0
249022756	547537896	3.0
249002292	547537896	4.0
249014960	547537896	4.0
547537897	547537897	0
547537899	547537897	0.0
109963874	547537897	3.0
199103470	547537897	0.0
423052202	547537897	2.0
423052203	547537897	2.0
423052204	547537897	4.0
423052205	547537897	2.0
185022006	547537897	4.0
185022015	547537897	4.0
480937785	547537897	4.0
480937787	547537897	4.0
167462144	547537897	3.0
167462145	547537897	3.0
185010156	547537897	3.0
185010174	547537897	3.0
185010184	547537897	3.0
249011474	547537897	4.0
249022757	547537897	3.0
249046619	547537897	3.0
248575684	547537897	4.0
249005512	547537897	4.0
248569563	547537897	4.0
249002291	547537897	4.0
170529939	547537897	3.0
167482433	547537897	3.0
178999285	547537897	3.0
178999286	547537897	3.0
178999293	547537897	3.0
180343906	547537897	3.0
509303021	547537897	3.0
520440648	547537897	3.0
634367297	547537897	4.0
174023894	547537897	4.0
468503602	547537897	4.0
471659048	547537897	4.0
249001606	547537897	4.0
249002264	547537897	4.0
480937786	547537897	4.0
248575679	547537897	4.0
248561732	547537897	3.0
248561887	547537897	3.0
248565118	547537897	4.0
248584651	547537897	4.0
249013084	547537897	3.0
249022756	547537897	3.0
249002292	547537897	4.0
249014960	547537897	4.0
547537899	547537899	0
109963874	547537899	2.0
199103470	547537899	0.0
423052202	547537899	3.0
423052203	547537899	2.0
423052204	547537899	4.0
423052205	547537899	2.0
185022006	547537899	4.0
185022015	547537899	4.0
480937785	547537899	4.0
480937787	547537899	4.0
167462144	547537899	3.0
167462145	547537899	3.0
185010156	547537899	3.0
185010174	547537899	3.0
185010184	547537899	3.0
249011474	547537899	4.0
249022757	547537899	3.0
249046619	547537899	3.0
248575684	547537899	4.0
249005512	547537899	4.0
248569563	547537899	4.0
249002291	547537899	4.0
170529939	547537899	3.0
167482433	547537899	3.0
178999285	547537899	3.0
178999286	547537899	3.0
178999293	547537899	3.0
180343906	547537899	3.0
509303021	547537899	3.0
520440648	547537899	3.0
634367297	547537899	4.0
174023894	547537899	4.0
468503602	547537899	4.0
471659048	547537899	4.0
249001606	547537899	4.0
249002264	547537899	4.0
480937786	547537899	4.0
248575679	547537899	4.0
248561732	547537899	3.0
248561887	547537899	3.0
248565118	547537899	4.0
248584651	547537899	4.0
249013084	547537899	3.0
249022756	547537899	3.0
249002292	547537899	4.0
249014960	547537899	4.0
109963874	109963874	0
199103470	109963874	3.0
423052202	109963874	3.0
423052203	109963874	3.0
423052204	109963874	4.0
423052205	109963874	3.0
185022006	109963874	4.0
185022015	109963874	4.0
480937785	109963874	4.0
480937787	109963874	4.0
167462144	109963874	0.0
167462145	109963874	2.0
185010156	109963874	0.0
185010174	109963874	1.0
185010184	109963874	0.0
249011474	109963874	3.0
249022757	109963874	2.0
249046619	109963874	0.0
248575684	109963874	3.0
249005512	109963874	4.0
248569563	109963874	4.0
249002291	109963874	4.0
170529939	109963874	3.0
167482433	109963874	2.0
178999285	109963874	2.0
178999286	109963874	2.0
178999293	109963874	2.0
180343906	109963874	2.0
509303021	109963874	2.0
520440648	109963874	2.0
634367297	109963874	4.0
174023894	109963874	4.0
468503602	109963874	4.0
471659048	109963874	4.0
249001606	109963874	4.0
249002264	109963874	4.0
480937786	109963874	4.0
248575679	109963874	3.0
248561732	109963874	4.0
248561887	109963874	4.0
248565118	109963874	3.0
248584651	109963874	4.0
249013084	109963874	2.0
249022756	109963874	2.0
249002292	109963874	4.0
249014960	109963874	3.0
199103470	199103470	0
423052202	199103470	2.0
423052203	199103470	2.0
423052204	199103470	3.0
423052205	199103470	2.0
185022006	199103470	4.0
185022015	199103470	4.0
480937785	199103470	4.0
480937787	199103470	4.0
167462144	199103470	3.0
167462145	199103470	3.0
185010156	199103470	3.0
185010174	199103470	3.0
185010184	199103470	3.0
249011474	199103470	4.0
249022757	199103470	3.0
249046619	199103470	3.0
248575684	199103470	4.0
249005512	199103470	4.0
248569563	199103470	4.0
249002291	199103470	4.0
170529939	199103470	3.0
167482433	199103470	3.0
178999285	199103470	3.0
178999286	199103470	3.0
178999293	199103470	4.0
180343906	199103470	3.0
509303021	199103470	3.0
520440648	199103470	3.0
634367297	199103470	4.0
174023894	199103470	4.0
468503602	199103470	4.0
471659048	199103470	4.0
249001606	199103470	4.0
249002264	199103470	4.0
480937786	199103470	4.0
248575679	199103470	4.0
248561732	199103470	3.0
248561887	199103470	3.0
248565118	199103470	4.0
248584651	199103470	4.0
249013084	199103470	3.0
249022756	199103470	3.0
249002292	199103470	4.0
249014960	199103470	4.0
423052202	423052202	0
423052203	423052202	0.0
423052204	423052202	3.0
423052205	423052202	1.0
185022006	423052202	4.0
185022015	423052202	4.0
480937785	423052202	3.0
480937787	423052202	4.0
167462144	423052202	4.0
167462145	423052202	3.0
185010156	423052202	4.0
185010174	423052202	4.0
185010184	423052202	4.0
249011474	423052202	4.0
249022757	423052202	4.0
249046619	423052202	4.0
248575684	423052202	4.0
249005512	423052202	4.0
248569563	423052202	4.0
249002291	423052202	4.0
170529939	423052202	4.0
167482433	423052202	4.0
178999285	423052202	4.0
178999286	423052202	4.0
178999293	423052202	4.0
180343906	423052202	3.0
509303021	423052202	4.0
520440648	423052202	4.0
634367297	423052202	4.0
174023894	423052202	5.0
468503602	423052202	5.0
471659048	423052202	5.0
249001606	423052202	5.0
249002264	423052202	5.0
480937786	423052202	4.0
248575679	423052202	4.0
248561732	423052202	1.0
248561887	423052202	1.0
248565118	423052202	3.0
248584651	423052202	4.0
249013084	423052202	4.0
249022756	423052202	4.0
249002292	423052202	4.0
249014960	423052202	4.0
423052203	423052203	0
423052204	423052203	3.0
423052205	423052203	1.0
185022006	423052203	4.0
185022015	423052203	4.0
480937785	423052203	4.0
480937787	423052203	4.0
167462144	423052203	3.0
167462145	423052203	4.0
185010156	423052203	3.0
185010174	423052203	4.0
185010184	423052203	4.0
249011474	423052203	4.0
249022757	423052203	4.0
249046619	423052203	3.0
248575684	423052203	4.0
249005512	423052203	4.0
248569563	423052203	4.0
249002291	423052203	4.0
170529939	423052203	4.0
167482433	423052203	4.0
178999285	423052203	4.0
178999286	423052203	4.0
178999293	423052203	4.0
180343906	423052203	4.0
509303021	423052203	4.0
520440648	423052203	4.0
634367297	423052203	5.0
174023894	423052203	5.0
468503602	423052203	5.0
471659048	423052203	5.0
249001606	423052203	5.0
249002264	423052203	5.0
480937786	423052203	4.0
248575679	423052203	4.0
248561732	423052203	2.0
248561887	423052203	2.0
248565118	423052203	3.0
248584651	423052203	4.0
249013084	423052203	4.0
249022756	423052203	4.0
249002292	423052203	4.0
249014960	423052203	4.0
423052204	423052204	0
423052205	423052204	3.0
185022006	423052204	4.0
185022015	423052204	4.0
480937785	423052204	4.0
480937787	423052204	4.0
167462144	423052204	4.0
167462145	423052204	4.0
185010156	423052204	4.0
185010174	423052204	4.0
185010184	423052204	4.0
249011474	423052204	4.0
249022757	423052204	4.0
249046619	423052204	4.0
248575684	423052204	4.0
249005512	423052204	5.0
248569563	423052204	4.0
249002291	423052204	5.0
170529939	423052204	4.0
167482433	423052204	4.0
178999285	423052204	4.0
178999286	423052204	4.0
178999293	423052204	4.0
180343906	423052204	4.0
509303021	423052204	4.0
520440648	423052204	4.0
634367297	423052204	5.0
174023894	423052204	5.0
468503602	423052204	5.0
471659048	423052204	5.0
249001606	423052204	5.0
249002264	423052204	5.0
480937786	423052204	4.0
248575679	423052204	4.0
248561732	423052204	2.0
248561887	423052204	2.0
248565118	423052204	3.0
248584651	423052204	4.0
249013084	423052204	4.0
249022756	423052204	4.0
249002292	423052204	5.0
249014960	423052204	4.0
423052205	423052205	0
185022006	423052205	4.0
185022015	423052205	4.0
480937785	423052205	4.0
480937787	423052205	4.0
167462144	423052205	3.0
167462145	423052205	4.0
185010156	423052205	3.0
185010174	423052205	4.0
185010184	423052205	3.0
249011474	423052205	4.0
249022757	423052205	4.0
249046619	423052205	3.0
248575684	423052205	4.0
249005512	423052205	4.0
248569563	423052205	4.0
249002291	423052205	4.0
170529939	423052205	3.0
167482433	423052205	4.0
178999285	423052205	4.0
178999286	423052205	4.0
178999293	423052205	4.0
180343906	423052205	4.0
509303021	423052205	4.0
520440648	423052205	4.0
634367297	423052205	4.0
174023894	423052205	5.0
468503602	423052205	4.0
471659048	423052205	5.0
249001606	423052205	4.0
249002264	423052205	5.0
480937786	423052205	4.0
248575679	423052205	4.0
248561732	423052205	2.0
248561887	423052205	2.0
248565118	423052205	3.0
248584651	423052205	4.0
249013084	423052205	4.0
249022756	423052205	4.0
249002292	423052205	4.0
249014960	423052205	4.0
185022006	185022006	0
185022015	185022006	0.0
480937785	185022006	0.0
480937787	185022006	0.0
167462144	185022006	4.0
167462145	185022006	4.0
185010156	185022006	4.0
185010174	185022006	4.0
185010184	185022006	4.0
249011474	185022006	4.0
249022757	185022006	4.0
249046619	185022006	4.0
248575684	185022006	3.0
249005512	185022006	4.0
248569563	185022006	1.0
249002291	185022006	4.0
170529939	185022006	5.0
167482433	185022006	4.0
178999285	185022006	4.0
178999286	185022006	4.0
178999293	185022006	4.0
180343906	185022006	4.0
509303021	185022006	4.0
520440648	185022006	4.0
634367297	185022006	4.0
174023894	185022006	4.0
468503602	185022006	4.0
471659048	185022006	4.0
249001606	185022006	4.0
249002264	185022006	4.0
480937786	185022006	0.0
248575679	185022006	3.0
248561732	185022006	3.0
248561887	185022006	4.0
248565118	185022006	3.0
248584651	185022006	0.0
249013084	185022006	4.0
249022756	185022006	4.0
249002292	185022006	4.0
249014960	185022006	3.0
185022015	185022015	0
480937785	185022015	0.0
480937787	185022015	1.0
167462144	185022015	4.0
167462145	185022015	4.0
185010156	185022015	4.0
185010174	185022015	4.0
185010184	185022015	4.0
249011474	185022015	4.0
249022757	185022015	4.0
249046619	185022015	4.0
248575684	185022015	3.0
249005512	185022015	4.0
248569563	185022015	1.0
249002291	185022015	4.0
170529939	185022015	5.0
167482433	185022015	4.0
178999285	185022015	4.0
178999286	185022015	4.0
178999293	185022015	4.0
180343906	185022015	4.0
509303021	185022015	4.0
520440648	185022015	4.0
634367297	185022015	4.0
174023894	185022015	4.0
468503602	185022015	4.0
471659048	185022015	4.0
249001606	185022015	4.0
249002264	185022015	4.0
480937786	185022015	0.0
248575679	185022015	3.0
248561732	185022015	3.0
248561887	185022015	4.0
248565118	185022015	3.0
248584651	185022015	0.0
249013084	185022015	4.0
249022756	185022015	4.0
249002292	185022015	4.0
249014960	185022015	3.0
480937785	480937785	0
480937787	480937785	1.0
167462144	480937785	4.0
167462145	480937785	4.0
185010156	480937785	4.0
185010174	480937785	4.0
185010184	480937785	4.0
249011474	480937785	4.0
249022757	480937785	4.0
249046619	480937785	4.0
248575684	480937785	3.0
249005512	480937785	4.0
248569563	480937785	2.0
249002291	480937785	4.0
170529939	480937785	5.0
167482433	480937785	4.0
178999285	480937785	4.0
178999286	480937785	4.0
178999293	480937785	4.0
180343906	480937785	4.0
509303021	480937785	4.0
520440648	480937785	4.0
634367297	480937785	4.0
174023894	480937785	4.0
468503602	480937785	4.0
471659048	480937785	4.0
249001606	480937785	4.0
249002264	480937785	4.0
480937786	480937785	0.0
248575679	480937785	3.0
248561732	480937785	3.0
248561887	480937785	3.0
248565118	480937785	3.0
248584651	480937785	1.0
249013084	480937785	4.0
249022756	480937785	4.0
249002292	480937785	4.0
249014960	480937785	3.0
480937787	480937787	0
167462144	480937787	4.0
167462145	480937787	4.0
185010156	480937787	4.0
185010174	480937787	4.0
185010184	480937787	4.0
249011474	480937787	4.0
249022757	480937787	4.0
249046619	480937787	4.0
248575684	480937787	3.0
249005512	480937787	4.0
248569563	480937787	1.0
249002291	480937787	4.0
170529939	480937787	5.0
167482433	480937787	4.0
178999285	480937787	4.0
178999286	480937787	4.0
178999293	480937787	4.0
180343906	480937787	4.0
509303021	480937787	4.0
520440648	480937787	4.0
634367297	480937787	4.0
174023894	480937787	4.0
468503602	480937787	4.0
471659048	480937787	4.0
249001606	480937787	4.0
249002264	480937787	4.0
480937786	480937787	1.0
248575679	480937787	3.0
248561732	480937787	3.0
248561887	480937787	4.0
248565118	480937787	3.0
248584651	480937787	1.0
249013084	480937787	4.0
249022756	480937787	4.0
249002292	480937787	4.0
249014960	480937787	3.0
167462144	167462144	0
167462145	167462144	1.0
185010156	167462144	0.0
185010174	167462144	1.0
185010184	167462144	0.0
249011474	167462144	3.0
249022757	167462144	2.0
249046619	167462144	0.0
248575684	167462144	3.0
249005512	167462144	3.0
248569563	167462144	4.0
249002291	167462144	4.0
170529939	167462144	3.0
167482433	167462144	2.0
178999285	167462144	2.0
178999286	167462144	2.0
178999293	167462144	2.0
180343906	167462144	2.0
509303021	167462144	2.0
520440648	167462144	2.0
634367297	167462144	4.0
174023894	167462144	4.0
468503602	167462144	4.0
471659048	167462144	4.0
249001606	167462144	4.0
249002264	167462144	4.0
480937786	167462144	4.0
248575679	167462144	3.0
248561732	167462144	3.0
248561887	167462144	4.0
248565118	167462144	3.0
248584651	167462144	4.0
249013084	167462144	2.0
249022756	167462144	2.0
249002292	167462144	3.0
249014960	167462144	3.0
167462145	167462145	0
185010156	167462145	2.0
185010174	167462145	0.0
185010184	167462145	1.0
249011474	167462145	3.0
249022757	167462145	1.0
249046619	167462145	2.0
248575684	167462145	2.0
249005512	167462145	3.0
248569563	167462145	4.0
249002291	167462145	3.0
170529939	167462145	3.0
167482433	167462145	2.0
178999285	167462145	2.0
178999286	167462145	2.0
178999293	167462145	2.0
180343906	167462145	0.0
509303021	167462145	2.0
520440648	167462145	2.0
634367297	167462145	4.0
174023894	167462145	4.0
468503602	167462145	4.0
471659048	167462145	4.0
249001606	167462145	4.0
249002264	167462145	4.0
480937786	167462145	4.0
248575679	167462145	3.0
248561732	167462145	3.0
248561887	167462145	3.0
248565118	167462145	3.0
248584651	167462145	4.0
249013084	167462145	2.0
249022756	167462145	1.0
249002292	167462145	3.0
249014960	167462145	3.0
185010156	185010156	0
185010174	185010156	1.0
185010184	185010156	0.0
249011474	185010156	3.0
249022757	185010156	2.0
249046619	185010156	0.0
248575684	185010156	3.0
249005512	185010156	3.0
248569563	185010156	4.0
249002291	185010156	4.0
170529939	185010156	3.0
167482433	185010156	2.0
178999285	185010156	2.0
178999286	185010156	2.0
178999293	185010156	2.0
180343906	185010156	2.0
509303021	185010156	2.0
520440648	185010156	2.0
634367297	185010156	4.0
174023894	185010156	4.0
468503602	185010156	4.0
471659048	185010156	4.0
249001606	185010156	4.0
249002264	185010156	4.0
480937786	185010156	4.0
248575679	185010156	3.0
248561732	185010156	4.0
248561887	185010156	4.0
248565118	185010156	3.0
248584651	185010156	4.0
249013084	185010156	2.0
249022756	185010156	2.0
249002292	185010156	3.0
249014960	185010156	3.0
185010174	185010174	0
185010184	185010174	1.0
249011474	185010174	2.0
249022757	185010174	1.0
249046619	185010174	2.0
248575684	185010174	3.0
249005512	185010174	3.0
248569563	185010174	4.0
249002291	185010174	3.0
170529939	185010174	3.0
167482433	185010174	2.0
178999285	185010174	2.0
178999286	185010174	2.0
178999293	185010174	2.0
180343906	185010174	0.0
509303021	185010174	1.0
520440648	185010174	1.0
634367297	185010174	3.0
174023894	185010174	4.0
468503602	185010174	4.0
471659048	185010174	4.0
249001606	185010174	4.0
249002264	185010174	4.0
480937786	185010174	4.0
248575679	185010174	3.0
248561732	185010174	3.0
248561887	185010174	3.0
248565118	185010174	3.0
248584651	185010174	4.0
249013084	185010174	2.0
249022756	185010174	2.0
249002292	185010174	3.0
249014960	185010174	3.0
185010184	185010184	0
249011474	185010184	3.0
249022757	185010184	1.0
249046619	185010184	1.0
248575684	185010184	3.0
249005512	185010184	3.0
248569563	185010184	4.0
249002291	185010184	3.0
170529939	185010184	3.0
167482433	185010184	2.0
178999285	185010184	2.0
178999286	185010184	2.0
178999293	185010184	2.0
180343906	185010184	1.0
509303021	185010184	2.0
520440648	185010184	1.0
634367297	185010184	4.0
174023894	185010184	4.0
468503602	185010184	4.0
471659048	185010184	4.0
249001606	185010184	4.0
249002264	185010184	4.0
480937786	185010184	4.0
248575679	185010184	3.0
248561732	185010184	3.0
248561887	185010184	4.0
248565118	185010184	3.0
248584651	185010184	4.0
249013084	185010184	2.0
249022756	185010184	2.0
249002292	185010184	3.0
249014960	185010184	3.0
249011474	249011474	0
249022757	249011474	3.0
249046619	249011474	3.0
248575684	249011474	3.0
249005512	249011474	3.0
248569563	249011474	4.0
249002291	249011474	3.0
170529939	249011474	4.0
167482433	249011474	2.0
178999285	249011474	2.0
178999286	249011474	2.0
178999293	249011474	2.0
180343906	249011474	3.0
509303021	249011474	2.0
520440648	249011474	2.0
634367297	249011474	2.0
174023894	249011474	3.0
468503602	249011474	3.0
471659048	249011474	3.0
249001606	249011474	3.0
249002264	249011474	3.0
480937786	249011474	4.0
248575679	249011474	3.0
248561732	249011474	4.0
248561887	249011474	4.0
248565118	249011474	4.0
248584651	249011474	4.0
249013084	249011474	2.0
249022756	249011474	2.0
249002292	249011474	2.0
249014960	249011474	3.0
249022757	249022757	0
249046619	249022757	2.0
248575684	249022757	2.0
249005512	249022757	3.0
248569563	249022757	4.0
249002291	249022757	3.0
170529939	249022757	3.0
167482433	249022757	2.0
178999285	249022757	2.0
178999286	249022757	2.0
178999293	249022757	3.0
180343906	249022757	2.0
509303021	249022757	2.0
520440648	249022757	2.0
634367297	249022757	3.0
174023894	249022757	3.0
468503602	249022757	3.0
471659048	249022757	4.0
249001606	249022757	3.0
249002264	249022757	3.0
480937786	249022757	4.0
248575679	249022757	3.0
248561732	249022757	3.0
248561887	249022757	3.0
248565118	249022757	3.0
248584651	249022757	4.0
249013084	249022757	2.0
249022756	249022757	1.0
249002292	249022757	3.0
249014960	249022757	3.0
249046619	249046619	0
248575684	249046619	3.0
249005512	249046619	4.0
248569563	249046619	4.0
249002291	249046619	4.0
170529939	249046619	3.0
167482433	249046619	2.0
178999285	249046619	2.0
178999286	249046619	2.0
178999293	249046619	3.0
180343906	249046619	2.0
509303021	249046619	2.0
520440648	249046619	2.0
634367297	249046619	4.0
174023894	249046619	4.0
468503602	249046619	4.0
471659048	249046619	4.0
249001606	249046619	4.0
249002264	249046619	4.0
480937786	249046619	4.0
248575679	249046619	4.0
248561732	249046619	4.0
248561887	249046619	4.0
248565118	249046619	4.0
248584651	249046619	4.0
249013084	249046619	2.0
249022756	249046619	3.0
249002292	249046619	4.0
249014960	249046619	3.0
248575684	248575684	0
249005512	248575684	3.0
248569563	248575684	3.0
249002291	248575684	3.0
170529939	248575684	4.0
167482433	248575684	3.0
178999285	248575684	3.0
178999286	248575684	3.0
178999293	248575684	3.0
180343906	248575684	2.0
509303021	248575684	3.0
520440648	248575684	3.0
634367297	248575684	3.0
174023894	248575684	4.0
468503602	248575684	4.0
471659048	248575684	4.0
249001606	248575684	4.0
249002264	248575684	4.0
480937786	248575684	3.0
248575679	248575684	0.0
248561732	248575684	3.0
248561887	248575684	3.0
248565118	248575684	2.0
248584651	248575684	3.0
249013084	248575684	3.0
249022756	248575684	2.0
249002292	248575684	3.0
249014960	248575684	3.0
249005512	249005512	0
248569563	249005512	4.0
249002291	249005512	0.0
170529939	249005512	4.0
167482433	249005512	4.0
178999285	249005512	4.0
178999286	249005512	4.0
178999293	249005512	4.0
180343906	249005512	3.0
509303021	249005512	4.0
520440648	249005512	3.0
634367297	249005512	2.0
174023894	249005512	1.0
468503602	249005512	1.0
471659048	249005512	2.0
249001606	249005512	1.0
249002264	249005512	1.0
480937786	249005512	4.0
248575679	249005512	3.0
248561732	249005512	4.0
248561887	249005512	4.0
248565118	249005512	4.0
248584651	249005512	3.0
249013084	249005512	4.0
249022756	249005512	3.0
249002292	249005512	0.0
249014960	249005512	3.0
248569563	248569563	0
249002291	248569563	4.0
170529939	248569563	5.0
167482433	248569563	4.0
178999285	248569563	4.0
178999286	248569563	4.0
178999293	248569563	4.0
180343906	248569563	4.0
509303021	248569563	4.0
520440648	248569563	4.0
634367297	248569563	4.0
174023894	248569563	4.0
468503602	248569563	4.0
471659048	248569563	4.0
249001606	248569563	4.0
249002264	248569563	4.0
480937786	248569563	1.0
248575679	248569563	3.0
248561732	248569563	3.0
248561887	248569563	4.0
248565118	248569563	3.0
248584651	248569563	1.0
249013084	248569563	4.0
249022756	248569563	4.0
249002292	248569563	4.0
249014960	248569563	3.0
249002291	249002291	0
170529939	249002291	4.0
167482433	249002291	4.0
178999285	249002291	4.0
178999286	249002291	4.0
178999293	249002291	3.0
180343906	249002291	4.0
509303021	249002291	4.0
520440648	249002291	4.0
634367297	249002291	2.0
174023894	249002291	1.0
468503602	249002291	1.0
471659048	249002291	2.0
249001606	249002291	2.0
249002264	249002291	1.0
480937786	249002291	4.0
248575679	249002291	4.0
248561732	249002291	4.0
248561887	249002291	4.0
248565118	249002291	4.0
248584651	249002291	4.0
249013084	249002291	4.0
249022756	249002291	3.0
249002292	249002291	0.0
249014960	249002291	2.0
170529939	170529939	0
167482433	170529939	4.0
178999285	170529939	4.0
178999286	170529939	4.0
178999293	170529939	4.0
180343906	170529939	3.0
509303021	170529939	3.0
520440648	170529939	3.0
634367297	170529939	4.0
174023894	170529939	4.0
468503602	170529939	4.0
471659048	170529939	4.0
249001606	170529939	4.0
249002264	170529939	4.0
480937786	170529939	5.0
248575679	170529939	4.0
248561732	170529939	4.0
248561887	170529939	4.0
248565118	170529939	4.0
248584651	170529939	5.0
249013084	170529939	3.0
249022756	170529939	4.0
249002292	170529939	4.0
249014960	170529939	4.0
167482433	167482433	0
178999285	167482433	0.0
178999286	167482433	0.0
178999293	167482433	1.0
180343906	167482433	2.0
509303021	167482433	0.0
520440648	167482433	1.0
634367297	167482433	4.0
174023894	167482433	4.0
468503602	167482433	4.0
471659048	167482433	4.0
249001606	167482433	4.0
249002264	167482433	4.0
480937786	167482433	4.0
248575679	167482433	3.0
248561732	167482433	4.0
248561887	167482433	4.0
248565118	167482433	4.0
248584651	167482433	4.0
249013084	167482433	0.0
249022756	167482433	2.0
249002292	167482433	4.0
249014960	167482433	3.0
178999285	178999285	0
178999286	178999285	0.0
178999293	178999285	1.0
180343906	178999285	2.0
509303021	178999285	0.0
520440648	178999285	1.0
634367297	178999285	4.0
174023894	178999285	4.0
468503602	178999285	4.0
471659048	178999285	4.0
249001606	178999285	4.0
249002264	178999285	4.0
480937786	178999285	4.0
248575679	178999285	3.0
248561732	178999285	4.0
248561887	178999285	4.0
248565118	178999285	4.0
248584651	178999285	4.0
249013084	178999285	0.0
249022756	178999285	2.0
249002292	178999285	4.0
249014960	178999285	3.0
178999286	178999286	0
178999293	178999286	1.0
180343906	178999286	2.0
509303021	178999286	0.0
520440648	178999286	1.0
634367297	178999286	4.0
174023894	178999286	4.0
468503602	178999286	4.0
471659048	178999286	4.0
249001606	178999286	4.0
249002264	178999286	4.0
480937786	178999286	4.0
248575679	178999286	3.0
248561732	178999286	4.0
248561887	178999286	4.0
248565118	178999286	3.0
248584651	178999286	4.0
249013084	178999286	0.0
249022756	178999286	2.0
249002292	178999286	4.0
249014960	178999286	3.0
178999293	178999293	0
180343906	178999293	2.0
509303021	178999293	1.0
520440648	178999293	1.0
634367297	178999293	3.0
174023894	178999293	3.0
468503602	178999293	3.0
471659048	178999293	3.0
249001606	178999293	3.0
249002264	178999293	3.0
480937786	178999293	4.0
248575679	178999293	3.0
248561732	178999293	4.0
248561887	178999293	4.0
248565118	178999293	4.0
248584651	178999293	4.0
249013084	178999293	1.0
249022756	178999293	2.0
249002292	178999293	4.0
249014960	178999293	3.0
180343906	180343906	0
509303021	180343906	2.0
520440648	180343906	2.0
634367297	180343906	4.0
174023894	180343906	4.0
468503602	180343906	4.0
471659048	180343906	4.0
249001606	180343906	4.0
249002264	180343906	4.0
480937786	180343906	4.0
248575679	180343906	3.0
248561732	180343906	3.0
248561887	180343906	3.0
248565118	180343906	3.0
248584651	180343906	4.0
249013084	180343906	2.0
249022756	180343906	2.0
249002292	180343906	3.0
249014960	180343906	3.0
509303021	509303021	0
520440648	509303021	0.0
634367297	509303021	4.0
174023894	509303021	4.0
468503602	509303021	4.0
471659048	509303021	4.0
249001606	509303021	4.0
249002264	509303021	4.0
480937786	509303021	4.0
248575679	509303021	3.0
248561732	509303021	4.0
248561887	509303021	4.0
248565118	509303021	3.0
248584651	509303021	4.0
249013084	509303021	1.0
249022756	509303021	2.0
249002292	509303021	4.0
249014960	509303021	3.0
520440648	520440648	0
634367297	520440648	4.0
174023894	520440648	4.0
468503602	520440648	4.0
471659048	520440648	4.0
249001606	520440648	4.0
249002264	520440648	4.0
480937786	520440648	4.0
248575679	520440648	3.0
248561732	520440648	4.0
248561887	520440648	4.0
248565118	520440648	3.0
248584651	520440648	4.0
249013084	520440648	1.0
249022756	520440648	2.0
249002292	520440648	3.0
249014960	520440648	3.0
634367297	634367297	0
174023894	634367297	1.0
468503602	634367297	1.0
471659048	634367297	2.0
249001606	634367297	2.0
249002264	634367297	1.0
480937786	634367297	4.0
248575679	634367297	3.0
248561732	634367297	4.0
248561887	634367297	4.0
248565118	634367297	4.0
248584651	634367297	4.0
249013084	634367297	4.0
249022756	634367297	3.0
249002292	634367297	2.0
249014960	634367297	2.0
174023894	174023894	0
468503602	174023894	0.0
471659048	174023894	0.0
249001606	174023894	1.0
249002264	174023894	0.0
480937786	174023894	4.0
248575679	174023894	4.0
248561732	174023894	4.0
248561887	174023894	4.0
248565118	174023894	4.0
248584651	174023894	4.0
249013084	174023894	4.0
249022756	174023894	3.0
249002292	174023894	1.0
249014960	174023894	3.0
468503602	468503602	0
471659048	468503602	1.0
249001606	468503602	1.0
249002264	468503602	0.0
480937786	468503602	4.0
248575679	468503602	3.0
248561732	468503602	4.0
248561887	468503602	4.0
248565118	468503602	4.0
248584651	468503602	4.0
249013084	468503602	4.0
249022756	468503602	3.0
249002292	468503602	1.0
249014960	468503602	3.0
471659048	471659048	0
249001606	471659048	0.0
249002264	471659048	0.0
480937786	471659048	4.0
248575679	471659048	4.0
248561732	471659048	4.0
248561887	471659048	4.0
248565118	471659048	4.0
248584651	471659048	4.0
249013084	471659048	4.0
249022756	471659048	4.0
249002292	471659048	1.0
249014960	471659048	3.0
249001606	249001606	0
249002264	249001606	0.0
480937786	249001606	4.0
248575679	249001606	4.0
248561732	249001606	4.0
248561887	249001606	4.0
248565118	249001606	4.0
248584651	249001606	4.0
249013084	249001606	4.0
249022756	249001606	4.0
249002292	249001606	1.0
249014960	249001606	3.0
249002264	249002264	0
480937786	249002264	4.0
248575679	249002264	4.0
248561732	249002264	4.0
248561887	249002264	4.0
248565118	249002264	4.0
248584651	249002264	4.0
249013084	249002264	4.0
249022756	249002264	3.0
249002292	249002264	1.0
249014960	249002264	3.0
480937786	480937786	0
248575679	480937786	3.0
248561732	480937786	3.0
248561887	480937786	4.0
248565118	480937786	3.0
248584651	480937786	0.0
249013084	480937786	4.0
249022756	480937786	4.0
249002292	480937786	4.0
249014960	480937786	3.0
248575679	248575679	0
248561732	248575679	3.0
248561887	248575679	4.0
248565118	248575679	2.0
248584651	248575679	3.0
249013084	248575679	4.0
249022756	248575679	2.0
249002292	248575679	3.0
249014960	248575679	3.0
248561732	248561732	0
248561887	248561732	1.0
248565118	248561732	2.0
248584651	248561732	3.0
249013084	248561732	4.0
249022756	248561732	3.0
249002292	248561732	4.0
249014960	248561732	4.0
248561887	248561887	0
248565118	248561887	2.0
248584651	248561887	4.0
249013084	248561887	4.0
249022756	248561887	4.0
249002292	248561887	4.0
249014960	248561887	4.0
248565118	248565118	0
248584651	248565118	3.0
249013084	248565118	4.0
249022756	248565118	3.0
249002292	248565118	4.0
249014960	248565118	4.0
248584651	248584651	0
249013084	248584651	4.0
249022756	248584651	4.0
249002292	248584651	3.0
249014960	248584651	3.0
249013084	249013084	0
249022756	249013084	3.0
249002292	249013084	4.0
249014960	249013084	3.0
249022756	249022756	0
249002292	249022756	3.0
249014960	249022756	2.0
249002292	249002292	0
249014960	249002292	2.0
249014960	249014960	0
