249534663	[-40,74.0,-34.0]	40.63113455	-74.00898897500001	0.08861603965500034	0.3983454835223148	0.23370985551164783	0.001996165341725161	0.621505376344086	0.2359336680035769
550720009	[12,26.0,-38.0]	40.637048856250004	-74.0004519375	0.08861603965500034	0.3983454835223148	0.23370985551164783	0.001996165341725161	0.621505376344086	0.2359336680035769
249062556	[-60,52.0,8.0]	40.624772252	-74.00506536399999	0.08861603965500034	0.3983454835223148	0.23370985551164783	0.001996165341725161	0.621505376344086	0.2359336680035769
249063757	[-60,68.0,-8.0]	40.626443640000005	-74.00784641999999	0.08861603965500034	0.3983454835223148	0.23370985551164783	0.001996165341725161	0.621505376344086	0.2359336680035769
249084902	[-46,43.0,3.0]	40.626772235714306	-74.00354891190477	0.08861603965500034	0.3983454835223148	0.23370985551164783	0.001996165341725161	0.621505376344086	0.2359336680035769
249532851	[-42,45.0,-3.0]	40.62789048076923	-74.00389390000001	0.08861603965500034	0.3983454835223148	0.23370985551164783	0.001996165341725161	0.621505376344086	0.2359336680035769
265967011	[-60,52.0,8.0]	40.62478822	-74.00506050000001	0.08861603965500034	0.3983454835223148	0.23370985551164783	0.001996165341725161	0.621505376344086	0.2359336680035769
432388887	[-32,66.0,-34.0]	40.6321304	-74.0075342	0.08861603965500034	0.3983454835223148	0.23370985551164783	0.001996165341725161	0.621505376344086	0.2359336680035769
249554184	[-15,43.0,-28.0]	40.633222842857144	-74.00354920952381	0.08861603965500034	0.3983454835223148	0.23370985551164783	0.001996165341725161	0.621505376344086	0.2359336680035769
249085691	[-48,-1.0,49.0]	40.62192464285714	-73.99568098571427	0.08861603965500034	0.3983454835223148	0.23370985551164783	0.001996165341725161	0.621505376344086	0.2359336680035769
249121682	[0,-38.0,38.0]	40.628029700000006	-73.98904008571428	0.08861603965500034	0.3983454835223148	0.23370985551164783	0.001996165341725161	0.621505376344086	0.2359336680035769
249556684	[49,-27.0,-22.0]	40.639180295454544	-73.99097152727272	0.08861603965500034	0.3983454835223148	0.23370985551164783	0.001996165341725161	0.621505376344086	0.2359336680035769
249557311	[16,18.0,-34.0]	40.636907529411765	-73.99899545294117	0.08861603965500034	0.3983454835223148	0.23370985551164783	0.001996165341725161	0.621505376344086	0.2359336680035769
249559653	[41,3.0,-44.0]	40.640564139999995	-73.99641317999999	0.08861603965500034	0.3983454835223148	0.23370985551164783	0.001996165341725161	0.621505376344086	0.2359336680035769
249568415	[54,-25.0,-29.0]	40.640290271428576	-73.9913169	0.08861603965500034	0.3983454835223148	0.23370985551164783	0.001996165341725161	0.621505376344086	0.2359336680035769
249568733	[50,-15.0,-35.0]	40.640626522000005	-73.99314404599998	0.08861603965500034	0.3983454835223148	0.23370985551164783	0.001996165341725161	0.621505376344086	0.2359336680035769
249566924	[50,1.0,-51.0]	40.64220006	-73.99609282000002	0.08861603965500034	0.3983454835223148	0.23370985551164783	0.001996165341725161	0.621505376344086	0.2359336680035769
249569325	[63,-19.0,-44.0]	40.64278872727272	-73.99247642727272	0.08861603965500034	0.3983454835223148	0.23370985551164783	0.001996165341725161	0.621505376344086	0.2359336680035769
249548741	[54,-56.0,2.0]	40.637163565909084	-73.98581591136362	0.08861603965500034	0.3983454835223148	0.23370985551164783	0.001996165341725161	0.621505376344086	0.2359336680035769
249548917	[54,-77.0,23.0]	40.63494915238095	-73.98208593333332	0.08861603965500034	0.3983454835223148	0.23370985551164783	0.001996165341725161	0.621505376344086	0.2359336680035769
351702568	[54,-75.0,21.0]	40.63522687777778	-73.98246877777778	0.08861603965500034	0.3983454835223148	0.23370985551164783	0.001996165341725161	0.621505376344086	0.2359336680035769
545152200	[-33,58.0,-25.0]	40.631002933333335	-74.00624413333334	0.08861603965500034	0.3983454835223148	0.23370985551164783	0.001996165341725161	0.621505376344086	0.2359336680035769
545153326	[-33,57.0,-24.0]	40.63098724	-74.00601309999999	0.08861603965500034	0.3983454835223148	0.23370985551164783	0.001996165341725161	0.621505376344086	0.2359336680035769
545153355	[-33,58.0,-25.0]	40.63107014	-74.00615559999999	0.08861603965500034	0.3983454835223148	0.23370985551164783	0.001996165341725161	0.621505376344086	0.2359336680035769
545153554	[-33,58.0,-25.0]	40.630990159999996	-74.00606250000001	0.08861603965500034	0.3983454835223148	0.23370985551164783	0.001996165341725161	0.621505376344086	0.2359336680035769
545154179	[-34,59.0,-25.0]	40.63086336	-74.00635534	0.08861603965500034	0.3983454835223148	0.23370985551164783	0.001996165341725161	0.621505376344086	0.2359336680035769
581270648	[-38,32.0,6.0]	40.62727742222222	-74.0014519	0.08861603965500034	0.3983454835223148	0.23370985551164783	0.001996165341725161	0.621505376344086	0.2359336680035769
577813846	[-15,48.0,-33.0]	40.63363642	-74.00426808	0.08861603965500034	0.3983454835223148	0.23370985551164783	0.001996165341725161	0.621505376344086	0.2359336680035769
573728025	[40,-7.0,-33.0]	40.63941366363636	-73.994546	0.08861603965500034	0.3983454835223148	0.23370985551164783	0.001996165341725161	0.621505376344086	0.2359336680035769
47286781	[55,-6.0,-49.0]	40.642497822222225	-73.99474695555554	0.08861603965500034	0.3983454835223148	0.23370985551164783	0.001996165341725161	0.621505376344086	0.2359336680035769
315748982	[72,-6.0,-66.0]	40.64597235714285	-73.9947846142857	0.08861603965500034	0.3983454835223148	0.23370985551164783	0.001996165341725161	0.621505376344086	0.2359336680035769
249121683	[-17,-25.0,42.0]	40.62578144166667	-73.99137765	0.08861603965500034	0.3983454835223148	0.23370985551164783	0.001996165341725161	0.621505376344086	0.2359336680035769
249568722	[55,-29.0,-26.0]	40.640183722222226	-73.99071182222222	0.08861603965500034	0.3983454835223148	0.23370985551164783	0.001996165341725161	0.621505376344086	0.2359336680035769
249557310	[29,18.0,-47.0]	40.639624539215696	-73.99893310392157	0.08861603965500034	0.3983454835223148	0.23370985551164783	0.001996165341725161	0.621505376344086	0.2359336680035769
249085635	[-37,12.0,25.0]	40.62545132	-73.99797638999999	0.08861603965500034	0.3983454835223148	0.23370985551164783	0.001996165341725161	0.621505376344086	0.2359336680035769
249545921	[31,-39.0,8.0]	40.634232985714284	-73.9888896	0.08861603965500034	0.3983454835223148	0.23370985551164783	0.001996165341725161	0.621505376344086	0.2359336680035769
249545922	[28,-46.0,18.0]	40.63296281111111	-73.9876360111111	0.08861603965500034	0.3983454835223148	0.23370985551164783	0.001996165341725161	0.621505376344086	0.2359336680035769
249545923	[25,-34.0,9.0]	40.63338006874999	-73.9897897875	0.08861603965500034	0.3983454835223148	0.23370985551164783	0.001996165341725161	0.621505376344086	0.2359336680035769
249549278	[20,-27.0,7.0]	40.633138425	-73.9909387125	0.08861603965500034	0.3983454835223148	0.23370985551164783	0.001996165341725161	0.621505376344086	0.2359336680035769
249549279	[24,-31.0,7.0]	40.63368004	-73.99031274000001	0.08861603965500034	0.3983454835223148	0.23370985551164783	0.001996165341725161	0.621505376344086	0.2359336680035769
249550708	[42,-44.0,2.0]	40.63598272499999	-73.98800053333333	0.08861603965500034	0.3983454835223148	0.23370985551164783	0.001996165341725161	0.621505376344086	0.2359336680035769
249550887	[40,-38.0,-2.0]	40.63620236999999	-73.98908376	0.08861603965500034	0.3983454835223148	0.23370985551164783	0.001996165341725161	0.621505376344086	0.2359336680035769
249556327	[45,-24.0,-21.0]	40.63855297777778	-73.99152877777779	0.08861603965500034	0.3983454835223148	0.23370985551164783	0.001996165341725161	0.621505376344086	0.2359336680035769
249568416	[58,-23.0,-35.0]	40.641376566666665	-73.99162965555556	0.08861603965500034	0.3983454835223148	0.23370985551164783	0.001996165341725161	0.621505376344086	0.2359336680035769
249121887	[24,-56.0,32.0]	40.63107218333334	-73.98582245	0.08861603965500034	0.3983454835223148	0.23370985551164783	0.001996165341725161	0.621505376344086	0.2359336680035769
249539446	[40,-59.0,19.0]	40.633922125000005	-73.9853543	0.08861603965500034	0.3983454835223148	0.23370985551164783	0.001996165341725161	0.621505376344086	0.2359336680035769
249548518	[38,-48.0,10.0]	40.634694659999994	-73.98733019	0.08861603965500034	0.3983454835223148	0.23370985551164783	0.001996165341725161	0.621505376344086	0.2359336680035769
249623483	[75,-8.0,-67.0]	40.646308866666665	-73.99436968333333	0.08861603965500034	0.3983454835223148	0.23370985551164783	0.001996165341725161	0.621505376344086	0.2359336680035769
249562148	[8,33.0,-41.0]	40.63683904	-74.00174903999999	0.08861603965500034	0.3983454835223148	0.23370985551164783	0.001996165341725161	0.621505376344086	0.2359336680035769
249562155	[8,35.0,-43.0]	40.6369871	-74.00207808	0.08861603965500034	0.3983454835223148	0.23370985551164783	0.001996165341725161	0.621505376344086	0.2359336680035769
249534663	249534663	0
550720009	249534663	3.0
249062556	249534663	3.0
249063757	249534663	2.0
249084902	249534663	2.0
249532851	249534663	2.0
265967011	249534663	3.0
432388887	249534663	1.0
249554184	249534663	2.0
249085691	249534663	4.0
249121682	249534663	4.0
249556684	249534663	4.0
249557311	249534663	3.0
249559653	249534663	4.0
249568415	249534663	4.0
249568733	249534663	4.0
249566924	249534663	4.0
249569325	249534663	4.0
249548741	249534663	4.0
249548917	249534663	5.0
351702568	249534663	5.0
545152200	249534663	1.0
545153326	249534663	1.0
545153355	249534663	1.0
545153554	249534663	1.0
545154179	249534663	1.0
581270648	249534663	3.0
577813846	249534663	2.0
573728025	249534663	4.0
47286781	249534663	4.0
315748982	249534663	4.0
249121683	249534663	4.0
249568722	249534663	4.0
249557310	249534663	3.0
249085635	249534663	3.0
249545921	249534663	4.0
249545922	249534663	4.0
249545923	249534663	4.0
249549278	249534663	4.0
249549279	249534663	4.0
249550708	249534663	4.0
249550887	249534663	4.0
249556327	249534663	4.0
249568416	249534663	4.0
249121887	249534663	4.0
249539446	249534663	4.0
249548518	249534663	4.0
249623483	249534663	4.0
249562148	249534663	3.0
249562155	249534663	3.0
550720009	550720009	0
249062556	550720009	4.0
249063757	550720009	4.0
249084902	550720009	4.0
249532851	550720009	4.0
265967011	550720009	4.0
432388887	550720009	3.0
249554184	550720009	3.0
249085691	550720009	4.0
249121682	550720009	4.0
249556684	550720009	3.0
249557311	550720009	1.0
249559653	550720009	2.0
249568415	550720009	3.0
249568733	550720009	2.0
249566924	550720009	3.0
249569325	550720009	3.0
249548741	550720009	4.0
249548917	550720009	4.0
351702568	550720009	4.0
545152200	550720009	3.0
545153326	550720009	3.0
545153355	550720009	3.0
545153554	550720009	3.0
545154179	550720009	3.0
581270648	550720009	4.0
577813846	550720009	2.0
573728025	550720009	2.0
47286781	550720009	3.0
315748982	550720009	3.0
249121683	550720009	4.0
249568722	550720009	3.0
249557310	550720009	1.0
249085635	550720009	4.0
249545921	550720009	4.0
249545922	550720009	4.0
249545923	550720009	3.0
249549278	550720009	3.0
249549279	550720009	3.0
249550708	550720009	3.0
249550887	550720009	3.0
249556327	550720009	3.0
249568416	550720009	3.0
249121887	550720009	4.0
249539446	550720009	4.0
249548518	550720009	4.0
249623483	550720009	4.0
249562148	550720009	1.0
249562155	550720009	1.0
249062556	249062556	0
249063757	249062556	1.0
249084902	249062556	1.0
249532851	249062556	2.0
265967011	249062556	0.0
432388887	249062556	3.0
249554184	249062556	3.0
249085691	249062556	3.0
249121682	249062556	4.0
249556684	249062556	4.0
249557311	249062556	4.0
249559653	249062556	4.0
249568415	249062556	4.0
249568733	249062556	4.0
249566924	249062556	4.0
249569325	249062556	4.0
249548741	249062556	4.0
249548917	249062556	4.0
351702568	249062556	4.0
545152200	249062556	3.0
545153326	249062556	3.0
545153355	249062556	3.0
545153554	249062556	3.0
545154179	249062556	3.0
581270648	249062556	2.0
577813846	249062556	3.0
573728025	249062556	4.0
47286781	249062556	4.0
315748982	249062556	5.0
249121683	249062556	4.0
249568722	249062556	4.0
249557310	249062556	4.0
249085635	249062556	3.0
249545921	249062556	4.0
249545922	249062556	4.0
249545923	249062556	4.0
249549278	249062556	4.0
249549279	249062556	4.0
249550708	249062556	4.0
249550887	249062556	4.0
249556327	249062556	4.0
249568416	249062556	4.0
249121887	249062556	4.0
249539446	249062556	4.0
249548518	249062556	4.0
249623483	249062556	5.0
249562148	249062556	4.0
249562155	249062556	4.0
249063757	249063757	0
249084902	249063757	2.0
249532851	249063757	2.0
265967011	249063757	1.0
432388887	249063757	3.0
249554184	249063757	3.0
249085691	249063757	3.0
249121682	249063757	4.0
249556684	249063757	4.0
249557311	249063757	4.0
249559653	249063757	4.0
249568415	249063757	4.0
249568733	249063757	4.0
249566924	249063757	4.0
249569325	249063757	4.0
249548741	249063757	4.0
249548917	249063757	5.0
351702568	249063757	5.0
545152200	249063757	2.0
545153326	249063757	2.0
545153355	249063757	2.0
545153554	249063757	2.0
545154179	249063757	2.0
581270648	249063757	2.0
577813846	249063757	3.0
573728025	249063757	4.0
47286781	249063757	4.0
315748982	249063757	5.0
249121683	249063757	4.0
249568722	249063757	4.0
249557310	249063757	4.0
249085635	249063757	3.0
249545921	249063757	4.0
249545922	249063757	4.0
249545923	249063757	4.0
249549278	249063757	4.0
249549279	249063757	4.0
249550708	249063757	4.0
249550887	249063757	4.0
249556327	249063757	4.0
249568416	249063757	4.0
249121887	249063757	4.0
249539446	249063757	4.0
249548518	249063757	4.0
249623483	249063757	5.0
249562148	249063757	4.0
249562155	249063757	4.0
249084902	249084902	0
249532851	249084902	0.0
265967011	249084902	1.0
432388887	249084902	3.0
249554184	249084902	3.0
249085691	249084902	3.0
249121682	249084902	4.0
249556684	249084902	4.0
249557311	249084902	4.0
249559653	249084902	4.0
249568415	249084902	4.0
249568733	249084902	4.0
249566924	249084902	4.0
249569325	249084902	4.0
249548741	249084902	4.0
249548917	249084902	4.0
351702568	249084902	4.0
545152200	249084902	2.0
545153326	249084902	2.0
545153355	249084902	2.0
545153554	249084902	2.0
545154179	249084902	2.0
581270648	249084902	1.0
577813846	249084902	3.0
573728025	249084902	4.0
47286781	249084902	4.0
315748982	249084902	5.0
249121683	249084902	3.0
249568722	249084902	4.0
249557310	249084902	4.0
249085635	249084902	2.0
249545921	249084902	4.0
249545922	249084902	4.0
249545923	249084902	4.0
249549278	249084902	4.0
249549279	249084902	4.0
249550708	249084902	4.0
249550887	249084902	4.0
249556327	249084902	4.0
249568416	249084902	4.0
249121887	249084902	4.0
249539446	249084902	4.0
249548518	249084902	4.0
249623483	249084902	5.0
249562148	249084902	4.0
249562155	249084902	4.0
249532851	249532851	0
265967011	249532851	1.0
432388887	249532851	3.0
249554184	249532851	3.0
249085691	249532851	3.0
249121682	249532851	4.0
249556684	249532851	4.0
249557311	249532851	4.0
249559653	249532851	4.0
249568415	249532851	4.0
249568733	249532851	4.0
249566924	249532851	4.0
249569325	249532851	4.0
249548741	249532851	4.0
249548917	249532851	4.0
351702568	249532851	4.0
545152200	249532851	2.0
545153326	249532851	2.0
545153355	249532851	2.0
545153554	249532851	2.0
545154179	249532851	2.0
581270648	249532851	1.0
577813846	249532851	3.0
573728025	249532851	4.0
47286781	249532851	4.0
315748982	249532851	4.0
249121683	249532851	3.0
249568722	249532851	4.0
249557310	249532851	4.0
249085635	249532851	2.0
249545921	249532851	4.0
249545922	249532851	4.0
249545923	249532851	4.0
249549278	249532851	4.0
249549279	249532851	4.0
249550708	249532851	4.0
249550887	249532851	4.0
249556327	249532851	4.0
249568416	249532851	4.0
249121887	249532851	4.0
249539446	249532851	4.0
249548518	249532851	4.0
249623483	249532851	4.0
249562148	249532851	4.0
249562155	249532851	4.0
265967011	265967011	0
432388887	265967011	3.0
249554184	265967011	3.0
249085691	265967011	3.0
249121682	265967011	4.0
249556684	265967011	4.0
249557311	265967011	4.0
249559653	265967011	4.0
249568415	265967011	4.0
249568733	265967011	4.0
249566924	265967011	4.0
249569325	265967011	4.0
249548741	265967011	4.0
249548917	265967011	4.0
351702568	265967011	4.0
545152200	265967011	3.0
545153326	265967011	3.0
545153355	265967011	3.0
545153554	265967011	3.0
545154179	265967011	3.0
581270648	265967011	2.0
577813846	265967011	3.0
573728025	265967011	4.0
47286781	265967011	4.0
315748982	265967011	5.0
249121683	265967011	4.0
249568722	265967011	4.0
249557310	265967011	4.0
249085635	265967011	3.0
249545921	265967011	4.0
249545922	265967011	4.0
249545923	265967011	4.0
249549278	265967011	4.0
249549279	265967011	4.0
249550708	265967011	4.0
249550887	265967011	4.0
249556327	265967011	4.0
249568416	265967011	4.0
249121887	265967011	4.0
249539446	265967011	4.0
249548518	265967011	4.0
249623483	265967011	5.0
249562148	265967011	4.0
249562155	265967011	4.0
432388887	432388887	0
249554184	432388887	2.0
249085691	432388887	4.0
249121682	432388887	4.0
249556684	432388887	4.0
249557311	432388887	3.0
249559653	432388887	3.0
249568415	432388887	4.0
249568733	432388887	3.0
249566924	432388887	4.0
249569325	432388887	4.0
249548741	432388887	4.0
249548917	432388887	4.0
351702568	432388887	4.0
545152200	432388887	2.0
545153326	432388887	2.0
545153355	432388887	2.0
545153554	432388887	2.0
545154179	432388887	2.0
581270648	432388887	3.0
577813846	432388887	1.0
573728025	432388887	3.0
47286781	432388887	4.0
315748982	432388887	4.0
249121683	432388887	4.0
249568722	432388887	4.0
249557310	432388887	4.0
249085635	432388887	3.0
249545921	432388887	4.0
249545922	432388887	4.0
249545923	432388887	4.0
249549278	432388887	4.0
249549279	432388887	4.0
249550708	432388887	4.0
249550887	432388887	4.0
249556327	432388887	4.0
249568416	432388887	4.0
249121887	432388887	4.0
249539446	432388887	4.0
249548518	432388887	4.0
249623483	432388887	4.0
249562148	432388887	3.0
249562155	432388887	3.0
249554184	249554184	0
249085691	249554184	4.0
249121682	249554184	4.0
249556684	249554184	4.0
249557311	249554184	3.0
249559653	249554184	3.0
249568415	249554184	4.0
249568733	249554184	3.0
249566924	249554184	4.0
249569325	249554184	4.0
249548741	249554184	4.0
249548917	249554184	4.0
351702568	249554184	4.0
545152200	249554184	3.0
545153326	249554184	3.0
545153355	249554184	3.0
545153554	249554184	3.0
545154179	249554184	2.0
581270648	249554184	3.0
577813846	249554184	0.0
573728025	249554184	3.0
47286781	249554184	3.0
315748982	249554184	4.0
249121683	249554184	3.0
249568722	249554184	4.0
249557310	249554184	3.0
249085635	249554184	3.0
249545921	249554184	4.0
249545922	249554184	4.0
249545923	249554184	4.0
249549278	249554184	4.0
249549279	249554184	4.0
249550708	249554184	4.0
249550887	249554184	4.0
249556327	249554184	4.0
249568416	249554184	3.0
249121887	249554184	4.0
249539446	249554184	4.0
249548518	249554184	4.0
249623483	249554184	4.0
249562148	249554184	2.0
249562155	249554184	2.0
249085691	249085691	0
249121682	249085691	3.0
249556684	249085691	4.0
249557311	249085691	4.0
249559653	249085691	5.0
249568415	249085691	4.0
249568733	249085691	4.0
249566924	249085691	5.0
249569325	249085691	5.0
249548741	249085691	4.0
249548917	249085691	4.0
351702568	249085691	4.0
545152200	249085691	3.0
545153326	249085691	3.0
545153355	249085691	3.0
545153554	249085691	3.0
545154179	249085691	3.0
581270648	249085691	3.0
577813846	249085691	4.0
573728025	249085691	4.0
47286781	249085691	5.0
315748982	249085691	5.0
249121683	249085691	2.0
249568722	249085691	4.0
249557310	249085691	5.0
249085635	249085691	2.0
249545921	249085691	4.0
249545922	249085691	4.0
249545923	249085691	4.0
249549278	249085691	4.0
249549279	249085691	4.0
249550708	249085691	4.0
249550887	249085691	4.0
249556327	249085691	4.0
249568416	249085691	4.0
249121887	249085691	4.0
249539446	249085691	4.0
249548518	249085691	4.0
249623483	249085691	5.0
249562148	249085691	4.0
249562155	249085691	4.0
249121682	249121682	0
249556684	249121682	4.0
249557311	249121682	3.0
249559653	249121682	4.0
249568415	249121682	4.0
249568733	249121682	4.0
249566924	249121682	4.0
249569325	249121682	4.0
249548741	249121682	3.0
249548917	249121682	3.0
351702568	249121682	3.0
545152200	249121682	4.0
545153326	249121682	4.0
545153355	249121682	4.0
545153554	249121682	4.0
545154179	249121682	4.0
581270648	249121682	4.0
577813846	249121682	4.0
573728025	249121682	3.0
47286781	249121682	4.0
315748982	249121682	4.0
249121683	249121682	1.0
249568722	249121682	4.0
249557310	249121682	4.0
249085635	249121682	3.0
249545921	249121682	3.0
249545922	249121682	2.0
249545923	249121682	3.0
249549278	249121682	3.0
249549279	249121682	3.0
249550708	249121682	3.0
249550887	249121682	3.0
249556327	249121682	4.0
249568416	249121682	4.0
249121887	249121682	2.0
249539446	249121682	3.0
249548518	249121682	3.0
249623483	249121682	4.0
249562148	249121682	4.0
249562155	249121682	4.0
249556684	249556684	0
249557311	249556684	3.0
249559653	249556684	2.0
249568415	249556684	2.0
249568733	249556684	1.0
249566924	249556684	2.0
249569325	249556684	2.0
249548741	249556684	2.0
249548917	249556684	3.0
351702568	249556684	3.0
545152200	249556684	4.0
545153326	249556684	4.0
545153355	249556684	4.0
545153554	249556684	4.0
545154179	249556684	4.0
581270648	249556684	4.0
577813846	249556684	3.0
573728025	249556684	2.0
47286781	249556684	2.0
315748982	249556684	3.0
249121683	249556684	4.0
249568722	249556684	0.0
249557310	249556684	3.0
249085635	249556684	4.0
249545921	249556684	2.0
249545922	249556684	3.0
249545923	249556684	3.0
249549278	249556684	3.0
249549279	249556684	3.0
249550708	249556684	2.0
249550887	249556684	2.0
249556327	249556684	0.0
249568416	249556684	1.0
249121887	249556684	3.0
249539446	249556684	3.0
249548518	249556684	2.0
249623483	249556684	3.0
249562148	249556684	3.0
249562155	249556684	4.0
249557311	249557311	0
249559653	249557311	2.0
249568415	249557311	3.0
249568733	249557311	2.0
249566924	249557311	3.0
249569325	249557311	3.0
249548741	249557311	3.0
249548917	249557311	4.0
351702568	249557311	4.0
545152200	249557311	3.0
545153326	249557311	3.0
545153355	249557311	3.0
545153554	249557311	3.0
545154179	249557311	3.0
581270648	249557311	4.0
577813846	249557311	2.0
573728025	249557311	2.0
47286781	249557311	3.0
315748982	249557311	3.0
249121683	249557311	4.0
249568722	249557311	3.0
249557310	249557311	2.0
249085635	249557311	4.0
249545921	249557311	3.0
249545922	249557311	3.0
249545923	249557311	3.0
249549278	249557311	3.0
249549279	249557311	3.0
249550708	249557311	3.0
249550887	249557311	3.0
249556327	249557311	3.0
249568416	249557311	3.0
249121887	249557311	3.0
249539446	249557311	3.0
249548518	249557311	3.0
249623483	249557311	3.0
249562148	249557311	1.0
249562155	249557311	1.0
249559653	249559653	0
249568415	249559653	2.0
249568733	249559653	1.0
249566924	249559653	1.0
249569325	249559653	2.0
249548741	249559653	3.0
249548917	249559653	4.0
351702568	249559653	4.0
545152200	249559653	4.0
545153326	249559653	4.0
545153355	249559653	4.0
545153554	249559653	4.0
545154179	249559653	4.0
581270648	249559653	4.0
577813846	249559653	3.0
573728025	249559653	1.0
47286781	249559653	1.0
315748982	249559653	3.0
249121683	249559653	4.0
249568722	249559653	2.0
249557310	249559653	1.0
249085635	249559653	4.0
249545921	249559653	3.0
249545922	249559653	3.0
249545923	249559653	3.0
249549278	249559653	3.0
249549279	249559653	3.0
249550708	249559653	3.0
249550887	249559653	2.0
249556327	249559653	2.0
249568416	249559653	2.0
249121887	249559653	3.0
249539446	249559653	3.0
249548518	249559653	3.0
249623483	249559653	3.0
249562148	249559653	2.0
249562155	249559653	3.0
249568415	249568415	0
249568733	249568415	1.0
249566924	249568415	2.0
249569325	249568415	2.0
249548741	249568415	3.0
249548917	249568415	3.0
351702568	249568415	3.0
545152200	249568415	4.0
545153326	249568415	4.0
545153355	249568415	4.0
545153554	249568415	4.0
545154179	249568415	4.0
581270648	249568415	4.0
577813846	249568415	3.0
573728025	249568415	2.0
47286781	249568415	2.0
315748982	249568415	3.0
249121683	249568415	4.0
249568722	249568415	0.0
249557310	249568415	3.0
249085635	249568415	4.0
249545921	249568415	3.0
249545922	249568415	3.0
249545923	249568415	3.0
249549278	249568415	3.0
249549279	249568415	3.0
249550708	249568415	2.0
249550887	249568415	3.0
249556327	249568415	1.0
249568416	249568415	1.0
249121887	249568415	3.0
249539446	249568415	3.0
249548518	249568415	3.0
249623483	249568415	3.0
249562148	249568415	3.0
249562155	249568415	3.0
249568733	249568733	0
249566924	249568733	1.0
249569325	249568733	2.0
249548741	249568733	3.0
249548917	249568733	3.0
351702568	249568733	3.0
545152200	249568733	4.0
545153326	249568733	4.0
545153355	249568733	4.0
545153554	249568733	4.0
545154179	249568733	4.0
581270648	249568733	4.0
577813846	249568733	3.0
573728025	249568733	1.0
47286781	249568733	1.0
315748982	249568733	3.0
249121683	249568733	4.0
249568722	249568733	1.0
249557310	249568733	2.0
249085635	249568733	4.0
249545921	249568733	3.0
249545922	249568733	3.0
249545923	249568733	3.0
249549278	249568733	3.0
249549279	249568733	3.0
249550708	249568733	3.0
249550887	249568733	2.0
249556327	249568733	2.0
249568416	249568733	2.0
249121887	249568733	3.0
249539446	249568733	3.0
249548518	249568733	3.0
249623483	249568733	3.0
249562148	249568733	3.0
249562155	249568733	3.0
249566924	249566924	0
249569325	249566924	2.0
249548741	249566924	3.0
249548917	249566924	4.0
351702568	249566924	4.0
545152200	249566924	4.0
545153326	249566924	4.0
545153355	249566924	4.0
545153554	249566924	4.0
545154179	249566924	4.0
581270648	249566924	4.0
577813846	249566924	3.0
573728025	249566924	1.0
47286781	249566924	0.0
315748982	249566924	2.0
249121683	249566924	4.0
249568722	249566924	2.0
249557310	249566924	2.0
249085635	249566924	4.0
249545921	249566924	3.0
249545922	249566924	3.0
249545923	249566924	4.0
249549278	249566924	3.0
249549279	249566924	3.0
249550708	249566924	3.0
249550887	249566924	3.0
249556327	249566924	3.0
249568416	249566924	2.0
249121887	249566924	4.0
249539446	249566924	3.0
249548518	249566924	3.0
249623483	249566924	2.0
249562148	249566924	3.0
249562155	249566924	3.0
249569325	249569325	0
249548741	249569325	3.0
249548917	249569325	4.0
351702568	249569325	4.0
545152200	249569325	4.0
545153326	249569325	4.0
545153355	249569325	4.0
545153554	249569325	4.0
545154179	249569325	4.0
581270648	249569325	4.0
577813846	249569325	3.0
573728025	249569325	2.0
47286781	249569325	1.0
315748982	249569325	2.0
249121683	249569325	4.0
249568722	249569325	2.0
249557310	249569325	3.0
249085635	249569325	4.0
249545921	249569325	3.0
249545922	249569325	4.0
249545923	249569325	4.0
249549278	249569325	3.0
249549279	249569325	3.0
249550708	249569325	3.0
249550887	249569325	3.0
249556327	249569325	2.0
249568416	249569325	2.0
249121887	249569325	4.0
249539446	249569325	4.0
249548518	249569325	3.0
249623483	249569325	2.0
249562148	249569325	3.0
249562155	249569325	3.0
249548741	249548741	0
249548917	249548741	2.0
351702568	249548741	2.0
545152200	249548741	4.0
545153326	249548741	4.0
545153355	249548741	4.0
545153554	249548741	4.0
545154179	249548741	4.0
581270648	249548741	4.0
577813846	249548741	4.0
573728025	249548741	3.0
47286781	249548741	3.0
315748982	249548741	3.0
249121683	249548741	4.0
249568722	249548741	2.0
249557310	249548741	3.0
249085635	249548741	4.0
249545921	249548741	3.0
249545922	249548741	2.0
249545923	249548741	2.0
249549278	249548741	2.0
249549279	249548741	3.0
249550708	249548741	2.0
249550887	249548741	1.0
249556327	249548741	2.0
249568416	249548741	3.0
249121887	249548741	3.0
249539446	249548741	2.0
249548518	249548741	2.0
249623483	249548741	3.0
249562148	249548741	4.0
249562155	249548741	4.0
249548917	249548917	0
351702568	249548917	0.0
545152200	249548917	4.0
545153326	249548917	5.0
545153355	249548917	5.0
545153554	249548917	5.0
545154179	249548917	4.0
581270648	249548917	4.0
577813846	249548917	4.0
573728025	249548917	3.0
47286781	249548917	4.0
315748982	249548917	4.0
249121683	249548917	3.0
249568722	249548917	3.0
249557310	249548917	4.0
249085635	249548917	4.0
249545921	249548917	3.0
249545922	249548917	2.0
249545923	249548917	3.0
249549278	249548917	3.0
249549279	249548917	3.0
249550708	249548917	2.0
249550887	249548917	3.0
249556327	249548917	3.0
249568416	249548917	3.0
249121887	249548917	2.0
249539446	249548917	2.0
249548518	249548917	2.0
249623483	249548917	4.0
249562148	249548917	4.0
249562155	249548917	4.0
351702568	351702568	0
545152200	351702568	4.0
545153326	351702568	4.0
545153355	351702568	4.0
545153554	351702568	4.0
545154179	351702568	4.0
581270648	351702568	4.0
577813846	351702568	4.0
573728025	351702568	3.0
47286781	351702568	4.0
315748982	351702568	4.0
249121683	351702568	3.0
249568722	351702568	3.0
249557310	351702568	4.0
249085635	351702568	4.0
249545921	351702568	3.0
249545922	351702568	2.0
249545923	351702568	3.0
249549278	351702568	3.0
249549279	351702568	3.0
249550708	351702568	3.0
249550887	351702568	3.0
249556327	351702568	3.0
249568416	351702568	3.0
249121887	351702568	2.0
249539446	351702568	2.0
249548518	351702568	2.0
249623483	351702568	4.0
249562148	351702568	4.0
249562155	351702568	4.0
545152200	545152200	0
545153326	545152200	0.0
545153355	545152200	0.0
545153554	545152200	0.0
545154179	545152200	0.0
581270648	545152200	3.0
577813846	545152200	2.0
573728025	545152200	4.0
47286781	545152200	4.0
315748982	545152200	4.0
249121683	545152200	4.0
249568722	545152200	4.0
249557310	545152200	4.0
249085635	545152200	3.0
249545921	545152200	4.0
249545922	545152200	4.0
249545923	545152200	4.0
249549278	545152200	4.0
249549279	545152200	4.0
249550708	545152200	4.0
249550887	545152200	4.0
249556327	545152200	4.0
249568416	545152200	4.0
249121887	545152200	4.0
249539446	545152200	4.0
249548518	545152200	4.0
249623483	545152200	4.0
249562148	545152200	3.0
249562155	545152200	3.0
545153326	545153326	0
545153355	545153326	0.0
545153554	545153326	0.0
545154179	545153326	0.0
581270648	545153326	3.0
577813846	545153326	2.0
573728025	545153326	4.0
47286781	545153326	4.0
315748982	545153326	4.0
249121683	545153326	4.0
249568722	545153326	4.0
249557310	545153326	4.0
249085635	545153326	3.0
249545921	545153326	4.0
249545922	545153326	4.0
249545923	545153326	4.0
249549278	545153326	4.0
249549279	545153326	4.0
249550708	545153326	4.0
249550887	545153326	4.0
249556327	545153326	4.0
249568416	545153326	4.0
249121887	545153326	4.0
249539446	545153326	4.0
249548518	545153326	4.0
249623483	545153326	4.0
249562148	545153326	3.0
249562155	545153326	3.0
545153355	545153355	0
545153554	545153355	0.0
545154179	545153355	0.0
581270648	545153355	3.0
577813846	545153355	2.0
573728025	545153355	4.0
47286781	545153355	4.0
315748982	545153355	4.0
249121683	545153355	4.0
249568722	545153355	4.0
249557310	545153355	4.0
249085635	545153355	3.0
249545921	545153355	4.0
249545922	545153355	4.0
249545923	545153355	4.0
249549278	545153355	4.0
249549279	545153355	4.0
249550708	545153355	4.0
249550887	545153355	4.0
249556327	545153355	4.0
249568416	545153355	4.0
249121887	545153355	4.0
249539446	545153355	4.0
249548518	545153355	4.0
249623483	545153355	4.0
249562148	545153355	3.0
249562155	545153355	3.0
545153554	545153554	0
545154179	545153554	0.0
581270648	545153554	3.0
577813846	545153554	2.0
573728025	545153554	4.0
47286781	545153554	4.0
315748982	545153554	4.0
249121683	545153554	4.0
249568722	545153554	4.0
249557310	545153554	4.0
249085635	545153554	3.0
249545921	545153554	4.0
249545922	545153554	4.0
249545923	545153554	4.0
249549278	545153554	4.0
249549279	545153554	4.0
249550708	545153554	4.0
249550887	545153554	4.0
249556327	545153554	4.0
249568416	545153554	4.0
249121887	545153554	4.0
249539446	545153554	4.0
249548518	545153554	4.0
249623483	545153554	4.0
249562148	545153554	3.0
249562155	545153554	3.0
545154179	545154179	0
581270648	545154179	3.0
577813846	545154179	2.0
573728025	545154179	4.0
47286781	545154179	4.0
315748982	545154179	4.0
249121683	545154179	4.0
249568722	545154179	4.0
249557310	545154179	4.0
249085635	545154179	3.0
249545921	545154179	4.0
249545922	545154179	4.0
249545923	545154179	4.0
249549278	545154179	4.0
249549279	545154179	4.0
249550708	545154179	4.0
249550887	545154179	4.0
249556327	545154179	4.0
249568416	545154179	4.0
249121887	545154179	4.0
249539446	545154179	4.0
249548518	545154179	4.0
249623483	545154179	4.0
249562148	545154179	3.0
249562155	545154179	3.0
581270648	581270648	0
577813846	581270648	3.0
573728025	581270648	4.0
47286781	581270648	4.0
315748982	581270648	5.0
249121683	581270648	3.0
249568722	581270648	4.0
249557310	581270648	4.0
249085635	581270648	2.0
249545921	581270648	4.0
249545922	581270648	4.0
249545923	581270648	4.0
249549278	581270648	4.0
249549279	581270648	3.0
249550708	581270648	4.0
249550887	581270648	4.0
249556327	581270648	4.0
249568416	581270648	4.0
249121887	581270648	4.0
249539446	581270648	4.0
249548518	581270648	4.0
249623483	581270648	5.0
249562148	581270648	4.0
249562155	581270648	4.0
577813846	577813846	0
573728025	577813846	3.0
47286781	577813846	3.0
315748982	577813846	4.0
249121683	577813846	3.0
249568722	577813846	3.0
249557310	577813846	3.0
249085635	577813846	4.0
249545921	577813846	4.0
249545922	577813846	4.0
249545923	577813846	4.0
249549278	577813846	3.0
249549279	577813846	4.0
249550708	577813846	4.0
249550887	577813846	4.0
249556327	577813846	3.0
249568416	577813846	3.0
249121887	577813846	4.0
249539446	577813846	4.0
249548518	577813846	4.0
249623483	577813846	4.0
249562148	577813846	2.0
249562155	577813846	2.0
573728025	573728025	0
47286781	573728025	2.0
315748982	573728025	3.0
249121683	573728025	4.0
249568722	573728025	2.0
249557310	573728025	2.0
249085635	573728025	4.0
249545921	573728025	3.0
249545922	573728025	3.0
249545923	573728025	3.0
249549278	573728025	3.0
249549279	573728025	3.0
249550708	573728025	2.0
249550887	573728025	2.0
249556327	573728025	1.0
249568416	573728025	2.0
249121887	573728025	3.0
249539446	573728025	3.0
249548518	573728025	3.0
249623483	573728025	3.0
249562148	573728025	3.0
249562155	573728025	3.0
47286781	47286781	0
315748982	47286781	1.0
249121683	47286781	4.0
249568722	47286781	2.0
249557310	47286781	2.0
249085635	47286781	4.0
249545921	47286781	3.0
249545922	47286781	3.0
249545923	47286781	4.0
249549278	47286781	3.0
249549279	47286781	3.0
249550708	47286781	3.0
249550887	47286781	3.0
249556327	47286781	2.0
249568416	47286781	1.0
249121887	47286781	4.0
249539446	47286781	3.0
249548518	47286781	3.0
249623483	47286781	2.0
249562148	47286781	3.0
249562155	47286781	3.0
315748982	315748982	0
249121683	315748982	5.0
249568722	315748982	3.0
249557310	315748982	3.0
249085635	315748982	4.0
249545921	315748982	4.0
249545922	315748982	4.0
249545923	315748982	4.0
249549278	315748982	4.0
249549279	315748982	4.0
249550708	315748982	4.0
249550887	315748982	4.0
249556327	315748982	3.0
249568416	315748982	3.0
249121887	315748982	4.0
249539446	315748982	4.0
249548518	315748982	4.0
249623483	315748982	0.0
249562148	315748982	4.0
249562155	315748982	4.0
249121683	249121683	0
249568722	249121683	4.0
249557310	249121683	4.0
249085635	249121683	3.0
249545921	249121683	3.0
249545922	249121683	3.0
249545923	249121683	3.0
249549278	249121683	3.0
249549279	249121683	3.0
249550708	249121683	4.0
249550887	249121683	3.0
249556327	249121683	4.0
249568416	249121683	4.0
249121887	249121683	2.0
249539446	249121683	3.0
249548518	249121683	3.0
249623483	249121683	5.0
249562148	249121683	4.0
249562155	249121683	4.0
249568722	249568722	0
249557310	249568722	3.0
249085635	249568722	4.0
249545921	249568722	3.0
249545922	249568722	3.0
249545923	249568722	3.0
249549278	249568722	3.0
249549279	249568722	3.0
249550708	249568722	2.0
249550887	249568722	2.0
249556327	249568722	1.0
249568416	249568722	1.0
249121887	249568722	3.0
249539446	249568722	3.0
249548518	249568722	3.0
249623483	249568722	3.0
249562148	249568722	3.0
249562155	249568722	3.0
249557310	249557310	0
249085635	249557310	4.0
249545921	249557310	3.0
249545922	249557310	3.0
249545923	249557310	3.0
249549278	249557310	3.0
249549279	249557310	3.0
249550708	249557310	3.0
249550887	249557310	3.0
249556327	249557310	3.0
249568416	249557310	2.0
249121887	249557310	3.0
249539446	249557310	3.0
249548518	249557310	3.0
249623483	249557310	3.0
249562148	249557310	2.0
249562155	249557310	2.0
249085635	249085635	0
249545921	249085635	3.0
249545922	249085635	3.0
249545923	249085635	3.0
249549278	249085635	4.0
249549279	249085635	3.0
249550708	249085635	3.0
249550887	249085635	4.0
249556327	249085635	4.0
249568416	249085635	4.0
249121887	249085635	4.0
249539446	249085635	4.0
249548518	249085635	3.0
249623483	249085635	4.0
249562148	249085635	4.0
249562155	249085635	4.0
249545921	249545921	0
249545922	249545921	0.0
249545923	249545921	0.0
249549278	249545921	1.0
249549279	249545921	2.0
249550708	249545921	2.0
249550887	249545921	3.0
249556327	249545921	2.0
249568416	249545921	3.0
249121887	249545921	2.0
249539446	249545921	2.0
249548518	249545921	2.0
249623483	249545921	4.0
249562148	249545921	4.0
249562155	249545921	4.0
249545922	249545922	0
249545923	249545922	1.0
249549278	249545922	1.0
249549279	249545922	1.0
249550708	249545922	2.0
249550887	249545922	3.0
249556327	249545922	3.0
249568416	249545922	3.0
249121887	249545922	1.0
249539446	249545922	1.0
249548518	249545922	2.0
249623483	249545922	4.0
249562148	249545922	4.0
249562155	249545922	4.0
249545923	249545923	0
249549278	249545923	2.0
249549279	249545923	0.0
249550708	249545923	1.0
249550887	249545923	2.0
249556327	249545923	2.0
249568416	249545923	4.0
249121887	249545923	2.0
249539446	249545923	2.0
249548518	249545923	1.0
249623483	249545923	4.0
249562148	249545923	3.0
249562155	249545923	3.0
249549278	249549278	0
249549279	249549278	0.0
249550708	249549278	2.0
249550887	249549278	3.0
249556327	249549278	3.0
249568416	249549278	3.0
249121887	249549278	2.0
249539446	249549278	2.0
249548518	249549278	2.0
249623483	249549278	4.0
249562148	249549278	3.0
249562155	249549278	3.0
249549279	249549279	0
249550708	249549279	3.0
249550887	249549279	3.0
249556327	249549279	3.0
249568416	249549279	3.0
249121887	249549279	2.0
249539446	249549279	3.0
249548518	249549279	2.0
249623483	249549279	4.0
249562148	249549279	3.0
249562155	249549279	3.0
249550708	249550708	0
249550887	249550708	1.0
249556327	249550708	2.0
249568416	249550708	3.0
249121887	249550708	3.0
249539446	249550708	2.0
249548518	249550708	2.0
249623483	249550708	4.0
249562148	249550708	3.0
249562155	249550708	3.0
249550887	249550887	0
249556327	249550887	2.0
249568416	249550887	3.0
249121887	249550887	3.0
249539446	249550887	2.0
249548518	249550887	1.0
249623483	249550887	4.0
249562148	249550887	4.0
249562155	249550887	4.0
249556327	249556327	0
249568416	249556327	2.0
249121887	249556327	3.0
249539446	249556327	3.0
249548518	249556327	2.0
249623483	249556327	3.0
249562148	249556327	3.0
249562155	249556327	3.0
249568416	249568416	0
249121887	249568416	4.0
249539446	249568416	3.0
249548518	249568416	3.0
249623483	249568416	3.0
249562148	249568416	3.0
249562155	249568416	3.0
249121887	249121887	0
249539446	249121887	2.0
249548518	249121887	2.0
249623483	249121887	4.0
249562148	249121887	4.0
249562155	249121887	4.0
249539446	249539446	0
249548518	249539446	0.0
249623483	249539446	4.0
249562148	249539446	4.0
249562155	249539446	4.0
249548518	249548518	0
249623483	249548518	4.0
249562148	249548518	4.0
249562155	249548518	4.0
249623483	249623483	0
249562148	249623483	3.0
249562155	249623483	3.0
249562148	249562148	0
249562155	249562148	0.0
249562155	249562155	0
