280352557	[-3,18.0,-15.0]	40.74355585555555	-73.92556199999999	0.025495350033744413	0.4016535487750412	0.1721186568019401	0.01656086282710969	0.7655913978494624	0.3361045446094186
280354482	[10,-13.0,3.0]	40.742884999999994	-73.92004363846155	0.025495350033744413	0.4016535487750412	0.1721186568019401	0.01656086282710969	0.7655913978494624	0.3361045446094186
553154554	[-20,16.0,4.0]	40.73978566	-73.92532624	0.025495350033744413	0.4016535487750412	0.1721186568019401	0.01656086282710969	0.7655913978494624	0.3361045446094186
553154556	[-22,18.0,4.0]	40.7395494	-73.9254975	0.025495350033744413	0.4016535487750412	0.1721186568019401	0.01656086282710969	0.7655913978494624	0.3361045446094186
553154557	[-22,17.0,5.0]	40.73958004	-73.9254292	0.025495350033744413	0.4016535487750412	0.1721186568019401	0.01656086282710969	0.7655913978494624	0.3361045446094186
553154559	[-22,19.0,3.0]	40.73979006	-73.92576134000001	0.025495350033744413	0.4016535487750412	0.1721186568019401	0.01656086282710969	0.7655913978494624	0.3361045446094186
553154560	[-24,20.0,4.0]	40.73942056	-73.92591338000001	0.025495350033744413	0.4016535487750412	0.1721186568019401	0.01656086282710969	0.7655913978494624	0.3361045446094186
376372243	[-5,1.0,4.0]	40.74135324	-73.92247775999999	0.025495350033744413	0.4016535487750412	0.1721186568019401	0.01656086282710969	0.7655913978494624	0.3361045446094186
376372249	[-7,2.0,5.0]	40.741110039999995	-73.92269444	0.025495350033744413	0.4016535487750412	0.1721186568019401	0.01656086282710969	0.7655913978494624	0.3361045446094186
376372251	[-7,1.0,6.0]	40.74094026	-73.92244952	0.025495350033744413	0.4016535487750412	0.1721186568019401	0.01656086282710969	0.7655913978494624	0.3361045446094186
376372252	[-4,-1.0,5.0]	40.74126973999999	-73.92219358	0.025495350033744413	0.4016535487750412	0.1721186568019401	0.01656086282710969	0.7655913978494624	0.3361045446094186
376372254	[-6,2.0,4.0]	40.741257159999996	-73.92261196000001	0.025495350033744413	0.4016535487750412	0.1721186568019401	0.01656086282710969	0.7655913978494624	0.3361045446094186
376372257	[-5,1.0,4.0]	40.74136522	-73.92258681999999	0.025495350033744413	0.4016535487750412	0.1721186568019401	0.01656086282710969	0.7655913978494624	0.3361045446094186
376372259	[-7,2.0,5.0]	40.741014740000004	-73.92271855999999	0.025495350033744413	0.4016535487750412	0.1721186568019401	0.01656086282710969	0.7655913978494624	0.3361045446094186
495486340	[28,-7.0,-21.0]	40.74724481999999	-73.9211471	0.025495350033744413	0.4016535487750412	0.1721186568019401	0.01656086282710969	0.7655913978494624	0.3361045446094186
495486494	[28,-5.0,-23.0]	40.74753124	-73.92140564	0.025495350033744413	0.4016535487750412	0.1721186568019401	0.01656086282710969	0.7655913978494624	0.3361045446094186
495486817	[31,-8.0,-23.0]	40.7477715	-73.92099178000001	0.025495350033744413	0.4016535487750412	0.1721186568019401	0.01656086282710969	0.7655913978494624	0.3361045446094186
495487050	[24,1.0,-25.0]	40.747352719999995	-73.92248268	0.025495350033744413	0.4016535487750412	0.1721186568019401	0.01656086282710969	0.7655913978494624	0.3361045446094186
495487183	[29,-7.0,-22.0]	40.74756201666666	-73.92111441666667	0.025495350033744413	0.4016535487750412	0.1721186568019401	0.01656086282710969	0.7655913978494624	0.3361045446094186
495487556	[30,-8.0,-22.0]	40.747567960000005	-73.92096792000001	0.025495350033744413	0.4016535487750412	0.1721186568019401	0.01656086282710969	0.7655913978494624	0.3361045446094186
280369233	[15,6.0,-21.0]	40.74586015	-73.92339702	0.025495350033744413	0.4016535487750412	0.1721186568019401	0.01656086282710969	0.7655913978494624	0.3361045446094186
373468766	[-45,37.0,8.0]	40.73690021666667	-73.92893366666668	0.025495350033744413	0.4016535487750412	0.1721186568019401	0.01656086282710969	0.7655913978494624	0.3361045446094186
367860399	[38,-18.0,-20.0]	40.74824334	-73.91914535999999	0.025495350033744413	0.4016535487750412	0.1721186568019401	0.01656086282710969	0.7655913978494624	0.3361045446094186
367860402	[42,-19.0,-23.0]	40.74898132	-73.91899513999999	0.025495350033744413	0.4016535487750412	0.1721186568019401	0.01656086282710969	0.7655913978494624	0.3361045446094186
367860404	[33,-17.0,-16.0]	40.747350700000005	-73.91931538	0.025495350033744413	0.4016535487750412	0.1721186568019401	0.01656086282710969	0.7655913978494624	0.3361045446094186
376403747	[12,-13.0,1.0]	40.743342999999996	-73.92002394000001	0.025495350033744413	0.4016535487750412	0.1721186568019401	0.01656086282710969	0.7655913978494624	0.3361045446094186
376403752	[4,7.0,-11.0]	40.74377309999999	-73.92371576000001	0.025495350033744413	0.4016535487750412	0.1721186568019401	0.01656086282710969	0.7655913978494624	0.3361045446094186
376403760	[8,-3.0,-5.0]	40.74355976	-73.92187507999999	0.025495350033744413	0.4016535487750412	0.1721186568019401	0.01656086282710969	0.7655913978494624	0.3361045446094186
376403763	[14,-18.0,4.0]	40.743258960000006	-73.91927446	0.025495350033744413	0.4016535487750412	0.1721186568019401	0.01656086282710969	0.7655913978494624	0.3361045446094186
376403764	[5,3.0,-8.0]	40.74368498	-73.92293752	0.025495350033744413	0.4016535487750412	0.1721186568019401	0.01656086282710969	0.7655913978494624	0.3361045446094186
376403768	[1,14.0,-15.0]	40.74389805999999	-73.92482752	0.025495350033744413	0.4016535487750412	0.1721186568019401	0.01656086282710969	0.7655913978494624	0.3361045446094186
376403773	[10,-8.0,-2.0]	40.74345006	-73.92094718	0.025495350033744413	0.4016535487750412	0.1721186568019401	0.01656086282710969	0.7655913978494624	0.3361045446094186
376406583	[-1,19.0,-18.0]	40.74402034	-73.92586966	0.025495350033744413	0.4016535487750412	0.1721186568019401	0.01656086282710969	0.7655913978494624	0.3361045446094186
495484489	[18,5.0,-23.0]	40.74642318	-73.92335638	0.025495350033744413	0.4016535487750412	0.1721186568019401	0.01656086282710969	0.7655913978494624	0.3361045446094186
495486272	[27,-4.0,-23.0]	40.747357980000004	-73.92167676	0.025495350033744413	0.4016535487750412	0.1721186568019401	0.01656086282710969	0.7655913978494624	0.3361045446094186
367860394	[46,-34.0,-12.0]	40.74824357	-73.91628213999999	0.025495350033744413	0.4016535487750412	0.1721186568019401	0.01656086282710969	0.7655913978494624	0.3361045446094186
367860395	[36,-23.0,-13.0]	40.747277	-73.91838408	0.025495350033744413	0.4016535487750412	0.1721186568019401	0.01656086282710969	0.7655913978494624	0.3361045446094186
367860396	[39,-28.0,-11.0]	40.74743756	-73.9174054	0.025495350033744413	0.4016535487750412	0.1721186568019401	0.01656086282710969	0.7655913978494624	0.3361045446094186
367860397	[48,-30.0,-18.0]	40.74898811111112	-73.91709211111112	0.025495350033744413	0.4016535487750412	0.1721186568019401	0.01656086282710969	0.7655913978494624	0.3361045446094186
367860398	[40,-24.0,-16.0]	40.748054180000004	-73.91816136	0.025495350033744413	0.4016535487750412	0.1721186568019401	0.01656086282710969	0.7655913978494624	0.3361045446094186
367860400	[42,-33.0,-9.0]	40.747538000000006	-73.91644032	0.025495350033744413	0.4016535487750412	0.1721186568019401	0.01656086282710969	0.7655913978494624	0.3361045446094186
367860401	[43,-29.0,-14.0]	40.748137266666674	-73.91726224444443	0.025495350033744413	0.4016535487750412	0.1721186568019401	0.01656086282710969	0.7655913978494624	0.3361045446094186
367860403	[44,-24.0,-20.0]	40.74891398	-73.91806894	0.025495350033744413	0.4016535487750412	0.1721186568019401	0.01656086282710969	0.7655913978494624	0.3361045446094186
367860405	[49,-35.0,-14.0]	40.748799536363634	-73.91618033636364	0.025495350033744413	0.4016535487750412	0.1721186568019401	0.01656086282710969	0.7655913978494624	0.3361045446094186
376403749	[18,-28.0,10.0]	40.74303948	-73.9173973	0.025495350033744413	0.4016535487750412	0.1721186568019401	0.01656086282710969	0.7655913978494624	0.3361045446094186
376403756	[19,-30.0,11.0]	40.74300186000001	-73.91702386	0.025495350033744413	0.4016535487750412	0.1721186568019401	0.01656086282710969	0.7655913978494624	0.3361045446094186
376403758	[16,-24.0,8.0]	40.74311738	-73.91811878000001	0.025495350033744413	0.4016535487750412	0.1721186568019401	0.01656086282710969	0.7655913978494624	0.3361045446094186
462694128	[30,-27.0,-3.0]	40.745707622727274	-73.91757447272727	0.025495350033744413	0.4016535487750412	0.1721186568019401	0.01656086282710969	0.7655913978494624	0.3361045446094186
462694299	[33,-32.0,-1.0]	40.74574612413795	-73.91677430344829	0.025495350033744413	0.4016535487750412	0.1721186568019401	0.01656086282710969	0.7655913978494624	0.3361045446094186
462694723	[34,-37.0,3.0]	40.74536653076923	-73.91582285384615	0.025495350033744413	0.4016535487750412	0.1721186568019401	0.01656086282710969	0.7655913978494624	0.3361045446094186
462695341	[21,-25.0,4.0]	40.74400760869565	-73.91795871739131	0.025495350033744413	0.4016535487750412	0.1721186568019401	0.01656086282710969	0.7655913978494624	0.3361045446094186
462695394	[23,-29.0,6.0]	40.74406168	-73.91720649333334	0.025495350033744413	0.4016535487750412	0.1721186568019401	0.01656086282710969	0.7655913978494624	0.3361045446094186
367807621	[58,-44.0,-14.0]	40.749602115	-73.91459516500001	0.025495350033744413	0.4016535487750412	0.1721186568019401	0.01656086282710969	0.7655913978494624	0.3361045446094186
265159144	[-45,40.0,5.0]	40.73717078333333	-73.92957575	0.025495350033744413	0.4016535487750412	0.1721186568019401	0.01656086282710969	0.7655913978494624	0.3361045446094186
280354485	[5,-12.0,7.0]	40.74206186666666	-73.92016137333334	0.025495350033744413	0.4016535487750412	0.1721186568019401	0.01656086282710969	0.7655913978494624	0.3361045446094186
280359384	[-8,9.0,-1.0]	40.74151722222222	-73.92391186666669	0.025495350033744413	0.4016535487750412	0.1721186568019401	0.01656086282710969	0.7655913978494624	0.3361045446094186
240140503	[39,-37.0,-2.0]	40.74650556	-73.91586608	0.025495350033744413	0.4016535487750412	0.1721186568019401	0.01656086282710969	0.7655913978494624	0.3361045446094186
280352557	280352557	0
280354482	280352557	2.0
553154554	280352557	2.0
553154556	280352557	2.0
553154557	280352557	2.0
553154559	280352557	3.0
553154560	280352557	3.0
376372243	280352557	2.0
376372249	280352557	2.0
376372251	280352557	2.0
376372252	280352557	2.0
376372254	280352557	2.0
376372257	280352557	2.0
376372259	280352557	2.0
495486340	280352557	3.0
495486494	280352557	3.0
495486817	280352557	3.0
495487050	280352557	2.0
495487183	280352557	3.0
495487556	280352557	3.0
280369233	280352557	2.0
373468766	280352557	3.0
367860399	280352557	3.0
367860402	280352557	3.0
367860404	280352557	3.0
376403747	280352557	2.0
376403752	280352557	1.0
376403760	280352557	1.0
376403763	280352557	2.0
376403764	280352557	1.0
376403768	280352557	0.0
376403773	280352557	2.0
376406583	280352557	0.0
495484489	280352557	2.0
495486272	280352557	3.0
367860394	280352557	3.0
367860395	280352557	3.0
367860396	280352557	3.0
367860397	280352557	3.0
367860398	280352557	3.0
367860400	280352557	3.0
367860401	280352557	3.0
367860403	280352557	3.0
367860405	280352557	3.0
376403749	280352557	2.0
376403756	280352557	3.0
376403758	280352557	2.0
462694128	280352557	3.0
462694299	280352557	3.0
462694723	280352557	3.0
462695341	280352557	3.0
462695394	280352557	3.0
367807621	280352557	3.0
265159144	280352557	3.0
280354485	280352557	3.0
280359384	280352557	2.0
240140503	280352557	3.0
280354482	280354482	0
553154554	280354482	2.0
553154556	280354482	2.0
553154557	280354482	2.0
553154559	280354482	3.0
553154560	280354482	3.0
376372243	280354482	2.0
376372249	280354482	2.0
376372251	280354482	2.0
376372252	280354482	1.0
376372254	280354482	2.0
376372257	280354482	2.0
376372259	280354482	2.0
495486340	280354482	2.0
495486494	280354482	3.0
495486817	280354482	2.0
495487050	280354482	3.0
495487183	280354482	2.0
495487556	280354482	2.0
280369233	280354482	2.0
373468766	280354482	3.0
367860399	280354482	2.0
367860402	280354482	2.0
367860404	280354482	2.0
376403747	280354482	0.0
376403752	280354482	1.0
376403760	280354482	1.0
376403763	280354482	0.0
376403764	280354482	1.0
376403768	280354482	2.0
376403773	280354482	0.0
376406583	280354482	2.0
495484489	280354482	2.0
495486272	280354482	2.0
367860394	280354482	3.0
367860395	280354482	2.0
367860396	280354482	2.0
367860397	280354482	3.0
367860398	280354482	3.0
367860400	280354482	3.0
367860401	280354482	3.0
367860403	280354482	2.0
367860405	280354482	3.0
376403749	280354482	1.0
376403756	280354482	2.0
376403758	280354482	1.0
462694128	280354482	2.0
462694299	280354482	2.0
462694723	280354482	2.0
462695341	280354482	2.0
462695394	280354482	2.0
367807621	280354482	3.0
265159144	280354482	3.0
280354485	280354482	1.0
280359384	280354482	2.0
240140503	280354482	3.0
553154554	553154554	0
553154556	553154554	0.0
553154557	553154554	0.0
553154559	553154554	0.0
553154560	553154554	0.0
376372243	553154554	2.0
376372249	553154554	1.0
376372251	553154554	1.0
376372252	553154554	1.0
376372254	553154554	1.0
376372257	553154554	1.0
376372259	553154554	1.0
495486340	553154554	3.0
495486494	553154554	3.0
495486817	553154554	3.0
495487050	553154554	3.0
495487183	553154554	3.0
495487556	553154554	3.0
280369233	553154554	3.0
373468766	553154554	2.0
367860399	553154554	3.0
367860402	553154554	3.0
367860404	553154554	3.0
376403747	553154554	2.0
376403752	553154554	2.0
376403760	553154554	2.0
376403763	553154554	2.0
376403764	553154554	2.0
376403768	553154554	2.0
376403773	553154554	2.0
376406583	553154554	2.0
495484489	553154554	3.0
495486272	553154554	3.0
367860394	553154554	3.0
367860395	553154554	3.0
367860396	553154554	3.0
367860397	553154554	3.0
367860398	553154554	3.0
367860400	553154554	3.0
367860401	553154554	3.0
367860403	553154554	3.0
367860405	553154554	3.0
376403749	553154554	2.0
376403756	553154554	3.0
376403758	553154554	2.0
462694128	553154554	3.0
462694299	553154554	3.0
462694723	553154554	3.0
462695341	553154554	3.0
462695394	553154554	3.0
367807621	553154554	3.0
265159144	553154554	2.0
280354485	553154554	2.0
280359384	553154554	1.0
240140503	553154554	3.0
553154556	553154556	0
553154557	553154556	0.0
553154559	553154556	0.0
553154560	553154556	0.0
376372243	553154556	2.0
376372249	553154556	1.0
376372251	553154556	1.0
376372252	553154556	1.0
376372254	553154556	1.0
376372257	553154556	1.0
376372259	553154556	1.0
495486340	553154556	3.0
495486494	553154556	3.0
495486817	553154556	3.0
495487050	553154556	3.0
495487183	553154556	3.0
495487556	553154556	3.0
280369233	553154556	3.0
373468766	553154556	2.0
367860399	553154556	3.0
367860402	553154556	3.0
367860404	553154556	3.0
376403747	553154556	2.0
376403752	553154556	2.0
376403760	553154556	2.0
376403763	553154556	2.0
376403764	553154556	2.0
376403768	553154556	3.0
376403773	553154556	2.0
376406583	553154556	3.0
495484489	553154556	3.0
495486272	553154556	3.0
367860394	553154556	3.0
367860395	553154556	3.0
367860396	553154556	3.0
367860397	553154556	3.0
367860398	553154556	3.0
367860400	553154556	3.0
367860401	553154556	3.0
367860403	553154556	3.0
367860405	553154556	3.0
376403749	553154556	3.0
376403756	553154556	3.0
376403758	553154556	3.0
462694128	553154556	3.0
462694299	553154556	3.0
462694723	553154556	3.0
462695341	553154556	3.0
462695394	553154556	3.0
367807621	553154556	3.0
265159144	553154556	2.0
280354485	553154556	2.0
280359384	553154556	1.0
240140503	553154556	3.0
553154557	553154557	0
553154559	553154557	0.0
553154560	553154557	0.0
376372243	553154557	2.0
376372249	553154557	1.0
376372251	553154557	1.0
376372252	553154557	1.0
376372254	553154557	1.0
376372257	553154557	1.0
376372259	553154557	1.0
495486340	553154557	3.0
495486494	553154557	3.0
495486817	553154557	3.0
495487050	553154557	3.0
495487183	553154557	3.0
495487556	553154557	3.0
280369233	553154557	3.0
373468766	553154557	2.0
367860399	553154557	3.0
367860402	553154557	3.0
367860404	553154557	3.0
376403747	553154557	2.0
376403752	553154557	2.0
376403760	553154557	2.0
376403763	553154557	2.0
376403764	553154557	2.0
376403768	553154557	3.0
376403773	553154557	2.0
376406583	553154557	3.0
495484489	553154557	3.0
495486272	553154557	3.0
367860394	553154557	3.0
367860395	553154557	3.0
367860396	553154557	3.0
367860397	553154557	3.0
367860398	553154557	3.0
367860400	553154557	3.0
367860401	553154557	3.0
367860403	553154557	3.0
367860405	553154557	3.0
376403749	553154557	3.0
376403756	553154557	3.0
376403758	553154557	3.0
462694128	553154557	3.0
462694299	553154557	3.0
462694723	553154557	3.0
462695341	553154557	3.0
462695394	553154557	3.0
367807621	553154557	3.0
265159144	553154557	2.0
280354485	553154557	2.0
280359384	553154557	1.0
240140503	553154557	3.0
553154559	553154559	0
553154560	553154559	0.0
376372243	553154559	2.0
376372249	553154559	2.0
376372251	553154559	2.0
376372252	553154559	2.0
376372254	553154559	2.0
376372257	553154559	2.0
376372259	553154559	2.0
495486340	553154559	3.0
495486494	553154559	3.0
495486817	553154559	3.0
495487050	553154559	3.0
495487183	553154559	3.0
495487556	553154559	3.0
280369233	553154559	3.0
373468766	553154559	2.0
367860399	553154559	3.0
367860402	553154559	3.0
367860404	553154559	3.0
376403747	553154559	3.0
376403752	553154559	2.0
376403760	553154559	2.0
376403763	553154559	3.0
376403764	553154559	2.0
376403768	553154559	3.0
376403773	553154559	3.0
376406583	553154559	3.0
495484489	553154559	3.0
495486272	553154559	3.0
367860394	553154559	4.0
367860395	553154559	3.0
367860396	553154559	3.0
367860397	553154559	4.0
367860398	553154559	3.0
367860400	553154559	3.0
367860401	553154559	3.0
367860403	553154559	3.0
367860405	553154559	4.0
376403749	553154559	3.0
376403756	553154559	3.0
376403758	553154559	3.0
462694128	553154559	3.0
462694299	553154559	3.0
462694723	553154559	3.0
462695341	553154559	3.0
462695394	553154559	3.0
367807621	553154559	4.0
265159144	553154559	2.0
280354485	553154559	2.0
280359384	553154559	2.0
240140503	553154559	3.0
553154560	553154560	0
376372243	553154560	2.0
376372249	553154560	2.0
376372251	553154560	2.0
376372252	553154560	2.0
376372254	553154560	2.0
376372257	553154560	2.0
376372259	553154560	2.0
495486340	553154560	3.0
495486494	553154560	3.0
495486817	553154560	3.0
495487050	553154560	3.0
495487183	553154560	3.0
495487556	553154560	3.0
280369233	553154560	3.0
373468766	553154560	2.0
367860399	553154560	3.0
367860402	553154560	3.0
367860404	553154560	3.0
376403747	553154560	3.0
376403752	553154560	2.0
376403760	553154560	2.0
376403763	553154560	3.0
376403764	553154560	2.0
376403768	553154560	3.0
376403773	553154560	3.0
376406583	553154560	2.0
495484489	553154560	3.0
495486272	553154560	3.0
367860394	553154560	4.0
367860395	553154560	3.0
367860396	553154560	3.0
367860397	553154560	4.0
367860398	553154560	3.0
367860400	553154560	3.0
367860401	553154560	3.0
367860403	553154560	3.0
367860405	553154560	4.0
376403749	553154560	3.0
376403756	553154560	3.0
376403758	553154560	3.0
462694128	553154560	3.0
462694299	553154560	3.0
462694723	553154560	3.0
462695341	553154560	3.0
462695394	553154560	3.0
367807621	553154560	4.0
265159144	553154560	2.0
280354485	553154560	2.0
280359384	553154560	2.0
240140503	553154560	3.0
376372243	376372243	0
376372249	376372243	0.0
376372251	376372243	0.0
376372252	376372243	0.0
376372254	376372243	0.0
376372257	376372243	0.0
376372259	376372243	0.0
495486340	376372243	2.0
495486494	376372243	3.0
495486817	376372243	2.0
495487050	376372243	3.0
495487183	376372243	2.0
495487556	376372243	2.0
280369233	376372243	2.0
373468766	376372243	3.0
367860399	376372243	3.0
367860402	376372243	3.0
367860404	376372243	3.0
376403747	376372243	1.0
376403752	376372243	1.0
376403760	376372243	1.0
376403763	376372243	2.0
376403764	376372243	1.0
376403768	376372243	2.0
376403773	376372243	1.0
376406583	376372243	2.0
495484489	376372243	2.0
495486272	376372243	2.0
367860394	376372243	3.0
367860395	376372243	3.0
367860396	376372243	3.0
367860397	376372243	3.0
367860398	376372243	3.0
367860400	376372243	3.0
367860401	376372243	3.0
367860403	376372243	3.0
367860405	376372243	3.0
376403749	376372243	2.0
376403756	376372243	2.0
376403758	376372243	2.0
462694128	376372243	2.0
462694299	376372243	2.0
462694723	376372243	3.0
462695341	376372243	2.0
462695394	376372243	2.0
367807621	376372243	3.0
265159144	376372243	3.0
280354485	376372243	1.0
280359384	376372243	0.0
240140503	376372243	3.0
376372249	376372249	0
376372251	376372249	0.0
376372252	376372249	0.0
376372254	376372249	0.0
376372257	376372249	0.0
376372259	376372249	0.0
495486340	376372249	2.0
495486494	376372249	3.0
495486817	376372249	3.0
495487050	376372249	3.0
495487183	376372249	3.0
495487556	376372249	3.0
280369233	376372249	2.0
373468766	376372249	3.0
367860399	376372249	3.0
367860402	376372249	3.0
367860404	376372249	3.0
376403747	376372249	2.0
376403752	376372249	1.0
376403760	376372249	1.0
376403763	376372249	2.0
376403764	376372249	1.0
376403768	376372249	2.0
376403773	376372249	2.0
376406583	376372249	2.0
495484489	376372249	2.0
495486272	376372249	3.0
367860394	376372249	3.0
367860395	376372249	3.0
367860396	376372249	3.0
367860397	376372249	3.0
367860398	376372249	3.0
367860400	376372249	3.0
367860401	376372249	3.0
367860403	376372249	3.0
367860405	376372249	3.0
376403749	376372249	2.0
376403756	376372249	2.0
376403758	376372249	2.0
462694128	376372249	3.0
462694299	376372249	3.0
462694723	376372249	3.0
462695341	376372249	2.0
462695394	376372249	2.0
367807621	376372249	3.0
265159144	376372249	3.0
280354485	376372249	2.0
280359384	376372249	0.0
240140503	376372249	3.0
376372251	376372251	0
376372252	376372251	0.0
376372254	376372251	0.0
376372257	376372251	0.0
376372259	376372251	0.0
495486340	376372251	2.0
495486494	376372251	3.0
495486817	376372251	2.0
495487050	376372251	3.0
495487183	376372251	2.0
495487556	376372251	2.0
280369233	376372251	2.0
373468766	376372251	3.0
367860399	376372251	3.0
367860402	376372251	3.0
367860404	376372251	3.0
376403747	376372251	2.0
376403752	376372251	2.0
376403760	376372251	2.0
376403763	376372251	2.0
376403764	376372251	2.0
376403768	376372251	3.0
376403773	376372251	1.0
376406583	376372251	2.0
495484489	376372251	3.0
495486272	376372251	2.0
367860394	376372251	3.0
367860395	376372251	3.0
367860396	376372251	3.0
367860397	376372251	3.0
367860398	376372251	3.0
367860400	376372251	3.0
367860401	376372251	3.0
367860403	376372251	3.0
367860405	376372251	3.0
376403749	376372251	2.0
376403756	376372251	2.0
376403758	376372251	2.0
462694128	376372251	2.0
462694299	376372251	2.0
462694723	376372251	3.0
462695341	376372251	2.0
462695394	376372251	2.0
367807621	376372251	3.0
265159144	376372251	2.0
280354485	376372251	1.0
280359384	376372251	1.0
240140503	376372251	3.0
376372252	376372252	0
376372254	376372252	0.0
376372257	376372252	0.0
376372259	376372252	0.0
495486340	376372252	2.0
495486494	376372252	3.0
495486817	376372252	2.0
495487050	376372252	2.0
495487183	376372252	2.0
495487556	376372252	2.0
280369233	376372252	2.0
373468766	376372252	3.0
367860399	376372252	3.0
367860402	376372252	3.0
367860404	376372252	2.0
376403747	376372252	2.0
376403752	376372252	2.0
376403760	376372252	1.0
376403763	376372252	2.0
376403764	376372252	1.0
376403768	376372252	2.0
376403773	376372252	2.0
376406583	376372252	2.0
495484489	376372252	2.0
495486272	376372252	2.0
367860394	376372252	3.0
367860395	376372252	3.0
367860396	376372252	3.0
367860397	376372252	3.0
367860398	376372252	3.0
367860400	376372252	3.0
367860401	376372252	3.0
367860403	376372252	3.0
367860405	376372252	3.0
376403749	376372252	2.0
376403756	376372252	2.0
376403758	376372252	2.0
462694128	376372252	2.0
462694299	376372252	3.0
462694723	376372252	3.0
462695341	376372252	2.0
462695394	376372252	2.0
367807621	376372252	3.0
265159144	376372252	3.0
280354485	376372252	1.0
280359384	376372252	1.0
240140503	376372252	3.0
376372254	376372254	0
376372257	376372254	0.0
376372259	376372254	0.0
495486340	376372254	2.0
495486494	376372254	3.0
495486817	376372254	3.0
495487050	376372254	3.0
495487183	376372254	2.0
495487556	376372254	2.0
280369233	376372254	2.0
373468766	376372254	3.0
367860399	376372254	3.0
367860402	376372254	3.0
367860404	376372254	3.0
376403747	376372254	2.0
376403752	376372254	1.0
376403760	376372254	1.0
376403763	376372254	2.0
376403764	376372254	1.0
376403768	376372254	2.0
376403773	376372254	2.0
376406583	376372254	2.0
495484489	376372254	2.0
495486272	376372254	3.0
367860394	376372254	3.0
367860395	376372254	3.0
367860396	376372254	3.0
367860397	376372254	3.0
367860398	376372254	3.0
367860400	376372254	3.0
367860401	376372254	3.0
367860403	376372254	3.0
367860405	376372254	3.0
376403749	376372254	2.0
376403756	376372254	2.0
376403758	376372254	2.0
462694128	376372254	3.0
462694299	376372254	3.0
462694723	376372254	3.0
462695341	376372254	2.0
462695394	376372254	2.0
367807621	376372254	3.0
265159144	376372254	3.0
280354485	376372254	2.0
280359384	376372254	0.0
240140503	376372254	3.0
376372257	376372257	0
376372259	376372257	0.0
495486340	376372257	2.0
495486494	376372257	3.0
495486817	376372257	2.0
495487050	376372257	3.0
495487183	376372257	2.0
495487556	376372257	2.0
280369233	376372257	2.0
373468766	376372257	3.0
367860399	376372257	3.0
367860402	376372257	3.0
367860404	376372257	3.0
376403747	376372257	2.0
376403752	376372257	1.0
376403760	376372257	1.0
376403763	376372257	2.0
376403764	376372257	1.0
376403768	376372257	2.0
376403773	376372257	1.0
376406583	376372257	2.0
495484489	376372257	2.0
495486272	376372257	2.0
367860394	376372257	3.0
367860395	376372257	3.0
367860396	376372257	3.0
367860397	376372257	3.0
367860398	376372257	3.0
367860400	376372257	3.0
367860401	376372257	3.0
367860403	376372257	3.0
367860405	376372257	3.0
376403749	376372257	2.0
376403756	376372257	2.0
376403758	376372257	2.0
462694128	376372257	2.0
462694299	376372257	2.0
462694723	376372257	3.0
462695341	376372257	2.0
462695394	376372257	2.0
367807621	376372257	3.0
265159144	376372257	3.0
280354485	376372257	1.0
280359384	376372257	0.0
240140503	376372257	3.0
376372259	376372259	0
495486340	376372259	2.0
495486494	376372259	3.0
495486817	376372259	3.0
495487050	376372259	3.0
495487183	376372259	3.0
495487556	376372259	3.0
280369233	376372259	2.0
373468766	376372259	3.0
367860399	376372259	3.0
367860402	376372259	3.0
367860404	376372259	3.0
376403747	376372259	2.0
376403752	376372259	2.0
376403760	376372259	1.0
376403763	376372259	2.0
376403764	376372259	1.0
376403768	376372259	2.0
376403773	376372259	2.0
376406583	376372259	2.0
495484489	376372259	2.0
495486272	376372259	3.0
367860394	376372259	3.0
367860395	376372259	3.0
367860396	376372259	3.0
367860397	376372259	3.0
367860398	376372259	3.0
367860400	376372259	3.0
367860401	376372259	3.0
367860403	376372259	3.0
367860405	376372259	3.0
376403749	376372259	2.0
376403756	376372259	2.0
376403758	376372259	2.0
462694128	376372259	3.0
462694299	376372259	3.0
462694723	376372259	3.0
462695341	376372259	2.0
462695394	376372259	2.0
367807621	376372259	3.0
265159144	376372259	3.0
280354485	376372259	1.0
280359384	376372259	0.0
240140503	376372259	3.0
495486340	495486340	0
495486494	495486340	1.0
495486817	495486340	0.0
495487050	495486340	0.0
495487183	495486340	0.0
495487556	495486340	0.0
280369233	495486340	1.0
373468766	495486340	4.0
367860399	495486340	1.0
367860402	495486340	1.0
367860404	495486340	0.0
376403747	495486340	2.0
376403752	495486340	2.0
376403760	495486340	2.0
376403763	495486340	2.0
376403764	495486340	2.0
376403768	495486340	3.0
376403773	495486340	2.0
376406583	495486340	2.0
495484489	495486340	1.0
495486272	495486340	0.0
367860394	495486340	2.0
367860395	495486340	2.0
367860396	495486340	1.0
367860397	495486340	2.0
367860398	495486340	2.0
367860400	495486340	2.0
367860401	495486340	2.0
367860403	495486340	2.0
367860405	495486340	2.0
376403749	495486340	2.0
376403756	495486340	3.0
376403758	495486340	2.0
462694128	495486340	2.0
462694299	495486340	2.0
462694723	495486340	2.0
462695341	495486340	2.0
462695394	495486340	2.0
367807621	495486340	2.0
265159144	495486340	3.0
280354485	495486340	2.0
280359384	495486340	3.0
240140503	495486340	2.0
495486494	495486494	0
495486817	495486494	0.0
495487050	495486494	2.0
495487183	495486494	0.0
495487556	495486494	0.0
280369233	495486494	2.0
373468766	495486494	4.0
367860399	495486494	2.0
367860402	495486494	1.0
367860404	495486494	2.0
376403747	495486494	2.0
376403752	495486494	3.0
376403760	495486494	2.0
376403763	495486494	3.0
376403764	495486494	2.0
376403768	495486494	3.0
376403773	495486494	2.0
376406583	495486494	3.0
495484489	495486494	2.0
495486272	495486494	1.0
367860394	495486494	2.0
367860395	495486494	2.0
367860396	495486494	2.0
367860397	495486494	2.0
367860398	495486494	2.0
367860400	495486494	2.0
367860401	495486494	2.0
367860403	495486494	2.0
367860405	495486494	2.0
376403749	495486494	3.0
376403756	495486494	3.0
376403758	495486494	3.0
462694128	495486494	2.0
462694299	495486494	2.0
462694723	495486494	3.0
462695341	495486494	3.0
462695394	495486494	3.0
367807621	495486494	2.0
265159144	495486494	4.0
280354485	495486494	3.0
280359384	495486494	3.0
240140503	495486494	2.0
495486817	495486817	0
495487050	495486817	1.0
495487183	495486817	0.0
495487556	495486817	0.0
280369233	495486817	2.0
373468766	495486817	4.0
367860399	495486817	1.0
367860402	495486817	1.0
367860404	495486817	1.0
376403747	495486817	2.0
376403752	495486817	2.0
376403760	495486817	2.0
376403763	495486817	2.0
376403764	495486817	2.0
376403768	495486817	3.0
376403773	495486817	2.0
376406583	495486817	3.0
495484489	495486817	2.0
495486272	495486817	0.0
367860394	495486817	2.0
367860395	495486817	2.0
367860396	495486817	2.0
367860397	495486817	2.0
367860398	495486817	2.0
367860400	495486817	2.0
367860401	495486817	2.0
367860403	495486817	1.0
367860405	495486817	2.0
376403749	495486817	3.0
376403756	495486817	3.0
376403758	495486817	3.0
462694128	495486817	2.0
462694299	495486817	2.0
462694723	495486817	2.0
462695341	495486817	2.0
462695394	495486817	2.0
367807621	495486817	2.0
265159144	495486817	3.0
280354485	495486817	2.0
280359384	495486817	3.0
240140503	495486817	2.0
495487050	495487050	0
495487183	495487050	1.0
495487556	495487050	1.0
280369233	495487050	1.0
373468766	495487050	3.0
367860399	495487050	1.0
367860402	495487050	2.0
367860404	495487050	1.0
376403747	495487050	2.0
376403752	495487050	2.0
376403760	495487050	2.0
376403763	495487050	2.0
376403764	495487050	2.0
376403768	495487050	2.0
376403773	495487050	3.0
376406583	495487050	2.0
495484489	495487050	0.0
495486272	495487050	0.0
367860394	495487050	3.0
367860395	495487050	3.0
367860396	495487050	2.0
367860397	495487050	2.0
367860398	495487050	2.0
367860400	495487050	2.0
367860401	495487050	2.0
367860403	495487050	2.0
367860405	495487050	3.0
376403749	495487050	3.0
376403756	495487050	3.0
376403758	495487050	3.0
462694128	495487050	2.0
462694299	495487050	2.0
462694723	495487050	2.0
462695341	495487050	2.0
462695394	495487050	2.0
367807621	495487050	3.0
265159144	495487050	3.0
280354485	495487050	3.0
280359384	495487050	3.0
240140503	495487050	2.0
495487183	495487183	0
495487556	495487183	0.0
280369233	495487183	2.0
373468766	495487183	4.0
367860399	495487183	1.0
367860402	495487183	1.0
367860404	495487183	1.0
376403747	495487183	2.0
376403752	495487183	2.0
376403760	495487183	2.0
376403763	495487183	2.0
376403764	495487183	2.0
376403768	495487183	3.0
376403773	495487183	2.0
376406583	495487183	3.0
495484489	495487183	1.0
495486272	495487183	0.0
367860394	495487183	2.0
367860395	495487183	2.0
367860396	495487183	2.0
367860397	495487183	2.0
367860398	495487183	2.0
367860400	495487183	2.0
367860401	495487183	2.0
367860403	495487183	2.0
367860405	495487183	2.0
376403749	495487183	2.0
376403756	495487183	3.0
376403758	495487183	3.0
462694128	495487183	2.0
462694299	495487183	2.0
462694723	495487183	2.0
462695341	495487183	2.0
462695394	495487183	2.0
367807621	495487183	2.0
265159144	495487183	3.0
280354485	495487183	2.0
280359384	495487183	3.0
240140503	495487183	2.0
495487556	495487556	0
280369233	495487556	2.0
373468766	495487556	4.0
367860399	495487556	1.0
367860402	495487556	1.0
367860404	495487556	1.0
376403747	495487556	2.0
376403752	495487556	2.0
376403760	495487556	2.0
376403763	495487556	2.0
376403764	495487556	2.0
376403768	495487556	3.0
376403773	495487556	2.0
376406583	495487556	3.0
495484489	495487556	1.0
495486272	495487556	0.0
367860394	495487556	2.0
367860395	495487556	2.0
367860396	495487556	2.0
367860397	495487556	2.0
367860398	495487556	2.0
367860400	495487556	2.0
367860401	495487556	2.0
367860403	495487556	2.0
367860405	495487556	2.0
376403749	495487556	3.0
376403756	495487556	3.0
376403758	495487556	3.0
462694128	495487556	2.0
462694299	495487556	2.0
462694723	495487556	2.0
462695341	495487556	2.0
462695394	495487556	2.0
367807621	495487556	2.0
265159144	495487556	3.0
280354485	495487556	2.0
280359384	495487556	3.0
240140503	495487556	2.0
280369233	280369233	0
373468766	280369233	3.0
367860399	280369233	2.0
367860402	280369233	2.0
367860404	280369233	2.0
376403747	280369233	2.0
376403752	280369233	2.0
376403760	280369233	2.0
376403763	280369233	2.0
376403764	280369233	2.0
376403768	280369233	2.0
376403773	280369233	2.0
376406583	280369233	2.0
495484489	280369233	0.0
495486272	280369233	1.0
367860394	280369233	3.0
367860395	280369233	2.0
367860396	280369233	2.0
367860397	280369233	3.0
367860398	280369233	2.0
367860400	280369233	3.0
367860401	280369233	3.0
367860403	280369233	3.0
367860405	280369233	3.0
376403749	280369233	3.0
376403756	280369233	3.0
376403758	280369233	3.0
462694128	280369233	2.0
462694299	280369233	2.0
462694723	280369233	3.0
462695341	280369233	3.0
462695394	280369233	3.0
367807621	280369233	3.0
265159144	280369233	3.0
280354485	280369233	3.0
280359384	280369233	3.0
240140503	280369233	3.0
373468766	373468766	0
367860399	373468766	4.0
367860402	373468766	4.0
367860404	373468766	4.0
376403747	373468766	3.0
376403752	373468766	3.0
376403760	373468766	3.0
376403763	373468766	3.0
376403764	373468766	3.0
376403768	373468766	3.0
376403773	373468766	3.0
376406583	373468766	3.0
495484489	373468766	3.0
495486272	373468766	4.0
367860394	373468766	4.0
367860395	373468766	4.0
367860396	373468766	4.0
367860397	373468766	4.0
367860398	373468766	4.0
367860400	373468766	4.0
367860401	373468766	4.0
367860403	373468766	4.0
367860405	373468766	4.0
376403749	373468766	3.0
376403756	373468766	3.0
376403758	373468766	3.0
462694128	373468766	4.0
462694299	373468766	4.0
462694723	373468766	4.0
462695341	373468766	3.0
462695394	373468766	3.0
367807621	373468766	4.0
265159144	373468766	2.0
280354485	373468766	3.0
280359384	373468766	3.0
240140503	373468766	4.0
367860399	367860399	0
367860402	367860399	0.0
367860404	367860399	0.0
376403747	367860399	2.0
376403752	367860399	3.0
376403760	367860399	2.0
376403763	367860399	2.0
376403764	367860399	2.0
376403768	367860399	3.0
376403773	367860399	2.0
376406583	367860399	3.0
495484489	367860399	2.0
495486272	367860399	1.0
367860394	367860399	2.0
367860395	367860399	2.0
367860396	367860399	2.0
367860397	367860399	1.0
367860398	367860399	2.0
367860400	367860399	2.0
367860401	367860399	2.0
367860403	367860399	1.0
367860405	367860399	2.0
376403749	367860399	3.0
376403756	367860399	3.0
376403758	367860399	3.0
462694128	367860399	2.0
462694299	367860399	2.0
462694723	367860399	3.0
462695341	367860399	3.0
462695394	367860399	3.0
367807621	367860399	2.0
265159144	367860399	4.0
280354485	367860399	3.0
280359384	367860399	3.0
240140503	367860399	2.0
367860402	367860402	0
367860404	367860402	0.0
376403747	367860402	2.0
376403752	367860402	3.0
376403760	367860402	3.0
376403763	367860402	2.0
376403764	367860402	3.0
376403768	367860402	3.0
376403773	367860402	2.0
376406583	367860402	3.0
495484489	367860402	2.0
495486272	367860402	2.0
367860394	367860402	1.0
367860395	367860402	1.0
367860396	367860402	2.0
367860397	367860402	1.0
367860398	367860402	2.0
367860400	367860402	2.0
367860401	367860402	2.0
367860403	367860402	0.0
367860405	367860402	1.0
376403749	367860402	3.0
376403756	367860402	3.0
376403758	367860402	3.0
462694128	367860402	2.0
462694299	367860402	2.0
462694723	367860402	3.0
462695341	367860402	3.0
462695394	367860402	3.0
367807621	367860402	2.0
265159144	367860402	4.0
280354485	367860402	3.0
280359384	367860402	3.0
240140503	367860402	2.0
367860404	367860404	0
376403747	367860404	2.0
376403752	367860404	2.0
376403760	367860404	2.0
376403763	367860404	2.0
376403764	367860404	2.0
376403768	367860404	3.0
376403773	367860404	2.0
376406583	367860404	3.0
495484489	367860404	2.0
495486272	367860404	1.0
367860394	367860404	2.0
367860395	367860404	2.0
367860396	367860404	2.0
367860397	367860404	2.0
367860398	367860404	3.0
367860400	367860404	2.0
367860401	367860404	2.0
367860403	367860404	1.0
367860405	367860404	2.0
376403749	367860404	2.0
376403756	367860404	3.0
376403758	367860404	2.0
462694128	367860404	2.0
462694299	367860404	2.0
462694723	367860404	2.0
462695341	367860404	3.0
462695394	367860404	3.0
367807621	367860404	2.0
265159144	367860404	4.0
280354485	367860404	3.0
280359384	367860404	3.0
240140503	367860404	3.0
376403747	376403747	0
376403752	376403747	2.0
376403760	376403747	1.0
376403763	376403747	0.0
376403764	376403747	1.0
376403768	376403747	2.0
376403773	376403747	0.0
376406583	376403747	2.0
495484489	376403747	2.0
495486272	376403747	2.0
367860394	376403747	3.0
367860395	376403747	2.0
367860396	376403747	2.0
367860397	376403747	3.0
367860398	376403747	2.0
367860400	376403747	2.0
367860401	376403747	2.0
367860403	376403747	2.0
367860405	376403747	3.0
376403749	376403747	1.0
376403756	376403747	2.0
376403758	376403747	1.0
462694128	376403747	2.0
462694299	376403747	2.0
462694723	376403747	2.0
462695341	376403747	2.0
462695394	376403747	2.0
367807621	376403747	3.0
265159144	376403747	3.0
280354485	376403747	0.0
280359384	376403747	2.0
240140503	376403747	2.0
376403752	376403752	0
376403760	376403752	0.0
376403763	376403752	2.0
376403764	376403752	0.0
376403768	376403752	2.0
376403773	376403752	2.0
376406583	376403752	1.0
495484489	376403752	2.0
495486272	376403752	2.0
367860394	376403752	3.0
367860395	376403752	3.0
367860396	376403752	3.0
367860397	376403752	3.0
367860398	376403752	3.0
367860400	376403752	3.0
367860401	376403752	3.0
367860403	376403752	3.0
367860405	376403752	3.0
376403749	376403752	2.0
376403756	376403752	2.0
376403758	376403752	2.0
462694128	376403752	3.0
462694299	376403752	3.0
462694723	376403752	3.0
462695341	376403752	2.0
462695394	376403752	2.0
367807621	376403752	3.0
265159144	376403752	3.0
280354485	376403752	2.0
280359384	376403752	1.0
240140503	376403752	3.0
376403760	376403760	0
376403763	376403760	1.0
376403764	376403760	0.0
376403768	376403760	2.0
376403773	376403760	2.0
376406583	376403760	2.0
495484489	376403760	2.0
495486272	376403760	2.0
367860394	376403760	3.0
367860395	376403760	2.0
367860396	376403760	3.0
367860397	376403760	3.0
367860398	376403760	3.0
367860400	376403760	3.0
367860401	376403760	3.0
367860403	376403760	3.0
367860405	376403760	3.0
376403749	376403760	2.0
376403756	376403760	2.0
376403758	376403760	2.0
462694128	376403760	2.0
462694299	376403760	2.0
462694723	376403760	3.0
462695341	376403760	2.0
462695394	376403760	2.0
367807621	376403760	3.0
265159144	376403760	3.0
280354485	376403760	2.0
280359384	376403760	1.0
240140503	376403760	3.0
376403763	376403763	0
376403764	376403763	1.0
376403768	376403763	2.0
376403773	376403763	0.0
376406583	376403763	2.0
495484489	376403763	2.0
495486272	376403763	2.0
367860394	376403763	3.0
367860395	376403763	2.0
367860396	376403763	2.0
367860397	376403763	3.0
367860398	376403763	3.0
367860400	376403763	2.0
367860401	376403763	3.0
367860403	376403763	2.0
367860405	376403763	3.0
376403749	376403763	2.0
376403756	376403763	2.0
376403758	376403763	2.0
462694128	376403763	2.0
462694299	376403763	2.0
462694723	376403763	3.0
462695341	376403763	2.0
462695394	376403763	2.0
367807621	376403763	3.0
265159144	376403763	3.0
280354485	376403763	0.0
280359384	376403763	2.0
240140503	376403763	3.0
376403764	376403764	0
376403768	376403764	2.0
376403773	376403764	2.0
376406583	376403764	1.0
495484489	376403764	2.0
495486272	376403764	2.0
367860394	376403764	3.0
367860395	376403764	2.0
367860396	376403764	3.0
367860397	376403764	3.0
367860398	376403764	3.0
367860400	376403764	3.0
367860401	376403764	3.0
367860403	376403764	3.0
367860405	376403764	3.0
376403749	376403764	2.0
376403756	376403764	2.0
376403758	376403764	2.0
462694128	376403764	2.0
462694299	376403764	2.0
462694723	376403764	3.0
462695341	376403764	2.0
462695394	376403764	2.0
367807621	376403764	3.0
265159144	376403764	3.0
280354485	376403764	2.0
280359384	376403764	1.0
240140503	376403764	3.0
376403768	376403768	0
376403773	376403768	3.0
376406583	376403768	0.0
495484489	376403768	2.0
495486272	376403768	3.0
367860394	376403768	4.0
367860395	376403768	3.0
367860396	376403768	3.0
367860397	376403768	3.0
367860398	376403768	3.0
367860400	376403768	3.0
367860401	376403768	3.0
367860403	376403768	3.0
367860405	376403768	4.0
376403749	376403768	3.0
376403756	376403768	3.0
376403758	376403768	3.0
462694128	376403768	3.0
462694299	376403768	3.0
462694723	376403768	3.0
462695341	376403768	3.0
462695394	376403768	3.0
367807621	376403768	4.0
265159144	376403768	3.0
280354485	376403768	3.0
280359384	376403768	2.0
240140503	376403768	3.0
376403773	376403773	0
376406583	376403773	2.0
495484489	376403773	2.0
495486272	376403773	2.0
367860394	376403773	3.0
367860395	376403773	2.0
367860396	376403773	2.0
367860397	376403773	3.0
367860398	376403773	2.0
367860400	376403773	3.0
367860401	376403773	2.0
367860403	376403773	2.0
367860405	376403773	3.0
376403749	376403773	1.0
376403756	376403773	1.0
376403758	376403773	1.0
462694128	376403773	2.0
462694299	376403773	2.0
462694723	376403773	2.0
462695341	376403773	2.0
462695394	376403773	2.0
367807621	376403773	3.0
265159144	376403773	3.0
280354485	376403773	1.0
280359384	376403773	2.0
240140503	376403773	2.0
376406583	376406583	0
495484489	376406583	2.0
495486272	376406583	2.0
367860394	376406583	3.0
367860395	376406583	3.0
367860396	376406583	3.0
367860397	376406583	3.0
367860398	376406583	3.0
367860400	376406583	3.0
367860401	376406583	3.0
367860403	376406583	3.0
367860405	376406583	3.0
376403749	376406583	3.0
376403756	376406583	3.0
376403758	376406583	3.0
462694128	376406583	3.0
462694299	376406583	3.0
462694723	376406583	3.0
462695341	376406583	3.0
462695394	376406583	3.0
367807621	376406583	3.0
265159144	376406583	3.0
280354485	376406583	2.0
280359384	376406583	2.0
240140503	376406583	3.0
495484489	495484489	0
495486272	495484489	1.0
367860394	495484489	3.0
367860395	495484489	2.0
367860396	495484489	2.0
367860397	495484489	3.0
367860398	495484489	2.0
367860400	495484489	3.0
367860401	495484489	2.0
367860403	495484489	3.0
367860405	495484489	3.0
376403749	495484489	3.0
376403756	495484489	3.0
376403758	495484489	3.0
462694128	495484489	2.0
462694299	495484489	2.0
462694723	495484489	3.0
462695341	495484489	3.0
462695394	495484489	3.0
367807621	495484489	3.0
265159144	495484489	3.0
280354485	495484489	3.0
280359384	495484489	2.0
240140503	495484489	2.0
495486272	495486272	0
367860394	495486272	2.0
367860395	495486272	2.0
367860396	495486272	2.0
367860397	495486272	2.0
367860398	495486272	2.0
367860400	495486272	2.0
367860401	495486272	2.0
367860403	495486272	2.0
367860405	495486272	2.0
376403749	495486272	3.0
376403756	495486272	3.0
376403758	495486272	3.0
462694128	495486272	2.0
462694299	495486272	2.0
462694723	495486272	2.0
462695341	495486272	2.0
462695394	495486272	2.0
367807621	495486272	3.0
265159144	495486272	3.0
280354485	495486272	2.0
280359384	495486272	3.0
240140503	495486272	2.0
367860394	367860394	0
367860395	367860394	2.0
367860396	367860394	2.0
367860397	367860394	0.0
367860398	367860394	1.0
367860400	367860394	0.0
367860401	367860394	1.0
367860403	367860394	1.0
367860405	367860394	0.0
376403749	367860394	2.0
376403756	367860394	2.0
376403758	367860394	2.0
462694128	367860394	1.0
462694299	367860394	1.0
462694723	367860394	2.0
462695341	367860394	2.0
462695394	367860394	2.0
367807621	367860394	0.0
265159144	367860394	4.0
280354485	367860394	3.0
280359384	367860394	3.0
240140503	367860394	1.0
367860395	367860395	0
367860396	367860395	1.0
367860397	367860395	1.0
367860398	367860395	1.0
367860400	367860395	2.0
367860401	367860395	1.0
367860403	367860395	0.0
367860405	367860395	2.0
376403749	367860395	2.0
376403756	367860395	2.0
376403758	367860395	2.0
462694128	367860395	1.0
462694299	367860395	1.0
462694723	367860395	2.0
462695341	367860395	2.0
462695394	367860395	2.0
367807621	367860395	2.0
265159144	367860395	4.0
280354485	367860395	2.0
280359384	367860395	3.0
240140503	367860395	1.0
367860396	367860396	0
367860397	367860396	1.0
367860398	367860396	0.0
367860400	367860396	1.0
367860401	367860396	0.0
367860403	367860396	1.0
367860405	367860396	1.0
376403749	367860396	2.0
376403756	367860396	2.0
376403758	367860396	2.0
462694128	367860396	2.0
462694299	367860396	2.0
462694723	367860396	2.0
462695341	367860396	2.0
462695394	367860396	2.0
367807621	367860396	2.0
265159144	367860396	4.0
280354485	367860396	3.0
280359384	367860396	3.0
240140503	367860396	2.0
367860397	367860397	0
367860398	367860397	0.0
367860400	367860397	1.0
367860401	367860397	0.0
367860403	367860397	0.0
367860405	367860397	0.0
376403749	367860397	2.0
376403756	367860397	3.0
376403758	367860397	2.0
462694128	367860397	2.0
462694299	367860397	2.0
462694723	367860397	2.0
462695341	367860397	2.0
462695394	367860397	2.0
367807621	367860397	0.0
265159144	367860397	4.0
280354485	367860397	3.0
280359384	367860397	3.0
240140503	367860397	2.0
367860398	367860398	0
367860400	367860398	1.0
367860401	367860398	0.0
367860403	367860398	1.0
367860405	367860398	1.0
376403749	367860398	2.0
376403756	367860398	2.0
376403758	367860398	2.0
462694128	367860398	2.0
462694299	367860398	2.0
462694723	367860398	2.0
462695341	367860398	2.0
462695394	367860398	2.0
367807621	367860398	1.0
265159144	367860398	4.0
280354485	367860398	3.0
280359384	367860398	3.0
240140503	367860398	2.0
367860400	367860400	0
367860401	367860400	1.0
367860403	367860400	2.0
367860405	367860400	0.0
376403749	367860400	2.0
376403756	367860400	2.0
376403758	367860400	2.0
462694128	367860400	1.0
462694299	367860400	1.0
462694723	367860400	1.0
462695341	367860400	2.0
462695394	367860400	1.0
367807621	367860400	1.0
265159144	367860400	4.0
280354485	367860400	3.0
280359384	367860400	3.0
240140503	367860400	1.0
367860401	367860401	0
367860403	367860401	1.0
367860405	367860401	1.0
376403749	367860401	2.0
376403756	367860401	2.0
376403758	367860401	2.0
462694128	367860401	2.0
462694299	367860401	2.0
462694723	367860401	2.0
462695341	367860401	2.0
462695394	367860401	2.0
367807621	367860401	1.0
265159144	367860401	4.0
280354485	367860401	3.0
280359384	367860401	3.0
240140503	367860401	2.0
367860403	367860403	0
367860405	367860403	1.0
376403749	367860403	3.0
376403756	367860403	3.0
376403758	367860403	3.0
462694128	367860403	2.0
462694299	367860403	2.0
462694723	367860403	2.0
462695341	367860403	2.0
462695394	367860403	2.0
367807621	367860403	1.0
265159144	367860403	4.0
280354485	367860403	2.0
280359384	367860403	3.0
240140503	367860403	2.0
367860405	367860405	0
376403749	367860405	2.0
376403756	367860405	2.0
376403758	367860405	2.0
462694128	367860405	1.0
462694299	367860405	1.0
462694723	367860405	2.0
462695341	367860405	2.0
462695394	367860405	2.0
367807621	367860405	0.0
265159144	367860405	4.0
280354485	367860405	3.0
280359384	367860405	3.0
240140503	367860405	1.0
376403749	376403749	0
376403756	376403749	0.0
376403758	376403749	0.0
462694128	376403749	1.0
462694299	376403749	1.0
462694723	376403749	2.0
462695341	376403749	0.0
462695394	376403749	0.0
367807621	376403749	3.0
265159144	376403749	3.0
280354485	376403749	1.0
280359384	376403749	2.0
240140503	376403749	2.0
376403756	376403756	0
376403758	376403756	0.0
462694128	376403756	1.0
462694299	376403756	1.0
462694723	376403756	1.0
462695341	376403756	0.0
462695394	376403756	1.0
367807621	376403756	2.0
265159144	376403756	3.0
280354485	376403756	2.0
280359384	376403756	2.0
240140503	376403756	2.0
376403758	376403758	0
462694128	376403758	1.0
462694299	376403758	1.0
462694723	376403758	2.0
462695341	376403758	0.0
462695394	376403758	0.0
367807621	376403758	3.0
265159144	376403758	3.0
280354485	376403758	1.0
280359384	376403758	2.0
240140503	376403758	2.0
462694128	462694128	0
462694299	462694128	0.0
462694723	462694128	2.0
462695341	462694128	0.0
462695394	462694128	0.0
367807621	462694128	2.0
265159144	462694128	3.0
280354485	462694128	2.0
280359384	462694128	3.0
240140503	462694128	2.0
462694299	462694299	0
462694723	462694299	2.0
462695341	462694299	1.0
462695394	462694299	0.0
367807621	462694299	2.0
265159144	462694299	3.0
280354485	462694299	2.0
280359384	462694299	3.0
240140503	462694299	2.0
462694723	462694723	0
462695341	462694723	1.0
462695394	462694723	1.0
367807621	462694723	2.0
265159144	462694723	4.0
280354485	462694723	2.0
280359384	462694723	3.0
240140503	462694723	0.0
462695341	462695341	0
462695394	462695341	0.0
367807621	462695341	2.0
265159144	462695341	3.0
280354485	462695341	2.0
280359384	462695341	2.0
240140503	462695341	2.0
462695394	462695394	0
367807621	462695394	2.0
265159144	462695394	3.0
280354485	462695394	2.0
280359384	462695394	2.0
240140503	462695394	2.0
367807621	367807621	0
265159144	367807621	4.0
280354485	367807621	3.0
280359384	367807621	3.0
240140503	367807621	2.0
265159144	265159144	0
280354485	265159144	3.0
280359384	265159144	2.0
240140503	265159144	4.0
280354485	280354485	0
280359384	280354485	1.0
240140503	280354485	2.0
280359384	280359384	0
240140503	280359384	3.0
240140503	240140503	0
