285102984	[-71,91.0,-20.0]	40.55674196666666	-73.91340690666668	0.12614253450258028	0.01100266148255237	0.387718042272135	6.594245395669106e-05	0.9655913978494624	0.517862360222051
474814238	[-71,122.0,-51.0]	40.559903659999996	-73.91886586000001	0.12614253450258028	0.01100266148255237	0.387718042272135	6.594245395669106e-05	0.9655913978494624	0.517862360222051
509507263	[-73,127.0,-54.0]	40.55994154	-73.91975226000001	0.12614253450258028	0.01100266148255237	0.387718042272135	6.594245395669106e-05	0.9655913978494624	0.517862360222051
509507264	[-75,126.0,-51.0]	40.55941292	-73.91945121999998	0.12614253450258028	0.01100266148255237	0.387718042272135	6.594245395669106e-05	0.9655913978494624	0.517862360222051
509507323	[-72,121.0,-49.0]	40.55951542	-73.9185757	0.12614253450258028	0.01100266148255237	0.387718042272135	6.594245395669106e-05	0.9655913978494624	0.517862360222051
243997132	[-72,120.0,-48.0]	40.559485959999996	-73.91839064	0.12614253450258028	0.01100266148255237	0.387718042272135	6.594245395669106e-05	0.9655913978494624	0.517862360222051
243997133	[-70,116.0,-46.0]	40.5595444	-73.91771539999999	0.12614253450258028	0.01100266148255237	0.387718042272135	6.594245395669106e-05	0.9655913978494624	0.517862360222051
243997134	[-67,116.0,-49.0]	40.56006632	-73.91784240000001	0.12614253450258028	0.01100266148255237	0.387718042272135	6.594245395669106e-05	0.9655913978494624	0.517862360222051
243997135	[-64,112.0,-48.0]	40.56037216	-73.91708906	0.12614253450258028	0.01100266148255237	0.387718042272135	6.594245395669106e-05	0.9655913978494624	0.517862360222051
509507265	[-70,118.0,-48.0]	40.559681780000005	-73.91810102000001	0.12614253450258028	0.01100266148255237	0.387718042272135	6.594245395669106e-05	0.9655913978494624	0.517862360222051
509507320	[-68,115.0,-47.0]	40.559742820000004	-73.91766143999999	0.12614253450258028	0.01100266148255237	0.387718042272135	6.594245395669106e-05	0.9655913978494624	0.517862360222051
509507321	[-69,117.0,-48.0]	40.55984754	-73.91795606000001	0.12614253450258028	0.01100266148255237	0.387718042272135	6.594245395669106e-05	0.9655913978494624	0.517862360222051
509507322	[-68,117.0,-49.0]	40.55991126	-73.91792552000001	0.12614253450258028	0.01100266148255237	0.387718042272135	6.594245395669106e-05	0.9655913978494624	0.517862360222051
509507324	[31,-23.0,-8.0]	40.56586402857142	-73.89302652857144	0.12614253450258028	0.01100266148255237	0.387718042272135	6.594245395669106e-05	0.9655913978494624	0.517862360222051
253855475	[46,-57.0,11.0]	40.56545088181818	-73.88695405454546	0.12614253450258028	0.01100266148255237	0.387718042272135	6.594245395669106e-05	0.9655913978494624	0.517862360222051
253855476	[48,-67.0,19.0]	40.564842733333336	-73.88530167777778	0.12614253450258028	0.01100266148255237	0.387718042272135	6.594245395669106e-05	0.9655913978494624	0.517862360222051
253855477	[43,-60.0,17.0]	40.56467474	-73.88647621999999	0.12614253450258028	0.01100266148255237	0.387718042272135	6.594245395669106e-05	0.9655913978494624	0.517862360222051
253855479	[49,-66.0,17.0]	40.56527781999999	-73.88546002000001	0.12614253450258028	0.01100266148255237	0.387718042272135	6.594245395669106e-05	0.9655913978494624	0.517862360222051
253855478	[50,-63.0,13.0]	40.56563638	-73.88600491	0.12614253450258028	0.01100266148255237	0.387718042272135	6.594245395669106e-05	0.9655913978494624	0.517862360222051
182103072	[-144,188.0,-44.0]	40.551711280000006	-73.9331453	0.12614253450258028	0.01100266148255237	0.387718042272135	6.594245395669106e-05	0.9655913978494624	0.517862360222051
182103073	[-137,188.0,-51.0]	40.553070257142856	-73.93077031428571	0.12614253450258028	0.01100266148255237	0.387718042272135	6.594245395669106e-05	0.9655913978494624	0.517862360222051
182103074	[-140,188.0,-48.0]	40.55255934	-73.93220097	0.12614253450258028	0.01100266148255237	0.387718042272135	6.594245395669106e-05	0.9655913978494624	0.517862360222051
509507274	[-100,141.0,-41.0]	40.55581181428572	-73.92214352857143	0.12614253450258028	0.01100266148255237	0.387718042272135	6.594245395669106e-05	0.9655913978494624	0.517862360222051
243997129	[-76,123.0,-47.0]	40.55896414285714	-73.91892597142858	0.12614253450258028	0.01100266148255237	0.387718042272135	6.594245395669106e-05	0.9655913978494624	0.517862360222051
243997136	[-76,129.0,-53.0]	40.559553533333336	-73.92015480000002	0.12614253450258028	0.01100266148255237	0.387718042272135	6.594245395669106e-05	0.9655913978494624	0.517862360222051
509507249	[-70,132.0,-62.0]	40.56104002857143	-73.92062557142857	0.12614253450258028	0.01100266148255237	0.387718042272135	6.594245395669106e-05	0.9655913978494624	0.517862360222051
509507250	[-77,142.0,-65.0]	40.56063925	-73.92230045000001	0.12614253450258028	0.01100266148255237	0.387718042272135	6.594245395669106e-05	0.9655913978494624	0.517862360222051
509507256	[-96,164.0,-68.0]	40.559118624999996	-73.92628635	0.12614253450258028	0.01100266148255237	0.387718042272135	6.594245395669106e-05	0.9655913978494624	0.517862360222051
509507259	[-65,122.0,-57.0]	40.56111618333333	-73.91890665	0.12614253450258028	0.01100266148255237	0.387718042272135	6.594245395669106e-05	0.9655913978494624	0.517862360222051
517007852	[-74,132.0,-58.0]	40.56022314	-73.9205254	0.12614253450258028	0.01100266148255237	0.387718042272135	6.594245395669106e-05	0.9655913978494624	0.517862360222051
509507171	[-47,85.0,-38.0]	40.56107677999999	-73.91222296	0.12614253450258028	0.01100266148255237	0.387718042272135	6.594245395669106e-05	0.9655913978494624	0.517862360222051
509507184	[-36,75.0,-39.0]	40.562265162500005	-73.9104437	0.12614253450258028	0.01100266148255237	0.387718042272135	6.594245395669106e-05	0.9655913978494624	0.517862360222051
509507186	[-39,80.0,-41.0]	40.5621056	-73.91138702500001	0.12614253450258028	0.01100266148255237	0.387718042272135	6.594245395669106e-05	0.9655913978494624	0.517862360222051
509507192	[-29,83.0,-54.0]	40.56457378	-73.91194684	0.12614253450258028	0.01100266148255237	0.387718042272135	6.594245395669106e-05	0.9655913978494624	0.517862360222051
509507212	[-54,100.0,-46.0]	40.561022585714284	-73.91489554285715	0.12614253450258028	0.01100266148255237	0.387718042272135	6.594245395669106e-05	0.9655913978494624	0.517862360222051
509507214	[-52,96.0,-44.0]	40.5610213	-73.91421706000001	0.12614253450258028	0.01100266148255237	0.387718042272135	6.594245395669106e-05	0.9655913978494624	0.517862360222051
509507216	[-51,93.0,-42.0]	40.56100704	-73.91375788	0.12614253450258028	0.01100266148255237	0.387718042272135	6.594245395669106e-05	0.9655913978494624	0.517862360222051
509507218	[-49,89.0,-40.0]	40.56097934	-73.91299504	0.12614253450258028	0.01100266148255237	0.387718042272135	6.594245395669106e-05	0.9655913978494624	0.517862360222051
509507220	[-56,91.0,-35.0]	40.559815379999996	-73.91332548	0.12614253450258028	0.01100266148255237	0.387718042272135	6.594245395669106e-05	0.9655913978494624	0.517862360222051
509507222	[-47,81.0,-34.0]	40.56054886	-73.91151392000002	0.12614253450258028	0.01100266148255237	0.387718042272135	6.594245395669106e-05	0.9655913978494624	0.517862360222051
509507226	[-45,81.0,-36.0]	40.56096183999999	-73.91149354000001	0.12614253450258028	0.01100266148255237	0.387718042272135	6.594245395669106e-05	0.9655913978494624	0.517862360222051
509507228	[-44,78.0,-34.0]	40.56089376	-73.91100983999999	0.12614253450258028	0.01100266148255237	0.387718042272135	6.594245395669106e-05	0.9655913978494624	0.517862360222051
509507230	[-49,86.0,-37.0]	40.56067152	-73.91252821999998	0.12614253450258028	0.01100266148255237	0.387718042272135	6.594245395669106e-05	0.9655913978494624	0.517862360222051
509507258	[-62,115.0,-53.0]	40.56104594	-73.91759542	0.12614253450258028	0.01100266148255237	0.387718042272135	6.594245395669106e-05	0.9655913978494624	0.517862360222051
509507260	[-58,108.0,-50.0]	40.56108482	-73.91632872	0.12614253450258028	0.01100266148255237	0.387718042272135	6.594245395669106e-05	0.9655913978494624	0.517862360222051
509507266	[-56,101.0,-45.0]	40.560776020000006	-73.91501290000001	0.12614253450258028	0.01100266148255237	0.387718042272135	6.594245395669106e-05	0.9655913978494624	0.517862360222051
509507272	[-50,73.0,-23.0]	40.55919324285714	-73.91006402857143	0.12614253450258028	0.01100266148255237	0.387718042272135	6.594245395669106e-05	0.9655913978494624	0.517862360222051
302359513	[-27,16.0,11.0]	40.55802865454546	-73.89989103636364	0.12614253450258028	0.01100266148255237	0.387718042272135	6.594245395669106e-05	0.9655913978494624	0.517862360222051
302360018	[43,-67.0,24.0]	40.5638546	-73.88521173000001	0.12614253450258028	0.01100266148255237	0.387718042272135	6.594245395669106e-05	0.9655913978494624	0.517862360222051
336340388	[63,-66.0,3.0]	40.56813135454546	-73.88541201818181	0.12614253450258028	0.01100266148255237	0.387718042272135	6.594245395669106e-05	0.9655913978494624	0.517862360222051
321046314	[20,-53.0,33.0]	40.56058652	-73.8877654	0.12614253450258028	0.01100266148255237	0.387718042272135	6.594245395669106e-05	0.9655913978494624	0.517862360222051
474813598	[-145,188.0,-43.0]	40.5514868	-73.93155824444445	0.12614253450258028	0.01100266148255237	0.387718042272135	6.594245395669106e-05	0.9655913978494624	0.517862360222051
241833781	[-88,150.0,-62.0]	40.559338356410244	-73.92380807179485	0.12614253450258028	0.01100266148255237	0.387718042272135	6.594245395669106e-05	0.9655913978494624	0.517862360222051
241838423	[-56,109.0,-53.0]	40.56161389473684	-73.91641126315788	0.12614253450258028	0.01100266148255237	0.387718042272135	6.594245395669106e-05	0.9655913978494624	0.517862360222051
241838428	[-55,95.0,-40.0]	40.5604038382353	-73.91400354411765	0.12614253450258028	0.01100266148255237	0.387718042272135	6.594245395669106e-05	0.9655913978494624	0.517862360222051
285102984	285102984	0
474814238	285102984	2.0
509507263	285102984	2.0
509507264	285102984	2.0
509507323	285102984	2.0
243997132	285102984	2.0
243997133	285102984	2.0
243997134	285102984	2.0
243997135	285102984	2.0
509507265	285102984	2.0
509507320	285102984	2.0
509507321	285102984	2.0
509507322	285102984	2.0
509507324	285102984	4.0
253855475	285102984	4.0
253855476	285102984	5.0
253855477	285102984	4.0
253855479	285102984	5.0
253855478	285102984	5.0
182103072	285102984	4.0
182103073	285102984	4.0
182103074	285102984	4.0
509507274	285102984	3.0
243997129	285102984	2.0
243997136	285102984	2.0
509507249	285102984	3.0
509507250	285102984	4.0
509507256	285102984	3.0
509507259	285102984	3.0
517007852	285102984	3.0
509507171	285102984	3.0
509507184	285102984	3.0
509507186	285102984	3.0
509507192	285102984	3.0
509507212	285102984	3.0
509507214	285102984	3.0
509507216	285102984	3.0
509507218	285102984	3.0
509507220	285102984	2.0
509507222	285102984	2.0
509507226	285102984	2.0
509507228	285102984	2.0
509507230	285102984	3.0
509507258	285102984	3.0
509507260	285102984	3.0
509507266	285102984	3.0
509507272	285102984	3.0
302359513	285102984	4.0
302360018	285102984	5.0
336340388	285102984	4.0
321046314	285102984	5.0
474813598	285102984	4.0
241833781	285102984	3.0
241838423	285102984	3.0
241838428	285102984	2.0
474814238	474814238	0
509507263	474814238	0.0
509507264	474814238	0.0
509507323	474814238	0.0
243997132	474814238	0.0
243997133	474814238	0.0
243997134	474814238	1.0
243997135	474814238	1.0
509507265	474814238	0.0
509507320	474814238	0.0
509507321	474814238	0.0
509507322	474814238	0.0
509507324	474814238	5.0
253855475	474814238	5.0
253855476	474814238	5.0
253855477	474814238	5.0
253855479	474814238	5.0
253855478	474814238	5.0
182103072	474814238	4.0
182103073	474814238	5.0
182103074	474814238	4.0
509507274	474814238	3.0
243997129	474814238	0.0
243997136	474814238	0.0
509507249	474814238	4.0
509507250	474814238	4.0
509507256	474814238	4.0
509507259	474814238	4.0
517007852	474814238	1.0
509507171	474814238	3.0
509507184	474814238	4.0
509507186	474814238	4.0
509507192	474814238	4.0
509507212	474814238	4.0
509507214	474814238	4.0
509507216	474814238	4.0
509507218	474814238	4.0
509507220	474814238	2.0
509507222	474814238	3.0
509507226	474814238	3.0
509507228	474814238	3.0
509507230	474814238	3.0
509507258	474814238	4.0
509507260	474814238	4.0
509507266	474814238	4.0
509507272	474814238	3.0
302359513	474814238	4.0
302360018	474814238	5.0
336340388	474814238	5.0
321046314	474814238	5.0
474813598	474814238	4.0
241833781	474814238	3.0
241838423	474814238	4.0
241838428	474814238	2.0
509507263	509507263	0
509507264	509507263	0.0
509507323	509507263	0.0
243997132	509507263	0.0
243997133	509507263	1.0
243997134	509507263	1.0
243997135	509507263	2.0
509507265	509507263	1.0
509507320	509507263	1.0
509507321	509507263	1.0
509507322	509507263	1.0
509507324	509507263	5.0
253855475	509507263	5.0
253855476	509507263	5.0
253855477	509507263	5.0
253855479	509507263	5.0
253855478	509507263	5.0
182103072	509507263	5.0
182103073	509507263	5.0
182103074	509507263	5.0
509507274	509507263	4.0
243997129	509507263	0.0
243997136	509507263	0.0
509507249	509507263	4.0
509507250	509507263	4.0
509507256	509507263	4.0
509507259	509507263	4.0
517007852	509507263	0.0
509507171	509507263	4.0
509507184	509507263	4.0
509507186	509507263	4.0
509507192	509507263	4.0
509507212	509507263	4.0
509507214	509507263	4.0
509507216	509507263	4.0
509507218	509507263	4.0
509507220	509507263	2.0
509507222	509507263	3.0
509507226	509507263	3.0
509507228	509507263	3.0
509507230	509507263	4.0
509507258	509507263	4.0
509507260	509507263	4.0
509507266	509507263	4.0
509507272	509507263	4.0
302359513	509507263	4.0
302360018	509507263	5.0
336340388	509507263	5.0
321046314	509507263	5.0
474813598	509507263	5.0
241833781	509507263	4.0
241838423	509507263	4.0
241838428	509507263	2.0
509507264	509507264	0
509507323	509507264	0.0
243997132	509507264	0.0
243997133	509507264	0.0
243997134	509507264	1.0
243997135	509507264	1.0
509507265	509507264	0.0
509507320	509507264	0.0
509507321	509507264	0.0
509507322	509507264	0.0
509507324	509507264	5.0
253855475	509507264	5.0
253855476	509507264	5.0
253855477	509507264	5.0
253855479	509507264	5.0
253855478	509507264	5.0
182103072	509507264	4.0
182103073	509507264	5.0
182103074	509507264	4.0
509507274	509507264	3.0
243997129	509507264	0.0
243997136	509507264	0.0
509507249	509507264	4.0
509507250	509507264	4.0
509507256	509507264	4.0
509507259	509507264	4.0
517007852	509507264	0.0
509507171	509507264	3.0
509507184	509507264	4.0
509507186	509507264	4.0
509507192	509507264	4.0
509507212	509507264	4.0
509507214	509507264	4.0
509507216	509507264	4.0
509507218	509507264	4.0
509507220	509507264	2.0
509507222	509507264	3.0
509507226	509507264	3.0
509507228	509507264	3.0
509507230	509507264	3.0
509507258	509507264	4.0
509507260	509507264	4.0
509507266	509507264	4.0
509507272	509507264	4.0
302359513	509507264	4.0
302360018	509507264	5.0
336340388	509507264	5.0
321046314	509507264	5.0
474813598	509507264	4.0
241833781	509507264	3.0
241838423	509507264	4.0
241838428	509507264	2.0
509507323	509507323	0
243997132	509507323	0.0
243997133	509507323	0.0
243997134	509507323	1.0
243997135	509507323	1.0
509507265	509507323	0.0
509507320	509507323	0.0
509507321	509507323	0.0
509507322	509507323	0.0
509507324	509507323	5.0
253855475	509507323	5.0
253855476	509507323	5.0
253855477	509507323	5.0
253855479	509507323	5.0
253855478	509507323	5.0
182103072	509507323	4.0
182103073	509507323	4.0
182103074	509507323	4.0
509507274	509507323	3.0
243997129	509507323	0.0
243997136	509507323	0.0
509507249	509507323	4.0
509507250	509507323	4.0
509507256	509507323	4.0
509507259	509507323	4.0
517007852	509507323	1.0
509507171	509507323	3.0
509507184	509507323	4.0
509507186	509507323	4.0
509507192	509507323	4.0
509507212	509507323	4.0
509507214	509507323	4.0
509507216	509507323	4.0
509507218	509507323	3.0
509507220	509507323	2.0
509507222	509507323	3.0
509507226	509507323	3.0
509507228	509507323	3.0
509507230	509507323	3.0
509507258	509507323	4.0
509507260	509507323	4.0
509507266	509507323	4.0
509507272	509507323	3.0
302359513	509507323	4.0
302360018	509507323	5.0
336340388	509507323	5.0
321046314	509507323	5.0
474813598	509507323	4.0
241833781	509507323	3.0
241838423	509507323	4.0
241838428	509507323	2.0
243997132	243997132	0
243997133	243997132	0.0
243997134	243997132	0.0
243997135	243997132	1.0
509507265	243997132	0.0
509507320	243997132	0.0
509507321	243997132	0.0
509507322	243997132	0.0
509507324	243997132	5.0
253855475	243997132	5.0
253855476	243997132	5.0
253855477	243997132	5.0
253855479	243997132	5.0
253855478	243997132	5.0
182103072	243997132	4.0
182103073	243997132	4.0
182103074	243997132	4.0
509507274	243997132	3.0
243997129	243997132	0.0
243997136	243997132	0.0
509507249	243997132	4.0
509507250	243997132	4.0
509507256	243997132	4.0
509507259	243997132	4.0
517007852	243997132	1.0
509507171	243997132	3.0
509507184	243997132	4.0
509507186	243997132	4.0
509507192	243997132	4.0
509507212	243997132	4.0
509507214	243997132	4.0
509507216	243997132	3.0
509507218	243997132	3.0
509507220	243997132	2.0
509507222	243997132	3.0
509507226	243997132	3.0
509507228	243997132	3.0
509507230	243997132	3.0
509507258	243997132	4.0
509507260	243997132	4.0
509507266	243997132	4.0
509507272	243997132	3.0
302359513	243997132	4.0
302360018	243997132	5.0
336340388	243997132	5.0
321046314	243997132	5.0
474813598	243997132	4.0
241833781	243997132	3.0
241838423	243997132	4.0
241838428	243997132	2.0
243997133	243997133	0
243997134	243997133	0.0
243997135	243997133	0.0
509507265	243997133	0.0
509507320	243997133	0.0
509507321	243997133	0.0
509507322	243997133	0.0
509507324	243997133	5.0
253855475	243997133	5.0
253855476	243997133	5.0
253855477	243997133	5.0
253855479	243997133	5.0
253855478	243997133	5.0
182103072	243997133	4.0
182103073	243997133	4.0
182103074	243997133	4.0
509507274	243997133	3.0
243997129	243997133	0.0
243997136	243997133	1.0
509507249	243997133	4.0
509507250	243997133	4.0
509507256	243997133	4.0
509507259	243997133	4.0
517007852	243997133	1.0
509507171	243997133	3.0
509507184	243997133	4.0
509507186	243997133	4.0
509507192	243997133	4.0
509507212	243997133	4.0
509507214	243997133	3.0
509507216	243997133	3.0
509507218	243997133	3.0
509507220	243997133	2.0
509507222	243997133	3.0
509507226	243997133	3.0
509507228	243997133	3.0
509507230	243997133	3.0
509507258	243997133	4.0
509507260	243997133	4.0
509507266	243997133	4.0
509507272	243997133	3.0
302359513	243997133	4.0
302360018	243997133	5.0
336340388	243997133	5.0
321046314	243997133	5.0
474813598	243997133	4.0
241833781	243997133	3.0
241838423	243997133	4.0
241838428	243997133	2.0
243997134	243997134	0
243997135	243997134	0.0
509507265	243997134	0.0
509507320	243997134	0.0
509507321	243997134	0.0
509507322	243997134	0.0
509507324	243997134	5.0
253855475	243997134	5.0
253855476	243997134	5.0
253855477	243997134	5.0
253855479	243997134	5.0
253855478	243997134	5.0
182103072	243997134	4.0
182103073	243997134	4.0
182103074	243997134	4.0
509507274	243997134	3.0
243997129	243997134	1.0
243997136	243997134	1.0
509507249	243997134	4.0
509507250	243997134	4.0
509507256	243997134	4.0
509507259	243997134	4.0
517007852	243997134	2.0
509507171	243997134	3.0
509507184	243997134	4.0
509507186	243997134	4.0
509507192	243997134	4.0
509507212	243997134	4.0
509507214	243997134	3.0
509507216	243997134	3.0
509507218	243997134	3.0
509507220	243997134	2.0
509507222	243997134	3.0
509507226	243997134	3.0
509507228	243997134	3.0
509507230	243997134	3.0
509507258	243997134	4.0
509507260	243997134	4.0
509507266	243997134	4.0
509507272	243997134	3.0
302359513	243997134	4.0
302360018	243997134	5.0
336340388	243997134	5.0
321046314	243997134	5.0
474813598	243997134	4.0
241833781	243997134	3.0
241838423	243997134	4.0
241838428	243997134	2.0
243997135	243997135	0
509507265	243997135	1.0
509507320	243997135	0.0
509507321	243997135	1.0
509507322	243997135	1.0
509507324	243997135	5.0
253855475	243997135	5.0
253855476	243997135	5.0
253855477	243997135	5.0
253855479	243997135	5.0
253855478	243997135	5.0
182103072	243997135	4.0
182103073	243997135	4.0
182103074	243997135	4.0
509507274	243997135	3.0
243997129	243997135	1.0
243997136	243997135	2.0
509507249	243997135	4.0
509507250	243997135	4.0
509507256	243997135	4.0
509507259	243997135	4.0
517007852	243997135	2.0
509507171	243997135	3.0
509507184	243997135	4.0
509507186	243997135	4.0
509507192	243997135	4.0
509507212	243997135	4.0
509507214	243997135	4.0
509507216	243997135	4.0
509507218	243997135	3.0
509507220	243997135	2.0
509507222	243997135	3.0
509507226	243997135	3.0
509507228	243997135	3.0
509507230	243997135	3.0
509507258	243997135	4.0
509507260	243997135	4.0
509507266	243997135	4.0
509507272	243997135	3.0
302359513	243997135	4.0
302360018	243997135	5.0
336340388	243997135	5.0
321046314	243997135	5.0
474813598	243997135	4.0
241833781	243997135	3.0
241838423	243997135	4.0
241838428	243997135	2.0
509507265	509507265	0
509507320	509507265	0.0
509507321	509507265	0.0
509507322	509507265	0.0
509507324	509507265	5.0
253855475	509507265	5.0
253855476	509507265	5.0
253855477	509507265	5.0
253855479	509507265	5.0
253855478	509507265	5.0
182103072	509507265	4.0
182103073	509507265	4.0
182103074	509507265	4.0
509507274	509507265	3.0
243997129	509507265	0.0
243997136	509507265	1.0
509507249	509507265	4.0
509507250	509507265	4.0
509507256	509507265	4.0
509507259	509507265	4.0
517007852	509507265	1.0
509507171	509507265	3.0
509507184	509507265	4.0
509507186	509507265	4.0
509507192	509507265	4.0
509507212	509507265	4.0
509507214	509507265	3.0
509507216	509507265	3.0
509507218	509507265	3.0
509507220	509507265	2.0
509507222	509507265	3.0
509507226	509507265	3.0
509507228	509507265	3.0
509507230	509507265	3.0
509507258	509507265	4.0
509507260	509507265	4.0
509507266	509507265	4.0
509507272	509507265	3.0
302359513	509507265	4.0
302360018	509507265	5.0
336340388	509507265	5.0
321046314	509507265	5.0
474813598	509507265	4.0
241833781	509507265	3.0
241838423	509507265	4.0
241838428	509507265	2.0
509507320	509507320	0
509507321	509507320	0.0
509507322	509507320	0.0
509507324	509507320	5.0
253855475	509507320	5.0
253855476	509507320	5.0
253855477	509507320	5.0
253855479	509507320	5.0
253855478	509507320	5.0
182103072	509507320	4.0
182103073	509507320	4.0
182103074	509507320	4.0
509507274	509507320	3.0
243997129	509507320	0.0
243997136	509507320	1.0
509507249	509507320	4.0
509507250	509507320	4.0
509507256	509507320	4.0
509507259	509507320	4.0
517007852	509507320	1.0
509507171	509507320	3.0
509507184	509507320	4.0
509507186	509507320	4.0
509507192	509507320	4.0
509507212	509507320	4.0
509507214	509507320	3.0
509507216	509507320	3.0
509507218	509507320	3.0
509507220	509507320	2.0
509507222	509507320	3.0
509507226	509507320	3.0
509507228	509507320	3.0
509507230	509507320	3.0
509507258	509507320	4.0
509507260	509507320	4.0
509507266	509507320	4.0
509507272	509507320	3.0
302359513	509507320	4.0
302360018	509507320	5.0
336340388	509507320	5.0
321046314	509507320	5.0
474813598	509507320	4.0
241833781	509507320	3.0
241838423	509507320	4.0
241838428	509507320	2.0
509507321	509507321	0
509507322	509507321	0.0
509507324	509507321	5.0
253855475	509507321	5.0
253855476	509507321	5.0
253855477	509507321	5.0
253855479	509507321	5.0
253855478	509507321	5.0
182103072	509507321	4.0
182103073	509507321	4.0
182103074	509507321	4.0
509507274	509507321	3.0
243997129	509507321	0.0
243997136	509507321	1.0
509507249	509507321	4.0
509507250	509507321	4.0
509507256	509507321	4.0
509507259	509507321	4.0
517007852	509507321	1.0
509507171	509507321	3.0
509507184	509507321	4.0
509507186	509507321	4.0
509507192	509507321	4.0
509507212	509507321	4.0
509507214	509507321	3.0
509507216	509507321	3.0
509507218	509507321	3.0
509507220	509507321	2.0
509507222	509507321	3.0
509507226	509507321	3.0
509507228	509507321	3.0
509507230	509507321	3.0
509507258	509507321	4.0
509507260	509507321	4.0
509507266	509507321	4.0
509507272	509507321	3.0
302359513	509507321	4.0
302360018	509507321	5.0
336340388	509507321	5.0
321046314	509507321	5.0
474813598	509507321	4.0
241833781	509507321	3.0
241838423	509507321	4.0
241838428	509507321	2.0
509507322	509507322	0
509507324	509507322	5.0
253855475	509507322	5.0
253855476	509507322	5.0
253855477	509507322	5.0
253855479	509507322	5.0
253855478	509507322	5.0
182103072	509507322	4.0
182103073	509507322	4.0
182103074	509507322	4.0
509507274	509507322	3.0
243997129	509507322	0.0
243997136	509507322	1.0
509507249	509507322	4.0
509507250	509507322	4.0
509507256	509507322	4.0
509507259	509507322	4.0
517007852	509507322	1.0
509507171	509507322	3.0
509507184	509507322	4.0
509507186	509507322	4.0
509507192	509507322	4.0
509507212	509507322	4.0
509507214	509507322	3.0
509507216	509507322	3.0
509507218	509507322	3.0
509507220	509507322	2.0
509507222	509507322	3.0
509507226	509507322	3.0
509507228	509507322	3.0
509507230	509507322	3.0
509507258	509507322	4.0
509507260	509507322	4.0
509507266	509507322	4.0
509507272	509507322	3.0
302359513	509507322	4.0
302360018	509507322	5.0
336340388	509507322	5.0
321046314	509507322	5.0
474813598	509507322	4.0
241833781	509507322	3.0
241838423	509507322	4.0
241838428	509507322	2.0
509507324	509507324	0
253855475	509507324	3.0
253855476	509507324	3.0
253855477	509507324	3.0
253855479	509507324	3.0
253855478	509507324	3.0
182103072	509507324	5.0
182103073	509507324	5.0
182103074	509507324	5.0
509507274	509507324	5.0
243997129	509507324	5.0
243997136	509507324	5.0
509507249	509507324	4.0
509507250	509507324	4.0
509507256	509507324	5.0
509507259	509507324	4.0
517007852	509507324	5.0
509507171	509507324	4.0
509507184	509507324	4.0
509507186	509507324	4.0
509507192	509507324	4.0
509507212	509507324	4.0
509507214	509507324	4.0
509507216	509507324	4.0
509507218	509507324	4.0
509507220	509507324	5.0
509507222	509507324	4.0
509507226	509507324	4.0
509507228	509507324	4.0
509507230	509507324	4.0
509507258	509507324	4.0
509507260	509507324	4.0
509507266	509507324	4.0
509507272	509507324	4.0
302359513	509507324	4.0
302360018	509507324	3.0
336340388	509507324	3.0
321046314	509507324	3.0
474813598	509507324	5.0
241833781	509507324	5.0
241838423	509507324	4.0
241838428	509507324	5.0
253855475	253855475	0
253855476	253855475	1.0
253855477	253855475	0.0
253855479	253855475	2.0
253855478	253855475	2.0
182103072	253855475	5.0
182103073	253855475	5.0
182103074	253855475	5.0
509507274	253855475	5.0
243997129	253855475	5.0
243997136	253855475	5.0
509507249	253855475	4.0
509507250	253855475	5.0
509507256	253855475	5.0
509507259	253855475	4.0
517007852	253855475	5.0
509507171	253855475	4.0
509507184	253855475	4.0
509507186	253855475	4.0
509507192	253855475	4.0
509507212	253855475	4.0
509507214	253855475	4.0
509507216	253855475	4.0
509507218	253855475	4.0
509507220	253855475	5.0
509507222	253855475	4.0
509507226	253855475	4.0
509507228	253855475	4.0
509507230	253855475	4.0
509507258	253855475	4.0
509507260	253855475	4.0
509507266	253855475	4.0
509507272	253855475	4.0
302359513	253855475	4.0
302360018	253855475	2.0
336340388	253855475	3.0
321046314	253855475	2.0
474813598	253855475	5.0
241833781	253855475	5.0
241838423	253855475	4.0
241838428	253855475	5.0
253855476	253855476	0
253855477	253855476	1.0
253855479	253855476	0.0
253855478	253855476	0.0
182103072	253855476	5.0
182103073	253855476	5.0
182103074	253855476	5.0
509507274	253855476	5.0
243997129	253855476	5.0
243997136	253855476	5.0
509507249	253855476	5.0
509507250	253855476	5.0
509507256	253855476	5.0
509507259	253855476	5.0
517007852	253855476	5.0
509507171	253855476	4.0
509507184	253855476	5.0
509507186	253855476	5.0
509507192	253855476	5.0
509507212	253855476	4.0
509507214	253855476	4.0
509507216	253855476	4.0
509507218	253855476	4.0
509507220	253855476	5.0
509507222	253855476	4.0
509507226	253855476	4.0
509507228	253855476	4.0
509507230	253855476	4.0
509507258	253855476	5.0
509507260	253855476	5.0
509507266	253855476	4.0
509507272	253855476	4.0
302359513	253855476	4.0
302360018	253855476	0.0
336340388	253855476	2.0
321046314	253855476	2.0
474813598	253855476	5.0
241833781	253855476	5.0
241838423	253855476	5.0
241838428	253855476	5.0
253855477	253855477	0
253855479	253855477	1.0
253855478	253855477	1.0
182103072	253855477	5.0
182103073	253855477	5.0
182103074	253855477	5.0
509507274	253855477	5.0
243997129	253855477	5.0
243997136	253855477	5.0
509507249	253855477	4.0
509507250	253855477	5.0
509507256	253855477	5.0
509507259	253855477	4.0
517007852	253855477	5.0
509507171	253855477	4.0
509507184	253855477	4.0
509507186	253855477	4.0
509507192	253855477	4.0
509507212	253855477	4.0
509507214	253855477	4.0
509507216	253855477	4.0
509507218	253855477	4.0
509507220	253855477	5.0
509507222	253855477	4.0
509507226	253855477	4.0
509507228	253855477	4.0
509507230	253855477	4.0
509507258	253855477	4.0
509507260	253855477	4.0
509507266	253855477	4.0
509507272	253855477	4.0
302359513	253855477	4.0
302360018	253855477	1.0
336340388	253855477	2.0
321046314	253855477	2.0
474813598	253855477	5.0
241833781	253855477	5.0
241838423	253855477	4.0
241838428	253855477	5.0
253855479	253855479	0
253855478	253855479	0.0
182103072	253855479	5.0
182103073	253855479	5.0
182103074	253855479	5.0
509507274	253855479	5.0
243997129	253855479	5.0
243997136	253855479	5.0
509507249	253855479	5.0
509507250	253855479	5.0
509507256	253855479	5.0
509507259	253855479	5.0
517007852	253855479	5.0
509507171	253855479	4.0
509507184	253855479	5.0
509507186	253855479	5.0
509507192	253855479	4.0
509507212	253855479	4.0
509507214	253855479	4.0
509507216	253855479	4.0
509507218	253855479	4.0
509507220	253855479	5.0
509507222	253855479	4.0
509507226	253855479	4.0
509507228	253855479	4.0
509507230	253855479	4.0
509507258	253855479	5.0
509507260	253855479	4.0
509507266	253855479	4.0
509507272	253855479	4.0
302359513	253855479	4.0
302360018	253855479	1.0
336340388	253855479	2.0
321046314	253855479	2.0
474813598	253855479	5.0
241833781	253855479	5.0
241838423	253855479	5.0
241838428	253855479	5.0
253855478	253855478	0
182103072	253855478	5.0
182103073	253855478	5.0
182103074	253855478	5.0
509507274	253855478	5.0
243997129	253855478	5.0
243997136	253855478	5.0
509507249	253855478	5.0
509507250	253855478	5.0
509507256	253855478	5.0
509507259	253855478	5.0
517007852	253855478	5.0
509507171	253855478	4.0
509507184	253855478	5.0
509507186	253855478	5.0
509507192	253855478	4.0
509507212	253855478	4.0
509507214	253855478	4.0
509507216	253855478	4.0
509507218	253855478	4.0
509507220	253855478	5.0
509507222	253855478	4.0
509507226	253855478	4.0
509507228	253855478	4.0
509507230	253855478	4.0
509507258	253855478	4.0
509507260	253855478	4.0
509507266	253855478	4.0
509507272	253855478	4.0
302359513	253855478	4.0
302360018	253855478	1.0
336340388	253855478	1.0
321046314	253855478	2.0
474813598	253855478	5.0
241833781	253855478	5.0
241838423	253855478	4.0
241838428	253855478	5.0
182103072	182103072	0
182103073	182103072	1.0
182103074	182103072	0.0
509507274	182103072	4.0
243997129	182103072	4.0
243997136	182103072	5.0
509507249	182103072	4.0
509507250	182103072	4.0
509507256	182103072	3.0
509507259	182103072	4.0
517007852	182103072	5.0
509507171	182103072	4.0
509507184	182103072	5.0
509507186	182103072	5.0
509507192	182103072	5.0
509507212	182103072	4.0
509507214	182103072	4.0
509507216	182103072	4.0
509507218	182103072	4.0
509507220	182103072	5.0
509507222	182103072	4.0
509507226	182103072	4.0
509507228	182103072	4.0
509507230	182103072	4.0
509507258	182103072	4.0
509507260	182103072	4.0
509507266	182103072	4.0
509507272	182103072	4.0
302359513	182103072	5.0
302360018	182103072	5.0
336340388	182103072	5.0
321046314	182103072	5.0
474813598	182103072	0.0
241833781	182103072	3.0
241838423	182103072	4.0
241838428	182103072	4.0
182103073	182103073	0
182103074	182103073	1.0
509507274	182103073	4.0
243997129	182103073	5.0
243997136	182103073	5.0
509507249	182103073	4.0
509507250	182103073	4.0
509507256	182103073	3.0
509507259	182103073	4.0
517007852	182103073	5.0
509507171	182103073	4.0
509507184	182103073	5.0
509507186	182103073	5.0
509507192	182103073	5.0
509507212	182103073	4.0
509507214	182103073	4.0
509507216	182103073	4.0
509507218	182103073	4.0
509507220	182103073	5.0
509507222	182103073	4.0
509507226	182103073	4.0
509507228	182103073	4.0
509507230	182103073	4.0
509507258	182103073	4.0
509507260	182103073	4.0
509507266	182103073	4.0
509507272	182103073	4.0
302359513	182103073	5.0
302360018	182103073	5.0
336340388	182103073	5.0
321046314	182103073	5.0
474813598	182103073	1.0
241833781	182103073	4.0
241838423	182103073	4.0
241838428	182103073	5.0
182103074	182103074	0
509507274	182103074	4.0
243997129	182103074	4.0
243997136	182103074	5.0
509507249	182103074	4.0
509507250	182103074	4.0
509507256	182103074	3.0
509507259	182103074	4.0
517007852	182103074	5.0
509507171	182103074	4.0
509507184	182103074	5.0
509507186	182103074	5.0
509507192	182103074	4.0
509507212	182103074	4.0
509507214	182103074	4.0
509507216	182103074	4.0
509507218	182103074	4.0
509507220	182103074	5.0
509507222	182103074	4.0
509507226	182103074	4.0
509507228	182103074	4.0
509507230	182103074	4.0
509507258	182103074	4.0
509507260	182103074	4.0
509507266	182103074	4.0
509507272	182103074	4.0
302359513	182103074	5.0
302360018	182103074	5.0
336340388	182103074	5.0
321046314	182103074	5.0
474813598	182103074	0.0
241833781	182103074	3.0
241838423	182103074	4.0
241838428	182103074	4.0
509507274	509507274	0
243997129	509507274	3.0
243997136	509507274	4.0
509507249	509507274	3.0
509507250	509507274	3.0
509507256	509507274	3.0
509507259	509507274	3.0
517007852	509507274	4.0
509507171	509507274	4.0
509507184	509507274	4.0
509507186	509507274	4.0
509507192	509507274	4.0
509507212	509507274	3.0
509507214	509507274	4.0
509507216	509507274	4.0
509507218	509507274	4.0
509507220	509507274	3.0
509507222	509507274	4.0
509507226	509507274	4.0
509507228	509507274	4.0
509507230	509507274	4.0
509507258	509507274	3.0
509507260	509507274	3.0
509507266	509507274	3.0
509507272	509507274	4.0
302359513	509507274	5.0
302360018	509507274	5.0
336340388	509507274	5.0
321046314	509507274	5.0
474813598	509507274	4.0
241833781	509507274	2.0
241838423	509507274	3.0
241838428	509507274	3.0
243997129	243997129	0
243997136	243997129	0.0
509507249	243997129	4.0
509507250	243997129	4.0
509507256	243997129	4.0
509507259	243997129	4.0
517007852	243997129	1.0
509507171	243997129	3.0
509507184	243997129	4.0
509507186	243997129	4.0
509507192	243997129	4.0
509507212	243997129	4.0
509507214	243997129	4.0
509507216	243997129	4.0
509507218	243997129	4.0
509507220	243997129	2.0
509507222	243997129	3.0
509507226	243997129	3.0
509507228	243997129	3.0
509507230	243997129	3.0
509507258	243997129	4.0
509507260	243997129	4.0
509507266	243997129	4.0
509507272	243997129	3.0
302359513	243997129	4.0
302360018	243997129	5.0
336340388	243997129	5.0
321046314	243997129	5.0
474813598	243997129	4.0
241833781	243997129	3.0
241838423	243997129	4.0
241838428	243997129	2.0
243997136	243997136	0
509507249	243997136	4.0
509507250	243997136	4.0
509507256	243997136	4.0
509507259	243997136	4.0
517007852	243997136	0.0
509507171	243997136	4.0
509507184	243997136	4.0
509507186	243997136	4.0
509507192	243997136	4.0
509507212	243997136	4.0
509507214	243997136	4.0
509507216	243997136	4.0
509507218	243997136	4.0
509507220	243997136	2.0
509507222	243997136	3.0
509507226	243997136	3.0
509507228	243997136	3.0
509507230	243997136	4.0
509507258	243997136	4.0
509507260	243997136	4.0
509507266	243997136	4.0
509507272	243997136	4.0
302359513	243997136	4.0
302360018	243997136	5.0
336340388	243997136	5.0
321046314	243997136	5.0
474813598	243997136	5.0
241833781	243997136	4.0
241838423	243997136	4.0
241838428	243997136	2.0
509507249	509507249	0
509507250	509507249	1.0
509507256	509507249	2.0
509507259	509507249	1.0
517007852	509507249	4.0
509507171	509507249	2.0
509507184	509507249	4.0
509507186	509507249	4.0
509507192	509507249	3.0
509507212	509507249	2.0
509507214	509507249	2.0
509507216	509507249	2.0
509507218	509507249	2.0
509507220	509507249	4.0
509507222	509507249	3.0
509507226	509507249	3.0
509507228	509507249	3.0
509507230	509507249	2.0
509507258	509507249	1.0
509507260	509507249	2.0
509507266	509507249	2.0
509507272	509507249	3.0
302359513	509507249	4.0
302360018	509507249	5.0
336340388	509507249	5.0
321046314	509507249	5.0
474813598	509507249	4.0
241833781	509507249	2.0
241838423	509507249	2.0
241838428	509507249	4.0
509507250	509507250	0
509507256	509507250	2.0
509507259	509507250	2.0
517007852	509507250	4.0
509507171	509507250	3.0
509507184	509507250	4.0
509507186	509507250	4.0
509507192	509507250	4.0
509507212	509507250	2.0
509507214	509507250	2.0
509507216	509507250	3.0
509507218	509507250	3.0
509507220	509507250	4.0
509507222	509507250	3.0
509507226	509507250	3.0
509507228	509507250	3.0
509507230	509507250	3.0
509507258	509507250	2.0
509507260	509507250	2.0
509507266	509507250	2.0
509507272	509507250	3.0
302359513	509507250	4.0
302360018	509507250	5.0
336340388	509507250	5.0
321046314	509507250	5.0
474813598	509507250	4.0
241833781	509507250	2.0
241838423	509507250	2.0
241838428	509507250	4.0
509507256	509507256	0
509507259	509507256	2.0
517007852	509507256	4.0
509507171	509507256	3.0
509507184	509507256	4.0
509507186	509507256	4.0
509507192	509507256	4.0
509507212	509507256	3.0
509507214	509507256	3.0
509507216	509507256	3.0
509507218	509507256	3.0
509507220	509507256	4.0
509507222	509507256	3.0
509507226	509507256	3.0
509507228	509507256	3.0
509507230	509507256	3.0
509507258	509507256	2.0
509507260	509507256	3.0
509507266	509507256	3.0
509507272	509507256	3.0
302359513	509507256	4.0
302360018	509507256	5.0
336340388	509507256	5.0
321046314	509507256	5.0
474813598	509507256	3.0
241833781	509507256	1.0
241838423	509507256	3.0
241838428	509507256	4.0
509507259	509507259	0
517007852	509507259	4.0
509507171	509507259	2.0
509507184	509507259	3.0
509507186	509507259	3.0
509507192	509507259	3.0
509507212	509507259	1.0
509507214	509507259	2.0
509507216	509507259	2.0
509507218	509507259	2.0
509507220	509507259	4.0
509507222	509507259	2.0
509507226	509507259	2.0
509507228	509507259	2.0
509507230	509507259	2.0
509507258	509507259	0.0
509507260	509507259	1.0
509507266	509507259	1.0
509507272	509507259	3.0
302359513	509507259	4.0
302360018	509507259	5.0
336340388	509507259	5.0
321046314	509507259	5.0
474813598	509507259	4.0
241833781	509507259	2.0
241838423	509507259	1.0
241838428	509507259	4.0
517007852	517007852	0
509507171	517007852	4.0
509507184	517007852	4.0
509507186	517007852	4.0
509507192	517007852	4.0
509507212	517007852	4.0
509507214	517007852	4.0
509507216	517007852	4.0
509507218	517007852	4.0
509507220	517007852	3.0
509507222	517007852	4.0
509507226	517007852	4.0
509507228	517007852	4.0
509507230	517007852	4.0
509507258	517007852	4.0
509507260	517007852	4.0
509507266	517007852	4.0
509507272	517007852	4.0
302359513	517007852	4.0
302360018	517007852	5.0
336340388	517007852	5.0
321046314	517007852	5.0
474813598	517007852	5.0
241833781	517007852	4.0
241838423	517007852	4.0
241838428	517007852	2.0
509507171	509507171	0
509507184	509507171	3.0
509507186	509507171	3.0
509507192	509507171	2.0
509507212	509507171	1.0
509507214	509507171	1.0
509507216	509507171	0.0
509507218	509507171	0.0
509507220	509507171	4.0
509507222	509507171	0.0
509507226	509507171	0.0
509507228	509507171	0.0
509507230	509507171	0.0
509507258	509507171	2.0
509507260	509507171	2.0
509507266	509507171	1.0
509507272	509507171	1.0
302359513	509507171	4.0
302360018	509507171	4.0
336340388	509507171	4.0
321046314	509507171	4.0
474813598	509507171	4.0
241833781	509507171	3.0
241838423	509507171	2.0
241838428	509507171	3.0
509507184	509507184	0
509507186	509507184	2.0
509507192	509507184	1.0
509507212	509507184	3.0
509507214	509507184	3.0
509507216	509507184	3.0
509507218	509507184	3.0
509507220	509507184	4.0
509507222	509507184	3.0
509507226	509507184	3.0
509507228	509507184	3.0
509507230	509507184	3.0
509507258	509507184	3.0
509507260	509507184	3.0
509507266	509507184	3.0
509507272	509507184	3.0
302359513	509507184	4.0
302360018	509507184	5.0
336340388	509507184	5.0
321046314	509507184	5.0
474813598	509507184	5.0
241833781	509507184	4.0
241838423	509507184	3.0
241838428	509507184	4.0
509507186	509507186	0
509507192	509507186	2.0
509507212	509507186	3.0
509507214	509507186	3.0
509507216	509507186	3.0
509507218	509507186	3.0
509507220	509507186	4.0
509507222	509507186	3.0
509507226	509507186	3.0
509507228	509507186	3.0
509507230	509507186	3.0
509507258	509507186	3.0
509507260	509507186	3.0
509507266	509507186	3.0
509507272	509507186	3.0
302359513	509507186	4.0
302360018	509507186	5.0
336340388	509507186	5.0
321046314	509507186	5.0
474813598	509507186	5.0
241833781	509507186	4.0
241838423	509507186	3.0
241838428	509507186	4.0
509507192	509507192	0
509507212	509507192	3.0
509507214	509507192	3.0
509507216	509507192	3.0
509507218	509507192	3.0
509507220	509507192	4.0
509507222	509507192	2.0
509507226	509507192	2.0
509507228	509507192	2.0
509507230	509507192	2.0
509507258	509507192	3.0
509507260	509507192	3.0
509507266	509507192	3.0
509507272	509507192	2.0
302359513	509507192	4.0
302360018	509507192	5.0
336340388	509507192	4.0
321046314	509507192	5.0
474813598	509507192	4.0
241833781	509507192	4.0
241838423	509507192	3.0
241838428	509507192	4.0
509507212	509507212	0
509507214	509507212	0.0
509507216	509507212	0.0
509507218	509507212	0.0
509507220	509507212	4.0
509507222	509507212	1.0
509507226	509507212	1.0
509507228	509507212	1.0
509507230	509507212	1.0
509507258	509507212	1.0
509507260	509507212	0.0
509507266	509507212	0.0
509507272	509507212	2.0
302359513	509507212	4.0
302360018	509507212	4.0
336340388	509507212	4.0
321046314	509507212	4.0
474813598	509507212	4.0
241833781	509507212	3.0
241838423	509507212	1.0
241838428	509507212	4.0
509507214	509507214	0
509507216	509507214	0.0
509507218	509507214	0.0
509507220	509507214	4.0
509507222	509507214	1.0
509507226	509507214	1.0
509507228	509507214	1.0
509507230	509507214	0.0
509507258	509507214	1.0
509507260	509507214	1.0
509507266	509507214	0.0
509507272	509507214	2.0
302359513	509507214	4.0
302360018	509507214	4.0
336340388	509507214	4.0
321046314	509507214	4.0
474813598	509507214	4.0
241833781	509507214	3.0
241838423	509507214	1.0
241838428	509507214	4.0
509507216	509507216	0
509507218	509507216	0.0
509507220	509507216	4.0
509507222	509507216	1.0
509507226	509507216	1.0
509507228	509507216	1.0
509507230	509507216	0.0
509507258	509507216	1.0
509507260	509507216	1.0
509507266	509507216	0.0
509507272	509507216	2.0
302359513	509507216	4.0
302360018	509507216	4.0
336340388	509507216	4.0
321046314	509507216	4.0
474813598	509507216	4.0
241833781	509507216	3.0
241838423	509507216	1.0
241838428	509507216	4.0
509507218	509507218	0
509507220	509507218	4.0
509507222	509507218	1.0
509507226	509507218	1.0
509507228	509507218	1.0
509507230	509507218	0.0
509507258	509507218	2.0
509507260	509507218	1.0
509507266	509507218	0.0
509507272	509507218	2.0
302359513	509507218	4.0
302360018	509507218	4.0
336340388	509507218	4.0
321046314	509507218	4.0
474813598	509507218	4.0
241833781	509507218	3.0
241838423	509507218	2.0
241838428	509507218	4.0
509507220	509507220	0
509507222	509507220	3.0
509507226	509507220	3.0
509507228	509507220	3.0
509507230	509507220	4.0
509507258	509507220	4.0
509507260	509507220	4.0
509507266	509507220	4.0
509507272	509507220	4.0
302359513	509507220	4.0
302360018	509507220	5.0
336340388	509507220	5.0
321046314	509507220	5.0
474813598	509507220	5.0
241833781	509507220	4.0
241838423	509507220	4.0
241838428	509507220	0.0
509507222	509507222	0
509507226	509507222	0.0
509507228	509507222	0.0
509507230	509507222	0.0
509507258	509507222	2.0
509507260	509507222	2.0
509507266	509507222	1.0
509507272	509507222	1.0
302359513	509507222	3.0
302360018	509507222	4.0
336340388	509507222	4.0
321046314	509507222	4.0
474813598	509507222	4.0
241833781	509507222	3.0
241838423	509507222	2.0
241838428	509507222	3.0
509507226	509507226	0
509507228	509507226	0.0
509507230	509507226	0.0
509507258	509507226	2.0
509507260	509507226	2.0
509507266	509507226	1.0
509507272	509507226	1.0
302359513	509507226	3.0
302360018	509507226	4.0
336340388	509507226	4.0
321046314	509507226	4.0
474813598	509507226	4.0
241833781	509507226	3.0
241838423	509507226	2.0
241838428	509507226	3.0
509507228	509507228	0
509507230	509507228	0.0
509507258	509507228	2.0
509507260	509507228	2.0
509507266	509507228	1.0
509507272	509507228	1.0
302359513	509507228	3.0
302360018	509507228	4.0
336340388	509507228	4.0
321046314	509507228	4.0
474813598	509507228	4.0
241833781	509507228	3.0
241838423	509507228	2.0
241838428	509507228	3.0
509507230	509507230	0
509507258	509507230	2.0
509507260	509507230	1.0
509507266	509507230	1.0
509507272	509507230	1.0
302359513	509507230	4.0
302360018	509507230	4.0
336340388	509507230	4.0
321046314	509507230	4.0
474813598	509507230	4.0
241833781	509507230	3.0
241838423	509507230	2.0
241838428	509507230	3.0
509507258	509507258	0
509507260	509507258	0.0
509507266	509507258	1.0
509507272	509507258	3.0
302359513	509507258	4.0
302360018	509507258	5.0
336340388	509507258	4.0
321046314	509507258	5.0
474813598	509507258	4.0
241833781	509507258	3.0
241838423	509507258	1.0
241838428	509507258	4.0
509507260	509507260	0
509507266	509507260	0.0
509507272	509507260	2.0
302359513	509507260	4.0
302360018	509507260	5.0
336340388	509507260	4.0
321046314	509507260	5.0
474813598	509507260	4.0
241833781	509507260	3.0
241838423	509507260	0.0
241838428	509507260	4.0
509507266	509507266	0
509507272	509507266	2.0
302359513	509507266	4.0
302360018	509507266	4.0
336340388	509507266	4.0
321046314	509507266	4.0
474813598	509507266	4.0
241833781	509507266	3.0
241838423	509507266	1.0
241838428	509507266	4.0
509507272	509507272	0
302359513	509507272	3.0
302360018	509507272	4.0
336340388	509507272	4.0
321046314	509507272	4.0
474813598	509507272	4.0
241833781	509507272	3.0
241838423	509507272	3.0
241838428	509507272	3.0
302359513	302359513	0
302360018	302359513	4.0
336340388	302359513	4.0
321046314	302359513	4.0
474813598	302359513	5.0
241833781	302359513	4.0
241838423	302359513	4.0
241838428	302359513	4.0
302360018	302360018	0
336340388	302360018	2.0
321046314	302360018	2.0
474813598	302360018	5.0
241833781	302360018	5.0
241838423	302360018	5.0
241838428	302360018	5.0
336340388	336340388	0
321046314	336340388	3.0
474813598	336340388	5.0
241833781	336340388	5.0
241838423	336340388	4.0
241838428	336340388	5.0
321046314	321046314	0
474813598	321046314	5.0
241833781	321046314	5.0
241838423	321046314	5.0
241838428	321046314	5.0
474813598	474813598	0
241833781	474813598	3.0
241838423	474813598	4.0
241838428	474813598	4.0
241833781	241833781	0
241838423	241833781	3.0
241838428	241833781	3.0
241838423	241838423	0
241838428	241838423	4.0
241838428	241838428	0
