250614620	[-89,13.0,76.0]	40.75497517777778	-73.8935925	0.04979101812083205	0.2560209098439119	0.22868861032827958	0.004421835604384418	0.7225806451612904	0.39336148813160154
92360522	[-84,24.0,60.0]	40.7572626	-73.89547487142859	0.04979101812083205	0.2560209098439119	0.22868861032827958	0.004421835604384418	0.7225806451612904	0.39336148813160154
375378870	[-82,20.0,62.0]	40.7571457875	-73.8947304875	0.04979101812083205	0.2560209098439119	0.22868861032827958	0.004421835604384418	0.7225806451612904	0.39336148813160154
236572124	[-59,18.0,41.0]	40.761697930000004	-73.89442316	0.04979101812083205	0.2560209098439119	0.22868861032827958	0.004421835604384418	0.7225806451612904	0.39336148813160154
236572125	[-63,19.0,44.0]	40.76105008	-73.89454278	0.04979101812083205	0.2560209098439119	0.22868861032827958	0.004421835604384418	0.7225806451612904	0.39336148813160154
502207853	[-47,7.0,40.0]	40.763065919999995	-73.89247856	0.04979101812083205	0.2560209098439119	0.22868861032827958	0.004421835604384418	0.7225806451612904	0.39336148813160154
502220924	[-61,19.0,42.0]	40.7613177	-73.89457662857144	0.04979101812083205	0.2560209098439119	0.22868861032827958	0.004421835604384418	0.7225806451612904	0.39336148813160154
220530396	[9,3.0,-12.0]	40.774117950000004	-73.89163303000001	0.04979101812083205	0.2560209098439119	0.22868861032827958	0.004421835604384418	0.7225806451612904	0.39336148813160154
615653559	[-21,17.0,4.0]	40.76937568	-73.89427004	0.04979101812083205	0.2560209098439119	0.22868861032827958	0.004421835604384418	0.7225806451612904	0.39336148813160154
615653560	[-21,18.0,3.0]	40.76950854	-73.89429972	0.04979101812083205	0.2560209098439119	0.22868861032827958	0.004421835604384418	0.7225806451612904	0.39336148813160154
220530392	[17,-2.0,-15.0]	40.775177125	-73.89087039999998	0.04979101812083205	0.2560209098439119	0.22868861032827958	0.004421835604384418	0.7225806451612904	0.39336148813160154
220530394	[13,0.0,-13.0]	40.774634642857144	-73.89126965714287	0.04979101812083205	0.2560209098439119	0.22868861032827958	0.004421835604384418	0.7225806451612904	0.39336148813160154
375384465	[-45,-7.0,52.0]	40.76206344444445	-73.88993342222221	0.04979101812083205	0.2560209098439119	0.22868861032827958	0.004421835604384418	0.7225806451612904	0.39336148813160154
502197952	[-28,-38.0,66.0]	40.762285379999994	-73.88435262	0.04979101812083205	0.2560209098439119	0.22868861032827958	0.004421835604384418	0.7225806451612904	0.39336148813160154
502197953	[-27,-40.0,67.0]	40.76230294	-73.88412916	0.04979101812083205	0.2560209098439119	0.22868861032827958	0.004421835604384418	0.7225806451612904	0.39336148813160154
502197954	[-28,-39.0,67.0]	40.762105728571434	-73.88422352857144	0.04979101812083205	0.2560209098439119	0.22868861032827958	0.004421835604384418	0.7225806451612904	0.39336148813160154
502197955	[-30,-40.0,70.0]	40.76175715714286	-73.88406527142857	0.04979101812083205	0.2560209098439119	0.22868861032827958	0.004421835604384418	0.7225806451612904	0.39336148813160154
502197957	[-26,-40.0,66.0]	40.76253102	-73.88415613999999	0.04979101812083205	0.2560209098439119	0.22868861032827958	0.004421835604384418	0.7225806451612904	0.39336148813160154
502198843	[-25,-40.0,65.0]	40.76271634	-73.8842018	0.04979101812083205	0.2560209098439119	0.22868861032827958	0.004421835604384418	0.7225806451612904	0.39336148813160154
527381457	[-45,-12.0,57.0]	40.76147372	-73.88902971999998	0.04979101812083205	0.2560209098439119	0.22868861032827958	0.004421835604384418	0.7225806451612904	0.39336148813160154
220530395	[11,-3.0,-8.0]	40.7738892	-73.89077981428571	0.04979101812083205	0.2560209098439119	0.22868861032827958	0.004421835604384418	0.7225806451612904	0.39336148813160154
220530391	[14,-4.0,-10.0]	40.774323228571426	-73.89053622857143	0.04979101812083205	0.2560209098439119	0.22868861032827958	0.004421835604384418	0.7225806451612904	0.39336148813160154
220530393	[17,-4.0,-13.0]	40.774977485714295	-73.89041644285714	0.04979101812083205	0.2560209098439119	0.22868861032827958	0.004421835604384418	0.7225806451612904	0.39336148813160154
220530400	[22,-5.0,-17.0]	40.77584168181818	-73.89034560909091	0.04979101812083205	0.2560209098439119	0.22868861032827958	0.004421835604384418	0.7225806451612904	0.39336148813160154
250614653	[-80,23.0,57.0]	40.75794892542373	-73.89530512711865	0.04979101812083205	0.2560209098439119	0.22868861032827958	0.004421835604384418	0.7225806451612904	0.39336148813160154
281390868	[-58,13.0,45.0]	40.76133084	-73.89356463333334	0.04979101812083205	0.2560209098439119	0.22868861032827958	0.004421835604384418	0.7225806451612904	0.39336148813160154
281378533	[-18,17.0,1.0]	40.769946940000004	-73.89416708800002	0.04979101812083205	0.2560209098439119	0.22868861032827958	0.004421835604384418	0.7225806451612904	0.39336148813160154
281390870	[-44,-13.0,57.0]	40.76151774210526	-73.88882134736842	0.04979101812083205	0.2560209098439119	0.22868861032827958	0.004421835604384418	0.7225806451612904	0.39336148813160154
250613656	[-81,4.0,77.0]	40.75579396666667	-73.89182417777778	0.04979101812083205	0.2560209098439119	0.22868861032827958	0.004421835604384418	0.7225806451612904	0.39336148813160154
377030564	[-97,27.0,70.0]	40.75475355714286	-73.89602239999999	0.04979101812083205	0.2560209098439119	0.22868861032827958	0.004421835604384418	0.7225806451612904	0.39336148813160154
377032862	[-90,16.0,74.0]	40.75503974	-73.89405256	0.04979101812083205	0.2560209098439119	0.22868861032827958	0.004421835604384418	0.7225806451612904	0.39336148813160154
377121562	[-83,3.0,80.0]	40.75520944	-73.89166431999999	0.04979101812083205	0.2560209098439119	0.22868861032827958	0.004421835604384418	0.7225806451612904	0.39336148813160154
377121565	[-84,7.0,77.0]	40.755435160000005	-73.89230377999999	0.04979101812083205	0.2560209098439119	0.22868861032827958	0.004421835604384418	0.7225806451612904	0.39336148813160154
377121567	[-88,12.0,76.0]	40.75512323333333	-73.89334572222224	0.04979101812083205	0.2560209098439119	0.22868861032827958	0.004421835604384418	0.7225806451612904	0.39336148813160154
377121568	[-82,3.0,79.0]	40.75541952	-73.89171128000001	0.04979101812083205	0.2560209098439119	0.22868861032827958	0.004421835604384418	0.7225806451612904	0.39336148813160154
236571025	[-58,26.0,32.0]	40.76272853076924	-73.89576356923077	0.04979101812083205	0.2560209098439119	0.22868861032827958	0.004421835604384418	0.7225806451612904	0.39336148813160154
236571037	[-49,20.0,29.0]	40.763835326315785	-73.8947721	0.04979101812083205	0.2560209098439119	0.22868861032827958	0.004421835604384418	0.7225806451612904	0.39336148813160154
236572126	[-57,12.0,45.0]	40.7614295142857	-73.89324710714287	0.04979101812083205	0.2560209098439119	0.22868861032827958	0.004421835604384418	0.7225806451612904	0.39336148813160154
236572128	[-56,16.0,40.0]	40.76198898	-73.89407033	0.04979101812083205	0.2560209098439119	0.22868861032827958	0.004421835604384418	0.7225806451612904	0.39336148813160154
240742969	[-62,3.0,59.0]	40.759611125	-73.89169439500002	0.04979101812083205	0.2560209098439119	0.22868861032827958	0.004421835604384418	0.7225806451612904	0.39336148813160154
375378868	[-82,25.0,57.0]	40.75769054285714	-73.8956303	0.04979101812083205	0.2560209098439119	0.22868861032827958	0.004421835604384418	0.7225806451612904	0.39336148813160154
296687393	[-12,17.0,-5.0]	40.77117437	-73.89412967000001	0.04979101812083205	0.2560209098439119	0.22868861032827958	0.004421835604384418	0.7225806451612904	0.39336148813160154
296687394	[-12,20.0,-8.0]	40.77154107142858	-73.8947039	0.04979101812083205	0.2560209098439119	0.22868861032827958	0.004421835604384418	0.7225806451612904	0.39336148813160154
296687402	[-13,14.0,-1.0]	40.77063380416667	-73.89360820416665	0.04979101812083205	0.2560209098439119	0.22868861032827958	0.004421835604384418	0.7225806451612904	0.39336148813160154
307958492	[-39,36.0,3.0]	40.76762744705882	-73.89764671176471	0.04979101812083205	0.2560209098439119	0.22868861032827958	0.004421835604384418	0.7225806451612904	0.39336148813160154
108329317	[16,5.0,-21.0]	40.77569425	-73.89203588999999	0.04979101812083205	0.2560209098439119	0.22868861032827958	0.004421835604384418	0.7225806451612904	0.39336148813160154
377285995	[-76,-9.0,85.0]	40.75544782222222	-73.88965631111111	0.04979101812083205	0.2560209098439119	0.22868861032827958	0.004421835604384418	0.7225806451612904	0.39336148813160154
377286000	[-74,-13.0,87.0]	40.75548945714286	-73.88887609999999	0.04979101812083205	0.2560209098439119	0.22868861032827958	0.004421835604384418	0.7225806451612904	0.39336148813160154
281374494	[-4,20.0,-16.0]	40.773090499999995	-73.89470892727273	0.04979101812083205	0.2560209098439119	0.22868861032827958	0.004421835604384418	0.7225806451612904	0.39336148813160154
250614014	[-99,29.0,70.0]	40.75463935384615	-73.89628311538462	0.04979101812083205	0.2560209098439119	0.22868861032827958	0.004421835604384418	0.7225806451612904	0.39336148813160154
502788522	[-48,56.0,-8.0]	40.76784428	-73.90112944	0.04979101812083205	0.2560209098439119	0.22868861032827958	0.004421835604384418	0.7225806451612904	0.39336148813160154
250615864	[-61,-4.0,65.0]	40.75900313571429	-73.89046546428573	0.04979101812083205	0.2560209098439119	0.22868861032827958	0.004421835604384418	0.7225806451612904	0.39336148813160154
250614659	[-92,18.0,74.0]	40.75494041428572	-73.89446911428571	0.04979101812083205	0.2560209098439119	0.22868861032827958	0.004421835604384418	0.7225806451612904	0.39336148813160154
240742954	[-64,7.0,57.0]	40.759474133333335	-73.89236838000001	0.04979101812083205	0.2560209098439119	0.22868861032827958	0.004421835604384418	0.7225806451612904	0.39336148813160154
250613773	[-73,-15.0,88.0]	40.75549443333334	-73.88857728333333	0.04979101812083205	0.2560209098439119	0.22868861032827958	0.004421835604384418	0.7225806451612904	0.39336148813160154
281377811	[-40,45.0,-5.0]	40.76834929090909	-73.89922992727273	0.04979101812083205	0.2560209098439119	0.22868861032827958	0.004421835604384418	0.7225806451612904	0.39336148813160154
281390869	[-41,-12.0,53.0]	40.76230603846154	-73.88901132307691	0.04979101812083205	0.2560209098439119	0.22868861032827958	0.004421835604384418	0.7225806451612904	0.39336148813160154
372087206	[-12,-31.0,43.0]	40.76624541111111	-73.88569705555557	0.04979101812083205	0.2560209098439119	0.22868861032827958	0.004421835604384418	0.7225806451612904	0.39336148813160154
250614620	250614620	0
92360522	250614620	2.0
375378870	250614620	1.0
236572124	250614620	3.0
236572125	250614620	2.0
502207853	250614620	3.0
502220924	250614620	2.0
220530396	250614620	5.0
615653559	250614620	4.0
615653560	250614620	4.0
220530392	250614620	5.0
220530394	250614620	5.0
375384465	250614620	3.0
502197952	250614620	4.0
502197953	250614620	4.0
502197954	250614620	3.0
502197955	250614620	3.0
502197957	250614620	4.0
502198843	250614620	4.0
527381457	250614620	3.0
220530395	250614620	4.0
220530391	250614620	4.0
220530393	250614620	4.0
220530400	250614620	4.0
250614653	250614620	2.0
281390868	250614620	3.0
281378533	250614620	4.0
281390870	250614620	3.0
250613656	250614620	1.0
377030564	250614620	1.0
377032862	250614620	0.0
377121562	250614620	1.0
377121565	250614620	1.0
377121567	250614620	0.0
377121568	250614620	1.0
236571025	250614620	3.0
236571037	250614620	4.0
236572126	250614620	3.0
236572128	250614620	3.0
240742969	250614620	2.0
375378868	250614620	2.0
296687393	250614620	4.0
296687394	250614620	4.0
296687402	250614620	4.0
307958492	250614620	4.0
108329317	250614620	5.0
377285995	250614620	2.0
377286000	250614620	2.0
281374494	250614620	4.0
250614014	250614620	1.0
502788522	250614620	4.0
250615864	250614620	2.0
250614659	250614620	0.0
240742954	250614620	2.0
250613773	250614620	2.0
281377811	250614620	4.0
281390869	250614620	3.0
372087206	250614620	4.0
92360522	92360522	0
375378870	92360522	0.0
236572124	92360522	2.0
236572125	92360522	2.0
502207853	92360522	3.0
502220924	92360522	2.0
220530396	92360522	5.0
615653559	92360522	4.0
615653560	92360522	4.0
220530392	92360522	5.0
220530394	92360522	5.0
375384465	92360522	3.0
502197952	92360522	3.0
502197953	92360522	4.0
502197954	92360522	3.0
502197955	92360522	3.0
502197957	92360522	4.0
502198843	92360522	4.0
527381457	92360522	3.0
220530395	92360522	4.0
220530391	92360522	4.0
220530393	92360522	4.0
220530400	92360522	4.0
250614653	92360522	0.0
281390868	92360522	2.0
281378533	92360522	4.0
281390870	92360522	3.0
250613656	92360522	2.0
377030564	92360522	2.0
377032862	92360522	2.0
377121562	92360522	2.0
377121565	92360522	2.0
377121567	92360522	2.0
377121568	92360522	2.0
236571025	92360522	2.0
236571037	92360522	3.0
236572126	92360522	2.0
236572128	92360522	2.0
240742969	92360522	2.0
375378868	92360522	0.0
296687393	92360522	4.0
296687394	92360522	4.0
296687402	92360522	4.0
307958492	92360522	4.0
108329317	92360522	4.0
377285995	92360522	2.0
377286000	92360522	3.0
281374494	92360522	4.0
250614014	92360522	2.0
502788522	92360522	4.0
250615864	92360522	2.0
250614659	92360522	2.0
240742954	92360522	2.0
250613773	92360522	3.0
281377811	92360522	4.0
281390869	92360522	3.0
372087206	92360522	4.0
375378870	375378870	0
236572124	375378870	2.0
236572125	375378870	2.0
502207853	375378870	3.0
502220924	375378870	2.0
220530396	375378870	5.0
615653559	375378870	4.0
615653560	375378870	4.0
220530392	375378870	4.0
220530394	375378870	5.0
375384465	375378870	3.0
502197952	375378870	3.0
502197953	375378870	3.0
502197954	375378870	3.0
502197955	375378870	3.0
502197957	375378870	3.0
502198843	375378870	3.0
527381457	375378870	3.0
220530395	375378870	4.0
220530391	375378870	4.0
220530393	375378870	4.0
220530400	375378870	4.0
250614653	375378870	0.0
281390868	375378870	2.0
281378533	375378870	4.0
281390870	375378870	3.0
250613656	375378870	1.0
377030564	375378870	2.0
377032862	375378870	1.0
377121562	375378870	2.0
377121565	375378870	1.0
377121567	375378870	1.0
377121568	375378870	2.0
236571025	375378870	2.0
236571037	375378870	3.0
236572126	375378870	2.0
236572128	375378870	2.0
240742969	375378870	2.0
375378868	375378870	0.0
296687393	375378870	4.0
296687394	375378870	4.0
296687402	375378870	4.0
307958492	375378870	4.0
108329317	375378870	4.0
377285995	375378870	2.0
377286000	375378870	2.0
281374494	375378870	4.0
250614014	375378870	2.0
502788522	375378870	4.0
250615864	375378870	2.0
250614659	375378870	1.0
240742954	375378870	2.0
250613773	375378870	2.0
281377811	375378870	4.0
281390869	375378870	3.0
372087206	375378870	4.0
236572124	236572124	0
236572125	236572124	1.0
502207853	236572124	1.0
502220924	236572124	1.0
220530396	236572124	4.0
615653559	236572124	4.0
615653560	236572124	4.0
220530392	236572124	4.0
220530394	236572124	4.0
375384465	236572124	2.0
502197952	236572124	3.0
502197953	236572124	3.0
502197954	236572124	3.0
502197955	236572124	3.0
502197957	236572124	3.0
502198843	236572124	3.0
527381457	236572124	2.0
220530395	236572124	4.0
220530391	236572124	4.0
220530393	236572124	4.0
220530400	236572124	4.0
250614653	236572124	2.0
281390868	236572124	1.0
281378533	236572124	4.0
281390870	236572124	2.0
250613656	236572124	3.0
377030564	236572124	3.0
377032862	236572124	3.0
377121562	236572124	3.0
377121565	236572124	3.0
377121567	236572124	3.0
377121568	236572124	3.0
236571025	236572124	1.0
236571037	236572124	2.0
236572126	236572124	1.0
236572128	236572124	0.0
240742969	236572124	2.0
375378868	236572124	2.0
296687393	236572124	4.0
296687394	236572124	4.0
296687402	236572124	4.0
307958492	236572124	4.0
108329317	236572124	4.0
377285995	236572124	3.0
377286000	236572124	3.0
281374494	236572124	4.0
250614014	236572124	3.0
502788522	236572124	4.0
250615864	236572124	2.0
250614659	236572124	3.0
240742954	236572124	2.0
250613773	236572124	3.0
281377811	236572124	4.0
281390869	236572124	2.0
372087206	236572124	3.0
236572125	236572125	0
502207853	236572125	2.0
502220924	236572125	0.0
220530396	236572125	4.0
615653559	236572125	4.0
615653560	236572125	4.0
220530392	236572125	4.0
220530394	236572125	4.0
375384465	236572125	2.0
502197952	236572125	3.0
502197953	236572125	3.0
502197954	236572125	3.0
502197955	236572125	3.0
502197957	236572125	3.0
502198843	236572125	3.0
527381457	236572125	2.0
220530395	236572125	4.0
220530391	236572125	4.0
220530393	236572125	4.0
220530400	236572125	4.0
250614653	236572125	2.0
281390868	236572125	2.0
281378533	236572125	4.0
281390870	236572125	2.0
250613656	236572125	2.0
377030564	236572125	3.0
377032862	236572125	2.0
377121562	236572125	3.0
377121565	236572125	3.0
377121567	236572125	2.0
377121568	236572125	3.0
236571025	236572125	1.0
236571037	236572125	2.0
236572126	236572125	2.0
236572128	236572125	1.0
240742969	236572125	2.0
375378868	236572125	2.0
296687393	236572125	4.0
296687394	236572125	4.0
296687402	236572125	4.0
307958492	236572125	4.0
108329317	236572125	4.0
377285995	236572125	3.0
377286000	236572125	3.0
281374494	236572125	4.0
250614014	236572125	3.0
502788522	236572125	4.0
250615864	236572125	2.0
250614659	236572125	3.0
240742954	236572125	2.0
250613773	236572125	3.0
281377811	236572125	4.0
281390869	236572125	2.0
372087206	236572125	4.0
502207853	502207853	0
502220924	502207853	1.0
220530396	502207853	4.0
615653559	502207853	4.0
615653560	502207853	4.0
220530392	502207853	4.0
220530394	502207853	4.0
375384465	502207853	1.0
502197952	502207853	3.0
502197953	502207853	3.0
502197954	502207853	3.0
502197955	502207853	3.0
502197957	502207853	3.0
502198843	502207853	3.0
527381457	502207853	2.0
220530395	502207853	4.0
220530391	502207853	4.0
220530393	502207853	4.0
220530400	502207853	4.0
250614653	502207853	3.0
281390868	502207853	1.0
281378533	502207853	4.0
281390870	502207853	2.0
250613656	502207853	3.0
377030564	502207853	3.0
377032862	502207853	3.0
377121562	502207853	3.0
377121565	502207853	3.0
377121567	502207853	3.0
377121568	502207853	3.0
236571025	502207853	2.0
236571037	502207853	1.0
236572126	502207853	1.0
236572128	502207853	1.0
240742969	502207853	2.0
375378868	502207853	3.0
296687393	502207853	3.0
296687394	502207853	4.0
296687402	502207853	3.0
307958492	502207853	3.0
108329317	502207853	4.0
377285995	502207853	3.0
377286000	502207853	3.0
281374494	502207853	4.0
250614014	502207853	3.0
502788522	502207853	4.0
250615864	502207853	2.0
250614659	502207853	3.0
240742954	502207853	2.0
250613773	502207853	3.0
281377811	502207853	4.0
281390869	502207853	2.0
372087206	502207853	3.0
502220924	502220924	0
220530396	502220924	5.0
615653559	502220924	4.0
615653560	502220924	4.0
220530392	502220924	4.0
220530394	502220924	4.0
375384465	502220924	2.0
502197952	502220924	3.0
502197953	502220924	3.0
502197954	502220924	3.0
502197955	502220924	3.0
502197957	502220924	3.0
502198843	502220924	3.0
527381457	502220924	2.0
220530395	502220924	4.0
220530391	502220924	4.0
220530393	502220924	4.0
220530400	502220924	4.0
250614653	502220924	2.0
281390868	502220924	2.0
281378533	502220924	4.0
281390870	502220924	2.0
250613656	502220924	2.0
377030564	502220924	3.0
377032862	502220924	2.0
377121562	502220924	3.0
377121565	502220924	3.0
377121567	502220924	2.0
377121568	502220924	3.0
236571025	502220924	1.0
236571037	502220924	2.0
236572126	502220924	2.0
236572128	502220924	1.0
240742969	502220924	2.0
375378868	502220924	2.0
296687393	502220924	4.0
296687394	502220924	4.0
296687402	502220924	4.0
307958492	502220924	4.0
108329317	502220924	4.0
377285995	502220924	3.0
377286000	502220924	3.0
281374494	502220924	4.0
250614014	502220924	3.0
502788522	502220924	4.0
250615864	502220924	2.0
250614659	502220924	3.0
240742954	502220924	2.0
250613773	502220924	3.0
281377811	502220924	4.0
281390869	502220924	2.0
372087206	502220924	4.0
220530396	220530396	0
615653559	220530396	3.0
615653560	220530396	3.0
220530392	220530396	0.0
220530394	220530396	0.0
375384465	220530396	4.0
502197952	220530396	4.0
502197953	220530396	4.0
502197954	220530396	4.0
502197955	220530396	4.0
502197957	220530396	4.0
502198843	220530396	4.0
527381457	220530396	4.0
220530395	220530396	2.0
220530391	220530396	2.0
220530393	220530396	2.0
220530400	220530396	1.0
250614653	220530396	5.0
281390868	220530396	4.0
281378533	220530396	3.0
281390870	220530396	4.0
250613656	220530396	4.0
377030564	220530396	5.0
377032862	220530396	5.0
377121562	220530396	5.0
377121565	220530396	5.0
377121567	220530396	5.0
377121568	220530396	4.0
236571025	220530396	4.0
236571037	220530396	4.0
236572126	220530396	4.0
236572128	220530396	4.0
240742969	220530396	4.0
375378868	220530396	5.0
296687393	220530396	3.0
296687394	220530396	3.0
296687402	220530396	3.0
307958492	220530396	4.0
108329317	220530396	3.0
377285995	220530396	4.0
377286000	220530396	4.0
281374494	220530396	3.0
250614014	220530396	5.0
502788522	220530396	4.0
250615864	220530396	4.0
250614659	220530396	5.0
240742954	220530396	4.0
250613773	220530396	4.0
281377811	220530396	4.0
281390869	220530396	4.0
372087206	220530396	4.0
615653559	615653559	0
615653560	615653559	0.0
220530392	615653559	3.0
220530394	615653559	3.0
375384465	615653559	4.0
502197952	615653559	3.0
502197953	615653559	4.0
502197954	615653559	3.0
502197955	615653559	4.0
502197957	615653559	4.0
502198843	615653559	4.0
527381457	615653559	3.0
220530395	615653559	3.0
220530391	615653559	3.0
220530393	615653559	3.0
220530400	615653559	3.0
250614653	615653559	4.0
281390868	615653559	4.0
281378533	615653559	0.0
281390870	615653559	3.0
250613656	615653559	4.0
377030564	615653559	4.0
377032862	615653559	4.0
377121562	615653559	4.0
377121565	615653559	4.0
377121567	615653559	4.0
377121568	615653559	4.0
236571025	615653559	4.0
236571037	615653559	3.0
236572126	615653559	4.0
236572128	615653559	4.0
240742969	615653559	4.0
375378868	615653559	4.0
296687393	615653559	2.0
296687394	615653559	1.0
296687402	615653559	1.0
307958492	615653559	2.0
108329317	615653559	3.0
377285995	615653559	4.0
377286000	615653559	4.0
281374494	615653559	2.0
250614014	615653559	4.0
502788522	615653559	2.0
250615864	615653559	4.0
250614659	615653559	4.0
240742954	615653559	4.0
250613773	615653559	4.0
281377811	615653559	2.0
281390869	615653559	3.0
372087206	615653559	3.0
615653560	615653560	0
220530392	615653560	3.0
220530394	615653560	3.0
375384465	615653560	4.0
502197952	615653560	3.0
502197953	615653560	4.0
502197954	615653560	3.0
502197955	615653560	4.0
502197957	615653560	4.0
502198843	615653560	4.0
527381457	615653560	3.0
220530395	615653560	3.0
220530391	615653560	3.0
220530393	615653560	3.0
220530400	615653560	3.0
250614653	615653560	4.0
281390868	615653560	4.0
281378533	615653560	0.0
281390870	615653560	3.0
250613656	615653560	4.0
377030564	615653560	4.0
377032862	615653560	4.0
377121562	615653560	4.0
377121565	615653560	4.0
377121567	615653560	4.0
377121568	615653560	4.0
236571025	615653560	4.0
236571037	615653560	3.0
236572126	615653560	4.0
236572128	615653560	4.0
240742969	615653560	4.0
375378868	615653560	4.0
296687393	615653560	2.0
296687394	615653560	1.0
296687402	615653560	1.0
307958492	615653560	2.0
108329317	615653560	2.0
377285995	615653560	4.0
377286000	615653560	4.0
281374494	615653560	2.0
250614014	615653560	4.0
502788522	615653560	2.0
250615864	615653560	4.0
250614659	615653560	4.0
240742954	615653560	4.0
250613773	615653560	4.0
281377811	615653560	2.0
281390869	615653560	3.0
372087206	615653560	3.0
220530392	220530392	0
220530394	220530392	0.0
375384465	220530392	4.0
502197952	220530392	4.0
502197953	220530392	4.0
502197954	220530392	4.0
502197955	220530392	4.0
502197957	220530392	4.0
502198843	220530392	4.0
527381457	220530392	4.0
220530395	220530392	2.0
220530391	220530392	2.0
220530393	220530392	1.0
220530400	220530392	1.0
250614653	220530392	5.0
281390868	220530392	4.0
281378533	220530392	3.0
281390870	220530392	4.0
250613656	220530392	4.0
377030564	220530392	5.0
377032862	220530392	5.0
377121562	220530392	4.0
377121565	220530392	4.0
377121567	220530392	5.0
377121568	220530392	4.0
236571025	220530392	4.0
236571037	220530392	4.0
236572126	220530392	4.0
236572128	220530392	4.0
240742969	220530392	4.0
375378868	220530392	4.0
296687393	220530392	3.0
296687394	220530392	3.0
296687402	220530392	3.0
307958492	220530392	4.0
108329317	220530392	3.0
377285995	220530392	4.0
377286000	220530392	4.0
281374494	220530392	3.0
250614014	220530392	5.0
502788522	220530392	4.0
250615864	220530392	4.0
250614659	220530392	5.0
240742954	220530392	4.0
250613773	220530392	4.0
281377811	220530392	4.0
281390869	220530392	4.0
372087206	220530392	3.0
220530394	220530394	0
375384465	220530394	4.0
502197952	220530394	4.0
502197953	220530394	4.0
502197954	220530394	4.0
502197955	220530394	4.0
502197957	220530394	4.0
502198843	220530394	4.0
527381457	220530394	4.0
220530395	220530394	2.0
220530391	220530394	2.0
220530393	220530394	2.0
220530400	220530394	1.0
250614653	220530394	5.0
281390868	220530394	4.0
281378533	220530394	3.0
281390870	220530394	4.0
250613656	220530394	4.0
377030564	220530394	5.0
377032862	220530394	5.0
377121562	220530394	5.0
377121565	220530394	4.0
377121567	220530394	5.0
377121568	220530394	4.0
236571025	220530394	4.0
236571037	220530394	4.0
236572126	220530394	4.0
236572128	220530394	4.0
240742969	220530394	4.0
375378868	220530394	5.0
296687393	220530394	3.0
296687394	220530394	3.0
296687402	220530394	3.0
307958492	220530394	4.0
108329317	220530394	3.0
377285995	220530394	4.0
377286000	220530394	4.0
281374494	220530394	3.0
250614014	220530394	5.0
502788522	220530394	4.0
250615864	220530394	4.0
250614659	220530394	5.0
240742954	220530394	4.0
250613773	220530394	4.0
281377811	220530394	4.0
281390869	220530394	4.0
372087206	220530394	4.0
375384465	375384465	0
502197952	375384465	3.0
502197953	375384465	2.0
502197954	375384465	3.0
502197955	375384465	2.0
502197957	375384465	2.0
502198843	375384465	2.0
527381457	375384465	1.0
220530395	375384465	4.0
220530391	375384465	4.0
220530393	375384465	4.0
220530400	375384465	4.0
250614653	375384465	3.0
281390868	375384465	2.0
281378533	375384465	4.0
281390870	375384465	1.0
250613656	375384465	3.0
377030564	375384465	3.0
377032862	375384465	3.0
377121562	375384465	3.0
377121565	375384465	3.0
377121567	375384465	3.0
377121568	375384465	3.0
236571025	375384465	2.0
236571037	375384465	3.0
236572126	375384465	2.0
236572128	375384465	2.0
240742969	375384465	1.0
375378868	375384465	3.0
296687393	375384465	4.0
296687394	375384465	4.0
296687402	375384465	4.0
307958492	375384465	4.0
108329317	375384465	4.0
377285995	375384465	2.0
377286000	375384465	2.0
281374494	375384465	4.0
250614014	375384465	3.0
502788522	375384465	4.0
250615864	375384465	2.0
250614659	375384465	3.0
240742954	375384465	2.0
250613773	375384465	2.0
281377811	375384465	4.0
281390869	375384465	1.0
372087206	375384465	3.0
502197952	502197952	0
502197953	502197952	1.0
502197954	502197952	0.0
502197955	502197952	0.0
502197957	502197952	1.0
502198843	502197952	1.0
527381457	502197952	2.0
220530395	502197952	3.0
220530391	502197952	3.0
220530393	502197952	4.0
220530400	502197952	4.0
250614653	502197952	3.0
281390868	502197952	3.0
281378533	502197952	3.0
281390870	502197952	2.0
250613656	502197952	3.0
377030564	502197952	4.0
377032862	502197952	4.0
377121562	502197952	3.0
377121565	502197952	3.0
377121567	502197952	4.0
377121568	502197952	3.0
236571025	502197952	3.0
236571037	502197952	3.0
236572126	502197952	3.0
236572128	502197952	3.0
240742969	502197952	3.0
375378868	502197952	3.0
296687393	502197952	4.0
296687394	502197952	4.0
296687402	502197952	3.0
307958492	502197952	4.0
108329317	502197952	4.0
377285995	502197952	3.0
377286000	502197952	3.0
281374494	502197952	4.0
250614014	502197952	4.0
502788522	502197952	4.0
250615864	502197952	3.0
250614659	502197952	4.0
240742954	502197952	3.0
250613773	502197952	3.0
281377811	502197952	4.0
281390869	502197952	2.0
372087206	502197952	3.0
502197953	502197953	0
502197954	502197953	1.0
502197955	502197953	0.0
502197957	502197953	0.0
502198843	502197953	0.0
527381457	502197953	3.0
220530395	502197953	3.0
220530391	502197953	4.0
220530393	502197953	4.0
220530400	502197953	4.0
250614653	502197953	4.0
281390868	502197953	3.0
281378533	502197953	4.0
281390870	502197953	3.0
250613656	502197953	4.0
377030564	502197953	4.0
377032862	502197953	4.0
377121562	502197953	3.0
377121565	502197953	3.0
377121567	502197953	4.0
377121568	502197953	3.0
236571025	502197953	3.0
236571037	502197953	3.0
236572126	502197953	3.0
236572128	502197953	3.0
240742969	502197953	3.0
375378868	502197953	4.0
296687393	502197953	3.0
296687394	502197953	4.0
296687402	502197953	3.0
307958492	502197953	3.0
108329317	502197953	4.0
377285995	502197953	3.0
377286000	502197953	3.0
281374494	502197953	4.0
250614014	502197953	4.0
502788522	502197953	4.0
250615864	502197953	3.0
250614659	502197953	4.0
240742954	502197953	3.0
250613773	502197953	3.0
281377811	502197953	4.0
281390869	502197953	3.0
372087206	502197953	2.0
502197954	502197954	0
502197955	502197954	0.0
502197957	502197954	1.0
502198843	502197954	1.0
527381457	502197954	2.0
220530395	502197954	3.0
220530391	502197954	3.0
220530393	502197954	4.0
220530400	502197954	4.0
250614653	502197954	3.0
281390868	502197954	3.0
281378533	502197954	3.0
281390870	502197954	2.0
250613656	502197954	3.0
377030564	502197954	4.0
377032862	502197954	4.0
377121562	502197954	3.0
377121565	502197954	3.0
377121567	502197954	3.0
377121568	502197954	3.0
236571025	502197954	3.0
236571037	502197954	3.0
236572126	502197954	3.0
236572128	502197954	3.0
240742969	502197954	3.0
375378868	502197954	3.0
296687393	502197954	4.0
296687394	502197954	4.0
296687402	502197954	3.0
307958492	502197954	4.0
108329317	502197954	4.0
377285995	502197954	3.0
377286000	502197954	3.0
281374494	502197954	4.0
250614014	502197954	4.0
502788522	502197954	4.0
250615864	502197954	3.0
250614659	502197954	4.0
240742954	502197954	3.0
250613773	502197954	3.0
281377811	502197954	4.0
281390869	502197954	2.0
372087206	502197954	3.0
502197955	502197955	0
502197957	502197955	0.0
502198843	502197955	0.0
527381457	502197955	2.0
220530395	502197955	4.0
220530391	502197955	4.0
220530393	502197955	4.0
220530400	502197955	4.0
250614653	502197955	3.0
281390868	502197955	3.0
281378533	502197955	4.0
281390870	502197955	2.0
250613656	502197955	3.0
377030564	502197955	4.0
377032862	502197955	4.0
377121562	502197955	3.0
377121565	502197955	3.0
377121567	502197955	3.0
377121568	502197955	3.0
236571025	502197955	3.0
236571037	502197955	3.0
236572126	502197955	3.0
236572128	502197955	3.0
240742969	502197955	2.0
375378868	502197955	3.0
296687393	502197955	4.0
296687394	502197955	4.0
296687402	502197955	4.0
307958492	502197955	4.0
108329317	502197955	4.0
377285995	502197955	3.0
377286000	502197955	3.0
281374494	502197955	4.0
250614014	502197955	4.0
502788522	502197955	4.0
250615864	502197955	3.0
250614659	502197955	4.0
240742954	502197955	3.0
250613773	502197955	3.0
281377811	502197955	4.0
281390869	502197955	2.0
372087206	502197955	2.0
502197957	502197957	0
502198843	502197957	0.0
527381457	502197957	3.0
220530395	502197957	3.0
220530391	502197957	3.0
220530393	502197957	4.0
220530400	502197957	4.0
250614653	502197957	4.0
281390868	502197957	3.0
281378533	502197957	3.0
281390870	502197957	3.0
250613656	502197957	4.0
377030564	502197957	4.0
377032862	502197957	4.0
377121562	502197957	3.0
377121565	502197957	4.0
377121567	502197957	4.0
377121568	502197957	3.0
236571025	502197957	3.0
236571037	502197957	3.0
236572126	502197957	3.0
236572128	502197957	3.0
240742969	502197957	3.0
375378868	502197957	4.0
296687393	502197957	3.0
296687394	502197957	4.0
296687402	502197957	3.0
307958492	502197957	3.0
108329317	502197957	4.0
377285995	502197957	3.0
377286000	502197957	3.0
281374494	502197957	4.0
250614014	502197957	4.0
502788522	502197957	4.0
250615864	502197957	3.0
250614659	502197957	4.0
240742954	502197957	3.0
250613773	502197957	3.0
281377811	502197957	4.0
281390869	502197957	3.0
372087206	502197957	2.0
502198843	502198843	0
527381457	502198843	3.0
220530395	502198843	3.0
220530391	502198843	3.0
220530393	502198843	4.0
220530400	502198843	4.0
250614653	502198843	3.0
281390868	502198843	3.0
281378533	502198843	3.0
281390870	502198843	3.0
250613656	502198843	3.0
377030564	502198843	4.0
377032862	502198843	4.0
377121562	502198843	3.0
377121565	502198843	4.0
377121567	502198843	4.0
377121568	502198843	3.0
236571025	502198843	3.0
236571037	502198843	3.0
236572126	502198843	3.0
236572128	502198843	3.0
240742969	502198843	3.0
375378868	502198843	4.0
296687393	502198843	3.0
296687394	502198843	4.0
296687402	502198843	3.0
307958492	502198843	3.0
108329317	502198843	4.0
377285995	502198843	3.0
377286000	502198843	3.0
281374494	502198843	4.0
250614014	502198843	4.0
502788522	502198843	4.0
250615864	502198843	3.0
250614659	502198843	4.0
240742954	502198843	3.0
250613773	502198843	3.0
281377811	502198843	4.0
281390869	502198843	3.0
372087206	502198843	2.0
527381457	527381457	0
220530395	527381457	4.0
220530391	527381457	4.0
220530393	527381457	4.0
220530400	527381457	4.0
250614653	527381457	3.0
281390868	527381457	2.0
281378533	527381457	3.0
281390870	527381457	0.0
250613656	527381457	3.0
377030564	527381457	4.0
377032862	527381457	3.0
377121562	527381457	3.0
377121565	527381457	3.0
377121567	527381457	3.0
377121568	527381457	3.0
236571025	527381457	2.0
236571037	527381457	3.0
236572126	527381457	2.0
236572128	527381457	2.0
240742969	527381457	1.0
375378868	527381457	3.0
296687393	527381457	3.0
296687394	527381457	4.0
296687402	527381457	3.0
307958492	527381457	3.0
108329317	527381457	4.0
377285995	527381457	2.0
377286000	527381457	3.0
281374494	527381457	4.0
250614014	527381457	4.0
502788522	527381457	4.0
250615864	527381457	2.0
250614659	527381457	4.0
240742954	527381457	2.0
250613773	527381457	3.0
281377811	527381457	4.0
281390869	527381457	0.0
372087206	527381457	3.0
220530395	220530395	0
220530391	220530395	0.0
220530393	220530395	0.0
220530400	220530395	1.0
250614653	220530395	4.0
281390868	220530395	4.0
281378533	220530395	2.0
281390870	220530395	4.0
250613656	220530395	4.0
377030564	220530395	5.0
377032862	220530395	4.0
377121562	220530395	4.0
377121565	220530395	4.0
377121567	220530395	4.0
377121568	220530395	4.0
236571025	220530395	4.0
236571037	220530395	4.0
236572126	220530395	4.0
236572128	220530395	4.0
240742969	220530395	4.0
375378868	220530395	4.0
296687393	220530395	2.0
296687394	220530395	2.0
296687402	220530395	2.0
307958492	220530395	3.0
108329317	220530395	2.0
377285995	220530395	4.0
377286000	220530395	4.0
281374494	220530395	2.0
250614014	220530395	5.0
502788522	220530395	4.0
250615864	220530395	4.0
250614659	220530395	4.0
240742954	220530395	4.0
250613773	220530395	4.0
281377811	220530395	3.0
281390869	220530395	4.0
372087206	220530395	3.0
220530391	220530391	0
220530393	220530391	0.0
220530400	220530391	0.0
250614653	220530391	4.0
281390868	220530391	4.0
281378533	220530391	3.0
281390870	220530391	4.0
250613656	220530391	4.0
377030564	220530391	5.0
377032862	220530391	4.0
377121562	220530391	4.0
377121565	220530391	4.0
377121567	220530391	4.0
377121568	220530391	4.0
236571025	220530391	4.0
236571037	220530391	4.0
236572126	220530391	4.0
236572128	220530391	4.0
240742969	220530391	4.0
375378868	220530391	4.0
296687393	220530391	2.0
296687394	220530391	2.0
296687402	220530391	2.0
307958492	220530391	3.0
108329317	220530391	2.0
377285995	220530391	4.0
377286000	220530391	4.0
281374494	220530391	2.0
250614014	220530391	5.0
502788522	220530391	4.0
250615864	220530391	4.0
250614659	220530391	4.0
240742954	220530391	4.0
250613773	220530391	4.0
281377811	220530391	4.0
281390869	220530391	4.0
372087206	220530391	3.0
220530393	220530393	0
220530400	220530393	0.0
250614653	220530393	4.0
281390868	220530393	4.0
281378533	220530393	3.0
281390870	220530393	4.0
250613656	220530393	4.0
377030564	220530393	5.0
377032862	220530393	4.0
377121562	220530393	4.0
377121565	220530393	4.0
377121567	220530393	4.0
377121568	220530393	4.0
236571025	220530393	4.0
236571037	220530393	4.0
236572126	220530393	4.0
236572128	220530393	4.0
240742969	220530393	4.0
375378868	220530393	4.0
296687393	220530393	2.0
296687394	220530393	2.0
296687402	220530393	2.0
307958492	220530393	3.0
108329317	220530393	2.0
377285995	220530393	4.0
377286000	220530393	4.0
281374494	220530393	2.0
250614014	220530393	5.0
502788522	220530393	4.0
250615864	220530393	4.0
250614659	220530393	4.0
240742954	220530393	4.0
250613773	220530393	4.0
281377811	220530393	4.0
281390869	220530393	4.0
372087206	220530393	3.0
220530400	220530400	0
250614653	220530400	4.0
281390868	220530400	4.0
281378533	220530400	3.0
281390870	220530400	4.0
250613656	220530400	4.0
377030564	220530400	5.0
377032862	220530400	4.0
377121562	220530400	4.0
377121565	220530400	4.0
377121567	220530400	4.0
377121568	220530400	4.0
236571025	220530400	4.0
236571037	220530400	4.0
236572126	220530400	4.0
236572128	220530400	4.0
240742969	220530400	4.0
375378868	220530400	4.0
296687393	220530400	3.0
296687394	220530400	3.0
296687402	220530400	3.0
307958492	220530400	4.0
108329317	220530400	2.0
377285995	220530400	4.0
377286000	220530400	4.0
281374494	220530400	2.0
250614014	220530400	5.0
502788522	220530400	4.0
250615864	220530400	4.0
250614659	220530400	5.0
240742954	220530400	4.0
250613773	220530400	4.0
281377811	220530400	4.0
281390869	220530400	4.0
372087206	220530400	3.0
250614653	250614653	0
281390868	250614653	2.0
281378533	250614653	4.0
281390870	250614653	3.0
250613656	250614653	2.0
377030564	250614653	2.0
377032862	250614653	2.0
377121562	250614653	2.0
377121565	250614653	2.0
377121567	250614653	2.0
377121568	250614653	2.0
236571025	250614653	2.0
236571037	250614653	3.0
236572126	250614653	2.0
236572128	250614653	2.0
240742969	250614653	2.0
375378868	250614653	0.0
296687393	250614653	4.0
296687394	250614653	4.0
296687402	250614653	4.0
307958492	250614653	4.0
108329317	250614653	4.0
377285995	250614653	2.0
377286000	250614653	3.0
281374494	250614653	4.0
250614014	250614653	2.0
502788522	250614653	4.0
250615864	250614653	2.0
250614659	250614653	2.0
240742954	250614653	2.0
250613773	250614653	3.0
281377811	250614653	4.0
281390869	250614653	3.0
372087206	250614653	4.0
281390868	281390868	0
281378533	281390868	4.0
281390870	281390868	2.0
250613656	281390868	2.0
377030564	281390868	3.0
377032862	281390868	3.0
377121562	281390868	3.0
377121565	281390868	2.0
377121567	281390868	3.0
377121568	281390868	2.0
236571025	281390868	2.0
236571037	281390868	2.0
236572126	281390868	0.0
236572128	281390868	1.0
240742969	281390868	2.0
375378868	281390868	2.0
296687393	281390868	4.0
296687394	281390868	4.0
296687402	281390868	4.0
307958492	281390868	4.0
108329317	281390868	4.0
377285995	281390868	3.0
377286000	281390868	3.0
281374494	281390868	4.0
250614014	281390868	3.0
502788522	281390868	4.0
250615864	281390868	2.0
250614659	281390868	3.0
240742954	281390868	2.0
250613773	281390868	3.0
281377811	281390868	4.0
281390869	281390868	2.0
372087206	281390868	3.0
281378533	281378533	0
281390870	281378533	3.0
250613656	281378533	4.0
377030564	281378533	4.0
377032862	281378533	4.0
377121562	281378533	4.0
377121565	281378533	4.0
377121567	281378533	4.0
377121568	281378533	4.0
236571025	281378533	4.0
236571037	281378533	3.0
236572126	281378533	4.0
236572128	281378533	4.0
240742969	281378533	4.0
375378868	281378533	4.0
296687393	281378533	2.0
296687394	281378533	1.0
296687402	281378533	1.0
307958492	281378533	2.0
108329317	281378533	2.0
377285995	281378533	4.0
377286000	281378533	4.0
281374494	281378533	2.0
250614014	281378533	4.0
502788522	281378533	2.0
250615864	281378533	4.0
250614659	281378533	4.0
240742954	281378533	4.0
250613773	281378533	4.0
281377811	281378533	2.0
281390869	281378533	3.0
372087206	281378533	3.0
281390870	281390870	0
250613656	281390870	3.0
377030564	281390870	4.0
377032862	281390870	3.0
377121562	281390870	3.0
377121565	281390870	3.0
377121567	281390870	3.0
377121568	281390870	3.0
236571025	281390870	2.0
236571037	281390870	3.0
236572126	281390870	2.0
236572128	281390870	2.0
240742969	281390870	1.0
375378868	281390870	3.0
296687393	281390870	3.0
296687394	281390870	4.0
296687402	281390870	3.0
307958492	281390870	3.0
108329317	281390870	4.0
377285995	281390870	2.0
377286000	281390870	3.0
281374494	281390870	4.0
250614014	281390870	4.0
502788522	281390870	4.0
250615864	281390870	2.0
250614659	281390870	4.0
240742954	281390870	2.0
250613773	281390870	3.0
281377811	281390870	4.0
281390869	281390870	0.0
372087206	281390870	3.0
250613656	250613656	0
377030564	250613656	2.0
377032862	250613656	1.0
377121562	250613656	0.0
377121565	250613656	0.0
377121567	250613656	1.0
377121568	250613656	2.0
236571025	250613656	3.0
236571037	250613656	3.0
236572126	250613656	2.0
236572128	250613656	3.0
240742969	250613656	2.0
375378868	250613656	2.0
296687393	250613656	4.0
296687394	250613656	4.0
296687402	250613656	4.0
307958492	250613656	4.0
108329317	250613656	4.0
377285995	250613656	2.0
377286000	250613656	2.0
281374494	250613656	4.0
250614014	250613656	2.0
502788522	250613656	4.0
250615864	250613656	2.0
250614659	250613656	1.0
240742954	250613656	2.0
250613773	250613656	1.0
281377811	250613656	4.0
281390869	250613656	3.0
372087206	250613656	4.0
377030564	377030564	0
377032862	377030564	1.0
377121562	377030564	2.0
377121565	377030564	2.0
377121567	377030564	1.0
377121568	377030564	2.0
236571025	377030564	3.0
236571037	377030564	3.0
236572126	377030564	3.0
236572128	377030564	3.0
240742969	377030564	3.0
375378868	377030564	1.0
296687393	377030564	4.0
296687394	377030564	4.0
296687402	377030564	4.0
307958492	377030564	4.0
108329317	377030564	5.0
377285995	377030564	3.0
377286000	377030564	2.0
281374494	377030564	4.0
250614014	377030564	0.0
502788522	377030564	4.0
250615864	377030564	3.0
250614659	377030564	0.0
240742954	377030564	3.0
250613773	377030564	2.0
281377811	377030564	4.0
281390869	377030564	4.0
372087206	377030564	4.0
377032862	377032862	0
377121562	377032862	1.0
377121565	377032862	1.0
377121567	377032862	0.0
377121568	377032862	2.0
236571025	377032862	3.0
236571037	377032862	4.0
236572126	377032862	3.0
236572128	377032862	3.0
240742969	377032862	2.0
375378868	377032862	2.0
296687393	377032862	4.0
296687394	377032862	4.0
296687402	377032862	4.0
307958492	377032862	4.0
108329317	377032862	5.0
377285995	377032862	3.0
377286000	377032862	2.0
281374494	377032862	4.0
250614014	377032862	1.0
502788522	377032862	4.0
250615864	377032862	3.0
250614659	377032862	0.0
240742954	377032862	2.0
250613773	377032862	2.0
281377811	377032862	4.0
281390869	377032862	4.0
372087206	377032862	4.0
377121562	377121562	0
377121565	377121562	0.0
377121567	377121562	1.0
377121568	377121562	0.0
236571025	377121562	3.0
236571037	377121562	4.0
236572126	377121562	3.0
236572128	377121562	3.0
240742969	377121562	2.0
375378868	377121562	2.0
296687393	377121562	4.0
296687394	377121562	4.0
296687402	377121562	4.0
307958492	377121562	4.0
108329317	377121562	4.0
377285995	377121562	2.0
377286000	377121562	1.0
281374494	377121562	4.0
250614014	377121562	2.0
502788522	377121562	4.0
250615864	377121562	2.0
250614659	377121562	1.0
240742954	377121562	2.0
250613773	377121562	1.0
281377811	377121562	4.0
281390869	377121562	3.0
372087206	377121562	4.0
377121565	377121565	0
377121567	377121565	1.0
377121568	377121565	2.0
236571025	377121565	3.0
236571037	377121565	3.0
236572126	377121565	2.0
236572128	377121565	3.0
240742969	377121565	2.0
375378868	377121565	2.0
296687393	377121565	4.0
296687394	377121565	4.0
296687402	377121565	4.0
307958492	377121565	4.0
108329317	377121565	4.0
377285995	377121565	2.0
377286000	377121565	1.0
281374494	377121565	4.0
250614014	377121565	2.0
502788522	377121565	4.0
250615864	377121565	2.0
250614659	377121565	1.0
240742954	377121565	2.0
250613773	377121565	1.0
281377811	377121565	4.0
281390869	377121565	3.0
372087206	377121565	4.0
377121567	377121567	0
377121568	377121567	1.0
236571025	377121567	3.0
236571037	377121567	4.0
236572126	377121567	3.0
236572128	377121567	3.0
240742969	377121567	2.0
375378868	377121567	2.0
296687393	377121567	4.0
296687394	377121567	4.0
296687402	377121567	4.0
307958492	377121567	4.0
108329317	377121567	5.0
377285995	377121567	3.0
377286000	377121567	2.0
281374494	377121567	4.0
250614014	377121567	1.0
502788522	377121567	4.0
250615864	377121567	2.0
250614659	377121567	0.0
240742954	377121567	2.0
250613773	377121567	2.0
281377811	377121567	4.0
281390869	377121567	4.0
372087206	377121567	4.0
377121568	377121568	0
236571025	377121568	3.0
236571037	377121568	3.0
236572126	377121568	3.0
236572128	377121568	3.0
240742969	377121568	2.0
375378868	377121568	2.0
296687393	377121568	4.0
296687394	377121568	4.0
296687402	377121568	4.0
307958492	377121568	4.0
108329317	377121568	4.0
377285995	377121568	2.0
377286000	377121568	1.0
281374494	377121568	4.0
250614014	377121568	2.0
502788522	377121568	4.0
250615864	377121568	2.0
250614659	377121568	2.0
240742954	377121568	2.0
250613773	377121568	1.0
281377811	377121568	4.0
281390869	377121568	3.0
372087206	377121568	4.0
236571025	236571025	0
236571037	236571025	1.0
236572126	236571025	1.0
236572128	236571025	1.0
240742969	236571025	3.0
375378868	236571025	2.0
296687393	236571025	4.0
296687394	236571025	4.0
296687402	236571025	3.0
307958492	236571025	3.0
108329317	236571025	4.0
377285995	236571025	3.0
377286000	236571025	3.0
281374494	236571025	4.0
250614014	236571025	3.0
502788522	236571025	4.0
250615864	236571025	3.0
250614659	236571025	3.0
240742954	236571025	3.0
250613773	236571025	3.0
281377811	236571025	4.0
281390869	236571025	2.0
372087206	236571025	3.0
236571037	236571037	0
236572126	236571037	2.0
236572128	236571037	2.0
240742969	236571037	3.0
375378868	236571037	3.0
296687393	236571037	3.0
296687394	236571037	4.0
296687402	236571037	3.0
307958492	236571037	3.0
108329317	236571037	4.0
377285995	236571037	4.0
377286000	236571037	4.0
281374494	236571037	4.0
250614014	236571037	3.0
502788522	236571037	3.0
250615864	236571037	3.0
250614659	236571037	4.0
240742954	236571037	3.0
250613773	236571037	4.0
281377811	236571037	3.0
281390869	236571037	3.0
372087206	236571037	3.0
236572126	236572126	0
236572128	236572126	1.0
240742969	236572126	2.0
375378868	236572126	2.0
296687393	236572126	4.0
296687394	236572126	4.0
296687402	236572126	4.0
307958492	236572126	4.0
108329317	236572126	4.0
377285995	236572126	3.0
377286000	236572126	3.0
281374494	236572126	4.0
250614014	236572126	3.0
502788522	236572126	4.0
250615864	236572126	2.0
250614659	236572126	3.0
240742954	236572126	2.0
250613773	236572126	3.0
281377811	236572126	4.0
281390869	236572126	2.0
372087206	236572126	3.0
236572128	236572128	0
240742969	236572128	2.0
375378868	236572128	2.0
296687393	236572128	4.0
296687394	236572128	4.0
296687402	236572128	4.0
307958492	236572128	4.0
108329317	236572128	4.0
377285995	236572128	3.0
377286000	236572128	3.0
281374494	236572128	4.0
250614014	236572128	3.0
502788522	236572128	4.0
250615864	236572128	2.0
250614659	236572128	3.0
240742954	236572128	2.0
250613773	236572128	3.0
281377811	236572128	4.0
281390869	236572128	2.0
372087206	236572128	3.0
240742969	240742969	0
375378868	240742969	2.0
296687393	240742969	4.0
296687394	240742969	4.0
296687402	240742969	4.0
307958492	240742969	4.0
108329317	240742969	4.0
377285995	240742969	2.0
377286000	240742969	2.0
281374494	240742969	4.0
250614014	240742969	3.0
502788522	240742969	4.0
250615864	240742969	0.0
250614659	240742969	3.0
240742954	240742969	0.0
250613773	240742969	2.0
281377811	240742969	4.0
281390869	240742969	2.0
372087206	240742969	3.0
375378868	375378868	0
296687393	375378868	4.0
296687394	375378868	4.0
296687402	375378868	4.0
307958492	375378868	4.0
108329317	375378868	4.0
377285995	375378868	2.0
377286000	375378868	3.0
281374494	375378868	4.0
250614014	375378868	2.0
502788522	375378868	4.0
250615864	375378868	2.0
250614659	375378868	2.0
240742954	375378868	2.0
250613773	375378868	3.0
281377811	375378868	4.0
281390869	375378868	3.0
372087206	375378868	4.0
296687393	296687393	0
296687394	296687393	1.0
296687402	296687393	0.0
307958492	296687393	2.0
108329317	296687393	2.0
377285995	296687393	4.0
377286000	296687393	4.0
281374494	296687393	2.0
250614014	296687393	4.0
502788522	296687393	3.0
250615864	296687393	4.0
250614659	296687393	4.0
240742954	296687393	4.0
250613773	296687393	4.0
281377811	296687393	3.0
281390869	296687393	3.0
372087206	296687393	3.0
296687394	296687394	0
296687402	296687394	1.0
307958492	296687394	2.0
108329317	296687394	2.0
377285995	296687394	4.0
377286000	296687394	4.0
281374494	296687394	1.0
250614014	296687394	4.0
502788522	296687394	3.0
250615864	296687394	4.0
250614659	296687394	4.0
240742954	296687394	4.0
250613773	296687394	4.0
281377811	296687394	2.0
281390869	296687394	4.0
372087206	296687394	3.0
296687402	296687402	0
307958492	296687402	2.0
108329317	296687402	2.0
377285995	296687402	4.0
377286000	296687402	4.0
281374494	296687402	2.0
250614014	296687402	4.0
502788522	296687402	3.0
250615864	296687402	4.0
250614659	296687402	4.0
240742954	296687402	4.0
250613773	296687402	4.0
281377811	296687402	3.0
281390869	296687402	3.0
372087206	296687402	3.0
307958492	307958492	0
108329317	307958492	3.0
377285995	307958492	4.0
377286000	307958492	4.0
281374494	307958492	3.0
250614014	307958492	4.0
502788522	307958492	1.0
250615864	307958492	4.0
250614659	307958492	4.0
240742954	307958492	4.0
250613773	307958492	4.0
281377811	307958492	1.0
281390869	307958492	3.0
372087206	307958492	3.0
108329317	108329317	0
377285995	108329317	4.0
377286000	108329317	4.0
281374494	108329317	2.0
250614014	108329317	5.0
502788522	108329317	3.0
250615864	108329317	4.0
250614659	108329317	5.0
240742954	108329317	4.0
250613773	108329317	4.0
281377811	108329317	3.0
281390869	108329317	4.0
372087206	108329317	3.0
377285995	377285995	0
377286000	377285995	2.0
281374494	377285995	4.0
250614014	377285995	3.0
502788522	377285995	4.0
250615864	377285995	2.0
250614659	377285995	3.0
240742954	377285995	2.0
250613773	377285995	2.0
281377811	377285995	4.0
281390869	377285995	3.0
372087206	377285995	4.0
377286000	377286000	0
281374494	377286000	4.0
250614014	377286000	2.0
502788522	377286000	4.0
250615864	377286000	2.0
250614659	377286000	2.0
240742954	377286000	2.0
250613773	377286000	0.0
281377811	377286000	4.0
281390869	377286000	3.0
372087206	377286000	4.0
281374494	281374494	0
250614014	281374494	4.0
502788522	281374494	3.0
250615864	281374494	4.0
250614659	281374494	4.0
240742954	281374494	4.0
250613773	281374494	4.0
281377811	281374494	2.0
281390869	281374494	4.0
372087206	281374494	3.0
250614014	250614014	0
502788522	250614014	4.0
250615864	250614014	3.0
250614659	250614014	1.0
240742954	250614014	3.0
250613773	250614014	2.0
281377811	250614014	4.0
281390869	250614014	4.0
372087206	250614014	4.0
502788522	502788522	0
250615864	502788522	4.0
250614659	502788522	4.0
240742954	502788522	4.0
250613773	502788522	4.0
281377811	502788522	1.0
281390869	502788522	3.0
372087206	502788522	4.0
250615864	250615864	0
250614659	250615864	3.0
240742954	250615864	0.0
250613773	250615864	2.0
281377811	250615864	4.0
281390869	250615864	2.0
372087206	250615864	3.0
250614659	250614659	0
240742954	250614659	2.0
250613773	250614659	2.0
281377811	250614659	4.0
281390869	250614659	4.0
372087206	250614659	4.0
240742954	240742954	0
250613773	240742954	2.0
281377811	240742954	4.0
281390869	240742954	2.0
372087206	240742954	3.0
250613773	250613773	0
281377811	250613773	4.0
281390869	250613773	3.0
372087206	250613773	4.0
281377811	281377811	0
281390869	281377811	3.0
372087206	281377811	3.0
281390869	281390869	0
372087206	281390869	3.0
372087206	372087206	0
