281393940	[-28,55.0,-27.0]	40.76376774285715	-73.87855017142859	0.06342067205696073	0.21091563121112183	0.20260064630700295	0.0072651743287075994	0.7161290322580645	0.35358176844006484
281393947	[-32,68.0,-36.0]	40.764321362500006	-73.8809272375	0.06342067205696073	0.21091563121112183	0.20260064630700295	0.0072651743287075994	0.7161290322580645	0.35358176844006484
281396293	[-23,41.0,-18.0]	40.763426564705874	-73.87616107058824	0.06342067205696073	0.21091563121112183	0.20260064630700295	0.0072651743287075994	0.7161290322580645	0.35358176844006484
275608484	[-18,60.0,-42.0]	40.76637198	-73.87952436	0.06342067205696073	0.21091563121112183	0.20260064630700295	0.0072651743287075994	0.7161290322580645	0.35358176844006484
331211621	[-49,32.0,17.0]	40.757156178947376	-73.87443314210527	0.06342067205696073	0.21091563121112183	0.20260064630700295	0.0072651743287075994	0.7161290322580645	0.35358176844006484
42506449	[2,8.0,-10.0]	40.76516724	-73.87018662	0.06342067205696073	0.21091563121112183	0.20260064630700295	0.0072651743287075994	0.7161290322580645	0.35358176844006484
42506457	[4,11.0,-15.0]	40.76576494	-73.87086448000001	0.06342067205696073	0.21091563121112183	0.20260064630700295	0.0072651743287075994	0.7161290322580645	0.35358176844006484
385307448	[1,12.0,-13.0]	40.76532076	-73.87100084	0.06342067205696073	0.21091563121112183	0.20260064630700295	0.0072651743287075994	0.7161290322580645	0.35358176844006484
385307450	[2,9.0,-11.0]	40.765177040000005	-73.87042456	0.06342067205696073	0.21091563121112183	0.20260064630700295	0.0072651743287075994	0.7161290322580645	0.35358176844006484
385307454	[1,10.0,-11.0]	40.76515606	-73.87067444	0.06342067205696073	0.21091563121112183	0.20260064630700295	0.0072651743287075994	0.7161290322580645	0.35358176844006484
385307455	[2,7.0,-9.0]	40.76498132	-73.87008136	0.06342067205696073	0.21091563121112183	0.20260064630700295	0.0072651743287075994	0.7161290322580645	0.35358176844006484
385307456	[1,8.0,-9.0]	40.76496838	-73.87023134	0.06342067205696073	0.21091563121112183	0.20260064630700295	0.0072651743287075994	0.7161290322580645	0.35358176844006484
385307457	[1,16.0,-17.0]	40.76568794	-73.87166547999999	0.06342067205696073	0.21091563121112183	0.20260064630700295	0.0072651743287075994	0.7161290322580645	0.35358176844006484
385307461	[1,8.0,-9.0]	40.76495482	-73.8703812	0.06342067205696073	0.21091563121112183	0.20260064630700295	0.0072651743287075994	0.7161290322580645	0.35358176844006484
385307453	[3,15.0,-18.0]	40.76608177999999	-73.87151838	0.06342067205696073	0.21091563121112183	0.20260064630700295	0.0072651743287075994	0.7161290322580645	0.35358176844006484
385307460	[3,14.0,-17.0]	40.7659465	-73.87147254	0.06342067205696073	0.21091563121112183	0.20260064630700295	0.0072651743287075994	0.7161290322580645	0.35358176844006484
250600037	[-56,55.0,1.0]	40.75801252857142	-73.87864551785715	0.06342067205696073	0.21091563121112183	0.20260064630700295	0.0072651743287075994	0.7161290322580645	0.35358176844006484
281393817	[-19,76.0,-57.0]	40.76785344666666	-73.88234413777776	0.06342067205696073	0.21091563121112183	0.20260064630700295	0.0072651743287075994	0.7161290322580645	0.35358176844006484
250602932	[-45,33.0,12.0]	40.75801227666666	-73.87468959666668	0.06342067205696073	0.21091563121112183	0.20260064630700295	0.0072651743287075994	0.7161290322580645	0.35358176844006484
281403311	[-1,14.0,-13.0]	40.76502854444445	-73.87134414999998	0.06342067205696073	0.21091563121112183	0.20260064630700295	0.0072651743287075994	0.7161290322580645	0.35358176844006484
284728551	[-20,18.0,2.0]	40.76162161944445	-73.87194323611112	0.06342067205696073	0.21091563121112183	0.20260064630700295	0.0072651743287075994	0.7161290322580645	0.35358176844006484
377161285	[-62,54.0,8.0]	40.75676811111111	-73.87852676666668	0.06342067205696073	0.21091563121112183	0.20260064630700295	0.0072651743287075994	0.7161290322580645	0.35358176844006484
275609291	[-36,71.0,-35.0]	40.76378783333334	-73.88146793333333	0.06342067205696073	0.21091563121112183	0.20260064630700295	0.0072651743287075994	0.7161290322580645	0.35358176844006484
367689955	[-32,59.0,-27.0]	40.7633541	-73.87938058	0.06342067205696073	0.21091563121112183	0.20260064630700295	0.0072651743287075994	0.7161290322580645	0.35358176844006484
367691249	[-35,68.0,-33.0]	40.763760680000004	-73.88094168	0.06342067205696073	0.21091563121112183	0.20260064630700295	0.0072651743287075994	0.7161290322580645	0.35358176844006484
502776631	[-29,50.0,-21.0]	40.763068193333346	-73.87774930666667	0.06342067205696073	0.21091563121112183	0.20260064630700295	0.0072651743287075994	0.7161290322580645	0.35358176844006484
236001561	[-21,79.0,-58.0]	40.7676443	-73.8841519076923	0.06342067205696073	0.21091563121112183	0.20260064630700295	0.0072651743287075994	0.7161290322580645	0.35358176844006484
275608451	[-14,62.0,-48.0]	40.76738964	-73.87984979333334	0.06342067205696073	0.21091563121112183	0.20260064630700295	0.0072651743287075994	0.7161290322580645	0.35358176844006484
275608481	[-18,62.0,-44.0]	40.7665103	-73.87982282222222	0.06342067205696073	0.21091563121112183	0.20260064630700295	0.0072651743287075994	0.7161290322580645	0.35358176844006484
275609077	[-13,69.0,-56.0]	40.768218024999996	-73.881141975	0.06342067205696073	0.21091563121112183	0.20260064630700295	0.0072651743287075994	0.7161290322580645	0.35358176844006484
275609101	[-20,77.0,-57.0]	40.76760844444445	-73.88250937777778	0.06342067205696073	0.21091563121112183	0.20260064630700295	0.0072651743287075994	0.7161290322580645	0.35358176844006484
275609108	[-20,79.0,-59.0]	40.76788401818182	-73.8830133	0.06342067205696073	0.21091563121112183	0.20260064630700295	0.0072651743287075994	0.7161290322580645	0.35358176844006484
385279566	[-8,60.0,-52.0]	40.768373294444444	-73.87947728888889	0.06342067205696073	0.21091563121112183	0.20260064630700295	0.0072651743287075994	0.7161290322580645	0.35358176844006484
377161289	[-57,44.0,13.0]	40.756754883333336	-73.87658545000001	0.06342067205696073	0.21091563121112183	0.20260064630700295	0.0072651743287075994	0.7161290322580645	0.35358176844006484
566457149	[-54,40.0,14.0]	40.75688061428571	-73.87591761428573	0.06342067205696073	0.21091563121112183	0.20260064630700295	0.0072651743287075994	0.7161290322580645	0.35358176844006484
309161247	[-41,33.0,8.0]	40.758831199999996	-73.87480857999999	0.06342067205696073	0.21091563121112183	0.20260064630700295	0.0072651743287075994	0.7161290322580645	0.35358176844006484
314005880	[-1,4.0,-3.0]	40.76409432	-73.86954743999999	0.06342067205696073	0.21091563121112183	0.20260064630700295	0.0072651743287075994	0.7161290322580645	0.35358176844006484
351276055	[-7,-10.0,17.0]	40.761391759999995	-73.86704508	0.06342067205696073	0.21091563121112183	0.20260064630700295	0.0072651743287075994	0.7161290322580645	0.35358176844006484
367689581	[-18,20.0,-2.0]	40.76228335	-73.872433625	0.06342067205696073	0.21091563121112183	0.20260064630700295	0.0072651743287075994	0.7161290322580645	0.35358176844006484
385418609	[-26,22.0,4.0]	40.760792175000006	-73.872710175	0.06342067205696073	0.21091563121112183	0.20260064630700295	0.0072651743287075994	0.7161290322580645	0.35358176844006484
385418610	[-17,24.0,-7.0]	40.762872075000004	-73.8732054	0.06342067205696073	0.21091563121112183	0.20260064630700295	0.0072651743287075994	0.7161290322580645	0.35358176844006484
502775983	[-11,-2.0,13.0]	40.76136173333333	-73.8684926	0.06342067205696073	0.21091563121112183	0.20260064630700295	0.0072651743287075994	0.7161290322580645	0.35358176844006484
502775984	[-9,2.0,7.0]	40.762237177777784	-73.8691844	0.06342067205696073	0.21091563121112183	0.20260064630700295	0.0072651743287075994	0.7161290322580645	0.35358176844006484
502777623	[-22,39.0,-17.0]	40.76340605882353	-73.87585269411765	0.06342067205696073	0.21091563121112183	0.20260064630700295	0.0072651743287075994	0.7161290322580645	0.35358176844006484
281396281	[12,31.0,-43.0]	40.76948026190476	-73.87438103333335	0.06342067205696073	0.21091563121112183	0.20260064630700295	0.0072651743287075994	0.7161290322580645	0.35358176844006484
306425802	[27,-15.0,-12.0]	40.767901657142865	-73.86610719999999	0.06342067205696073	0.21091563121112183	0.20260064630700295	0.0072651743287075994	0.7161290322580645	0.35358176844006484
306425803	[28,-12.0,-16.0]	40.76833112222222	-73.86671743333333	0.06342067205696073	0.21091563121112183	0.20260064630700295	0.0072651743287075994	0.7161290322580645	0.35358176844006484
367688645	[23,21.0,-44.0]	40.770711916	-73.87251018799999	0.06342067205696073	0.21091563121112183	0.20260064630700295	0.0072651743287075994	0.7161290322580645	0.35358176844006484
367689021	[-7,39.0,-32.0]	40.76640368333333	-73.87576736666666	0.06342067205696073	0.21091563121112183	0.20260064630700295	0.0072651743287075994	0.7161290322580645	0.35358176844006484
385278920	[18,33.0,-51.0]	40.77097149411765	-73.87484219999999	0.06342067205696073	0.21091563121112183	0.20260064630700295	0.0072651743287075994	0.7161290322580645	0.35358176844006484
385307451	[28,11.0,-39.0]	40.77074746666667	-73.87074863333333	0.06342067205696073	0.21091563121112183	0.20260064630700295	0.0072651743287075994	0.7161290322580645	0.35358176844006484
607906243	[-26,4.0,22.0]	40.75888434	-73.86961394	0.06342067205696073	0.21091563121112183	0.20260064630700295	0.0072651743287075994	0.7161290322580645	0.35358176844006484
607906245	[-25,2.0,23.0]	40.7589517	-73.86930574	0.06342067205696073	0.21091563121112183	0.20260064630700295	0.0072651743287075994	0.7161290322580645	0.35358176844006484
250602935	[-54,38.0,16.0]	40.75680326666667	-73.87556796666667	0.06342067205696073	0.21091563121112183	0.20260064630700295	0.0072651743287075994	0.7161290322580645	0.35358176844006484
502776632	[-27,46.0,-19.0]	40.76305952	-73.87695496	0.06342067205696073	0.21091563121112183	0.20260064630700295	0.0072651743287075994	0.7161290322580645	0.35358176844006484
277479210	[29,-21.0,-8.0]	40.76770948	-73.86518766	0.06342067205696073	0.21091563121112183	0.20260064630700295	0.0072651743287075994	0.7161290322580645	0.35358176844006484
284728310	[-25,39.0,-14.0]	40.76273635	-73.87581656	0.06342067205696073	0.21091563121112183	0.20260064630700295	0.0072651743287075994	0.7161290322580645	0.35358176844006484
281398264	[29,6.0,-35.0]	40.770409523809526	-73.86999481428572	0.06342067205696073	0.21091563121112183	0.20260064630700295	0.0072651743287075994	0.7161290322580645	0.35358176844006484
248601840	[-54,69.0,-15.0]	40.759993175000005	-73.88115135	0.06342067205696073	0.21091563121112183	0.20260064630700295	0.0072651743287075994	0.7161290322580645	0.35358176844006484
248826129	[-58,65.0,-7.0]	40.75868525555555	-73.88044198888889	0.06342067205696073	0.21091563121112183	0.20260064630700295	0.0072651743287075994	0.7161290322580645	0.35358176844006484
281393824	[-15,63.0,-48.0]	40.76724942380953	-73.87998368571428	0.06342067205696073	0.21091563121112183	0.20260064630700295	0.0072651743287075994	0.7161290322580645	0.35358176844006484
284721142	[-32,2.0,30.0]	40.75751021666667	-73.86926813333334	0.06342067205696073	0.21091563121112183	0.20260064630700295	0.0072651743287075994	0.7161290322580645	0.35358176844006484
284723940	[-16,-26.0,42.0]	40.75792966666667	-73.86422746666668	0.06342067205696073	0.21091563121112183	0.20260064630700295	0.0072651743287075994	0.7161290322580645	0.35358176844006484
284723941	[-3,-23.0,26.0]	40.76094127777778	-73.86482191666664	0.06342067205696073	0.21091563121112183	0.20260064630700295	0.0072651743287075994	0.7161290322580645	0.35358176844006484
284727596	[-11,-1.0,12.0]	40.76150748846154	-73.86877072307692	0.06342067205696073	0.21091563121112183	0.20260064630700295	0.0072651743287075994	0.7161290322580645	0.35358176844006484
284728311	[-18,14.0,4.0]	40.761640099999994	-73.87146112222223	0.06342067205696073	0.21091563121112183	0.20260064630700295	0.0072651743287075994	0.7161290322580645	0.35358176844006484
281398357	[11,19.0,-30.0]	40.76813294	-73.87220352	0.06342067205696073	0.21091563121112183	0.20260064630700295	0.0072651743287075994	0.7161290322580645	0.35358176844006484
372085261	[-21,69.0,-48.0]	40.76658013333334	-73.88112274999999	0.06342067205696073	0.21091563121112183	0.20260064630700295	0.0072651743287075994	0.7161290322580645	0.35358176844006484
281396597	[2,40.0,-42.0]	40.7684575375	-73.87595006250001	0.06342067205696073	0.21091563121112183	0.20260064630700295	0.0072651743287075994	0.7161290322580645	0.35358176844006484
385280490	[12,35.0,-47.0]	40.76992584	-73.87514884	0.06342067205696073	0.21091563121112183	0.20260064630700295	0.0072651743287075994	0.7161290322580645	0.35358176844006484
250600046	[-59,53.0,6.0]	40.7572628	-73.8783155	0.06342067205696073	0.21091563121112183	0.20260064630700295	0.0072651743287075994	0.7161290322580645	0.35358176844006484
281393940	281393940	0
281393947	281393940	1.0
281396293	281393940	1.0
275608484	281393940	2.0
331211621	281393940	3.0
42506449	281393940	3.0
42506457	281393940	3.0
385307448	281393940	2.0
385307450	281393940	3.0
385307454	281393940	2.0
385307455	281393940	3.0
385307456	281393940	2.0
385307457	281393940	3.0
385307461	281393940	2.0
385307453	281393940	3.0
385307460	281393940	3.0
250600037	281393940	3.0
281393817	281393940	2.0
250602932	281393940	3.0
281403311	281393940	2.0
284728551	281393940	2.0
377161285	281393940	3.0
275609291	281393940	2.0
367689955	281393940	2.0
367691249	281393940	1.0
502776631	281393940	1.0
236001561	281393940	4.0
275608451	281393940	2.0
275608481	281393940	2.0
275609077	281393940	2.0
275609101	281393940	2.0
275609108	281393940	3.0
385279566	281393940	3.0
377161289	281393940	3.0
566457149	281393940	3.0
309161247	281393940	3.0
314005880	281393940	3.0
351276055	281393940	3.0
367689581	281393940	2.0
385418609	281393940	2.0
385418610	281393940	2.0
502775983	281393940	3.0
502775984	281393940	3.0
502777623	281393940	1.0
281396281	281393940	3.0
306425802	281393940	4.0
306425803	281393940	4.0
367688645	281393940	3.0
367689021	281393940	2.0
385278920	281393940	4.0
385307451	281393940	3.0
607906243	281393940	3.0
607906245	281393940	3.0
250602935	281393940	3.0
502776632	281393940	2.0
277479210	281393940	4.0
284728310	281393940	1.0
281398264	281393940	4.0
248601840	281393940	3.0
248826129	281393940	3.0
281393824	281393940	2.0
284721142	281393940	3.0
284723940	281393940	4.0
284723941	281393940	3.0
284727596	281393940	3.0
284728311	281393940	3.0
281398357	281393940	3.0
372085261	281393940	2.0
281396597	281393940	3.0
385280490	281393940	3.0
250600046	281393940	3.0
281393947	281393947	0
281396293	281393947	2.0
275608484	281393947	2.0
331211621	281393947	3.0
42506449	281393947	3.0
42506457	281393947	3.0
385307448	281393947	3.0
385307450	281393947	3.0
385307454	281393947	3.0
385307455	281393947	3.0
385307456	281393947	3.0
385307457	281393947	3.0
385307461	281393947	3.0
385307453	281393947	3.0
385307460	281393947	3.0
250600037	281393947	3.0
281393817	281393947	2.0
250602932	281393947	3.0
281403311	281393947	3.0
284728551	281393947	3.0
377161285	281393947	4.0
275609291	281393947	1.0
367689955	281393947	1.0
367691249	281393947	0.0
502776631	281393947	2.0
236001561	281393947	4.0
275608451	281393947	2.0
275608481	281393947	2.0
275609077	281393947	2.0
275609101	281393947	2.0
275609108	281393947	2.0
385279566	281393947	3.0
377161289	281393947	3.0
566457149	281393947	3.0
309161247	281393947	3.0
314005880	281393947	3.0
351276055	281393947	3.0
367689581	281393947	3.0
385418609	281393947	3.0
385418610	281393947	2.0
502775983	281393947	3.0
502775984	281393947	3.0
502777623	281393947	2.0
281396281	281393947	3.0
306425802	281393947	4.0
306425803	281393947	4.0
367688645	281393947	4.0
367689021	281393947	3.0
385278920	281393947	4.0
385307451	281393947	4.0
607906243	281393947	3.0
607906245	281393947	3.0
250602935	281393947	3.0
502776632	281393947	2.0
277479210	281393947	4.0
284728310	281393947	2.0
281398264	281393947	4.0
248601840	281393947	2.0
248826129	281393947	2.0
281393824	281393947	2.0
284721142	281393947	4.0
284723940	281393947	4.0
284723941	281393947	3.0
284727596	281393947	3.0
284728311	281393947	3.0
281398357	281393947	3.0
372085261	281393947	1.0
281396597	281393947	3.0
385280490	281393947	3.0
250600046	281393947	3.0
281396293	281396293	0
275608484	281396293	2.0
331211621	281396293	3.0
42506449	281396293	2.0
42506457	281396293	2.0
385307448	281396293	2.0
385307450	281396293	2.0
385307454	281396293	2.0
385307455	281396293	2.0
385307456	281396293	2.0
385307457	281396293	2.0
385307461	281396293	2.0
385307453	281396293	2.0
385307460	281396293	2.0
250600037	281396293	3.0
281393817	281396293	3.0
250602932	281396293	2.0
281403311	281396293	2.0
284728551	281396293	2.0
377161285	281396293	3.0
275609291	281396293	2.0
367689955	281396293	2.0
367691249	281396293	2.0
502776631	281396293	1.0
236001561	281396293	3.0
275608451	281396293	3.0
275608481	281396293	2.0
275609077	281396293	3.0
275609101	281396293	3.0
275609108	281396293	3.0
385279566	281396293	3.0
377161289	281396293	3.0
566457149	281396293	3.0
309161247	281396293	2.0
314005880	281396293	2.0
351276055	281396293	3.0
367689581	281396293	1.0
385418609	281396293	2.0
385418610	281396293	1.0
502775983	281396293	2.0
502775984	281396293	2.0
502777623	281396293	0.0
281396281	281396293	3.0
306425802	281396293	4.0
306425803	281396293	4.0
367688645	281396293	3.0
367689021	281396293	2.0
385278920	281396293	3.0
385307451	281396293	3.0
607906243	281396293	3.0
607906245	281396293	3.0
250602935	281396293	3.0
502776632	281396293	0.0
277479210	281396293	4.0
284728310	281396293	0.0
281398264	281396293	3.0
248601840	281396293	3.0
248826129	281396293	3.0
281393824	281396293	3.0
284721142	281396293	3.0
284723940	281396293	4.0
284723941	281396293	3.0
284727596	281396293	2.0
284728311	281396293	2.0
281398357	281396293	3.0
372085261	281396293	3.0
281396597	281396293	2.0
385280490	281396293	3.0
250600046	281396293	3.0
275608484	275608484	0
331211621	275608484	4.0
42506449	275608484	3.0
42506457	275608484	3.0
385307448	275608484	3.0
385307450	275608484	3.0
385307454	275608484	3.0
385307455	275608484	3.0
385307456	275608484	3.0
385307457	275608484	3.0
385307461	275608484	3.0
385307453	275608484	3.0
385307460	275608484	3.0
250600037	275608484	3.0
281393817	275608484	1.0
250602932	275608484	3.0
281403311	275608484	3.0
284728551	275608484	3.0
377161285	275608484	4.0
275609291	275608484	3.0
367689955	275608484	3.0
367691249	275608484	2.0
502776631	275608484	2.0
236001561	275608484	4.0
275608451	275608484	1.0
275608481	275608484	0.0
275609077	275608484	2.0
275609101	275608484	1.0
275609108	275608484	2.0
385279566	275608484	2.0
377161289	275608484	4.0
566457149	275608484	4.0
309161247	275608484	3.0
314005880	275608484	3.0
351276055	275608484	3.0
367689581	275608484	3.0
385418609	275608484	3.0
385418610	275608484	3.0
502775983	275608484	3.0
502775984	275608484	3.0
502777623	275608484	2.0
281396281	275608484	3.0
306425802	275608484	4.0
306425803	275608484	4.0
367688645	275608484	3.0
367689021	275608484	2.0
385278920	275608484	3.0
385307451	275608484	3.0
607906243	275608484	3.0
607906245	275608484	3.0
250602935	275608484	4.0
502776632	275608484	3.0
277479210	275608484	4.0
284728310	275608484	2.0
281398264	275608484	4.0
248601840	275608484	3.0
248826129	275608484	3.0
281393824	275608484	1.0
284721142	275608484	4.0
284723940	275608484	4.0
284723941	275608484	4.0
284727596	275608484	3.0
284728311	275608484	3.0
281398357	275608484	3.0
372085261	275608484	1.0
281396597	275608484	2.0
385280490	275608484	3.0
250600046	275608484	3.0
331211621	331211621	0
42506449	331211621	3.0
42506457	331211621	3.0
385307448	331211621	3.0
385307450	331211621	3.0
385307454	331211621	3.0
385307455	331211621	3.0
385307456	331211621	3.0
385307457	331211621	3.0
385307461	331211621	3.0
385307453	331211621	3.0
385307460	331211621	3.0
250600037	331211621	2.0
281393817	331211621	4.0
250602932	331211621	1.0
281403311	331211621	3.0
284728551	331211621	3.0
377161285	331211621	2.0
275609291	331211621	3.0
367689955	331211621	3.0
367691249	331211621	3.0
502776631	331211621	3.0
236001561	331211621	4.0
275608451	331211621	4.0
275608481	331211621	4.0
275609077	331211621	4.0
275609101	331211621	4.0
275609108	331211621	4.0
385279566	331211621	4.0
377161289	331211621	0.0
566457149	331211621	1.0
309161247	331211621	2.0
314005880	331211621	3.0
351276055	331211621	3.0
367689581	331211621	3.0
385418609	331211621	2.0
385418610	331211621	3.0
502775983	331211621	3.0
502775984	331211621	3.0
502777623	331211621	3.0
281396281	331211621	4.0
306425802	331211621	4.0
306425803	331211621	4.0
367688645	331211621	4.0
367689021	331211621	3.0
385278920	331211621	4.0
385307451	331211621	4.0
607906243	331211621	2.0
607906245	331211621	2.0
250602935	331211621	0.0
502776632	331211621	3.0
277479210	331211621	4.0
284728310	331211621	2.0
281398264	331211621	4.0
248601840	331211621	3.0
248826129	331211621	2.0
281393824	331211621	4.0
284721142	331211621	2.0
284723940	331211621	3.0
284723941	331211621	4.0
284727596	331211621	3.0
284728311	331211621	3.0
281398357	331211621	4.0
372085261	331211621	3.0
281396597	331211621	3.0
385280490	331211621	4.0
250600046	331211621	2.0
42506449	42506449	0
42506457	42506449	1.0
385307448	42506449	0.0
385307450	42506449	0.0
385307454	42506449	0.0
385307455	42506449	0.0
385307456	42506449	0.0
385307457	42506449	2.0
385307461	42506449	0.0
385307453	42506449	1.0
385307460	42506449	1.0
250600037	42506449	3.0
281393817	42506449	3.0
250602932	42506449	4.0
281403311	42506449	0.0
284728551	42506449	3.0
377161285	42506449	4.0
275609291	42506449	3.0
367689955	42506449	3.0
367691249	42506449	3.0
502776631	42506449	3.0
236001561	42506449	4.0
275608451	42506449	3.0
275608481	42506449	3.0
275609077	42506449	3.0
275609101	42506449	3.0
275609108	42506449	4.0
385279566	42506449	3.0
377161289	42506449	4.0
566457149	42506449	3.0
309161247	42506449	3.0
314005880	42506449	0.0
351276055	42506449	2.0
367689581	42506449	2.0
385418609	42506449	3.0
385418610	42506449	2.0
502775983	42506449	2.0
502775984	42506449	1.0
502777623	42506449	2.0
281396281	42506449	3.0
306425802	42506449	3.0
306425803	42506449	3.0
367688645	42506449	2.0
367689021	42506449	2.0
385278920	42506449	4.0
385307451	42506449	2.0
607906243	42506449	3.0
607906245	42506449	2.0
250602935	42506449	3.0
502776632	42506449	3.0
277479210	42506449	4.0
284728310	42506449	2.0
281398264	42506449	2.0
248601840	42506449	3.0
248826129	42506449	3.0
281393824	42506449	3.0
284721142	42506449	3.0
284723940	42506449	3.0
284723941	42506449	2.0
284727596	42506449	2.0
284728311	42506449	2.0
281398357	42506449	2.0
372085261	42506449	3.0
281396597	42506449	3.0
385280490	42506449	3.0
250600046	42506449	3.0
42506457	42506457	0
385307448	42506457	1.0
385307450	42506457	1.0
385307454	42506457	1.0
385307455	42506457	1.0
385307456	42506457	1.0
385307457	42506457	1.0
385307461	42506457	1.0
385307453	42506457	0.0
385307460	42506457	0.0
250600037	42506457	3.0
281393817	42506457	3.0
250602932	42506457	3.0
281403311	42506457	1.0
284728551	42506457	2.0
377161285	42506457	4.0
275609291	42506457	3.0
367689955	42506457	3.0
367691249	42506457	3.0
502776631	42506457	3.0
236001561	42506457	4.0
275608451	42506457	3.0
275608481	42506457	3.0
275609077	42506457	3.0
275609101	42506457	3.0
275609108	42506457	3.0
385279566	42506457	3.0
377161289	42506457	4.0
566457149	42506457	3.0
309161247	42506457	3.0
314005880	42506457	2.0
351276055	42506457	3.0
367689581	42506457	2.0
385418609	42506457	3.0
385418610	42506457	2.0
502775983	42506457	3.0
502775984	42506457	2.0
502777623	42506457	2.0
281396281	42506457	2.0
306425802	42506457	2.0
306425803	42506457	2.0
367688645	42506457	2.0
367689021	42506457	2.0
385278920	42506457	4.0
385307451	42506457	2.0
607906243	42506457	3.0
607906245	42506457	3.0
250602935	42506457	4.0
502776632	42506457	3.0
277479210	42506457	4.0
284728310	42506457	3.0
281398264	42506457	2.0
248601840	42506457	4.0
248826129	42506457	4.0
281393824	42506457	3.0
284721142	42506457	4.0
284723940	42506457	3.0
284723941	42506457	3.0
284727596	42506457	2.0
284728311	42506457	2.0
281398357	42506457	1.0
372085261	42506457	3.0
281396597	42506457	2.0
385280490	42506457	2.0
250600046	42506457	4.0
385307448	385307448	0
385307450	385307448	0.0
385307454	385307448	0.0
385307455	385307448	0.0
385307456	385307448	0.0
385307457	385307448	0.0
385307461	385307448	0.0
385307453	385307448	1.0
385307460	385307448	1.0
250600037	385307448	3.0
281393817	385307448	3.0
250602932	385307448	3.0
281403311	385307448	0.0
284728551	385307448	2.0
377161285	385307448	4.0
275609291	385307448	3.0
367689955	385307448	3.0
367691249	385307448	3.0
502776631	385307448	2.0
236001561	385307448	4.0
275608451	385307448	3.0
275608481	385307448	3.0
275609077	385307448	3.0
275609101	385307448	3.0
275609108	385307448	4.0
385279566	385307448	3.0
377161289	385307448	3.0
566457149	385307448	3.0
309161247	385307448	3.0
314005880	385307448	0.0
351276055	385307448	2.0
367689581	385307448	2.0
385418609	385307448	2.0
385418610	385307448	2.0
502775983	385307448	2.0
502775984	385307448	1.0
502777623	385307448	2.0
281396281	385307448	2.0
306425802	385307448	3.0
306425803	385307448	3.0
367688645	385307448	2.0
367689021	385307448	2.0
385278920	385307448	4.0
385307451	385307448	2.0
607906243	385307448	2.0
607906245	385307448	2.0
250602935	385307448	3.0
502776632	385307448	2.0
277479210	385307448	4.0
284728310	385307448	2.0
281398264	385307448	2.0
248601840	385307448	3.0
248826129	385307448	3.0
281393824	385307448	3.0
284721142	385307448	3.0
284723940	385307448	3.0
284723941	385307448	3.0
284727596	385307448	2.0
284728311	385307448	2.0
281398357	385307448	2.0
372085261	385307448	3.0
281396597	385307448	3.0
385280490	385307448	3.0
250600046	385307448	3.0
385307450	385307450	0
385307454	385307450	0.0
385307455	385307450	0.0
385307456	385307450	0.0
385307457	385307450	2.0
385307461	385307450	0.0
385307453	385307450	1.0
385307460	385307450	1.0
250600037	385307450	3.0
281393817	385307450	3.0
250602932	385307450	4.0
281403311	385307450	0.0
284728551	385307450	3.0
377161285	385307450	4.0
275609291	385307450	3.0
367689955	385307450	3.0
367691249	385307450	3.0
502776631	385307450	3.0
236001561	385307450	4.0
275608451	385307450	3.0
275608481	385307450	3.0
275609077	385307450	3.0
275609101	385307450	3.0
275609108	385307450	4.0
385279566	385307450	3.0
377161289	385307450	4.0
566457149	385307450	3.0
309161247	385307450	3.0
314005880	385307450	0.0
351276055	385307450	2.0
367689581	385307450	2.0
385418609	385307450	3.0
385418610	385307450	2.0
502775983	385307450	2.0
502775984	385307450	1.0
502777623	385307450	2.0
281396281	385307450	3.0
306425802	385307450	3.0
306425803	385307450	3.0
367688645	385307450	2.0
367689021	385307450	2.0
385278920	385307450	4.0
385307451	385307450	2.0
607906243	385307450	3.0
607906245	385307450	2.0
250602935	385307450	3.0
502776632	385307450	3.0
277479210	385307450	4.0
284728310	385307450	2.0
281398264	385307450	2.0
248601840	385307450	3.0
248826129	385307450	3.0
281393824	385307450	3.0
284721142	385307450	3.0
284723940	385307450	3.0
284723941	385307450	2.0
284727596	385307450	2.0
284728311	385307450	2.0
281398357	385307450	2.0
372085261	385307450	3.0
281396597	385307450	3.0
385280490	385307450	3.0
250600046	385307450	3.0
385307454	385307454	0
385307455	385307454	0.0
385307456	385307454	0.0
385307457	385307454	1.0
385307461	385307454	0.0
385307453	385307454	1.0
385307460	385307454	1.0
250600037	385307454	3.0
281393817	385307454	3.0
250602932	385307454	3.0
281403311	385307454	0.0
284728551	385307454	2.0
377161285	385307454	4.0
275609291	385307454	3.0
367689955	385307454	3.0
367691249	385307454	3.0
502776631	385307454	3.0
236001561	385307454	4.0
275608451	385307454	3.0
275608481	385307454	3.0
275609077	385307454	3.0
275609101	385307454	3.0
275609108	385307454	4.0
385279566	385307454	3.0
377161289	385307454	3.0
566457149	385307454	3.0
309161247	385307454	3.0
314005880	385307454	0.0
351276055	385307454	2.0
367689581	385307454	2.0
385418609	385307454	2.0
385418610	385307454	2.0
502775983	385307454	2.0
502775984	385307454	1.0
502777623	385307454	2.0
281396281	385307454	2.0
306425802	385307454	3.0
306425803	385307454	3.0
367688645	385307454	2.0
367689021	385307454	2.0
385278920	385307454	4.0
385307451	385307454	2.0
607906243	385307454	2.0
607906245	385307454	2.0
250602935	385307454	3.0
502776632	385307454	2.0
277479210	385307454	4.0
284728310	385307454	2.0
281398264	385307454	2.0
248601840	385307454	3.0
248826129	385307454	3.0
281393824	385307454	3.0
284721142	385307454	3.0
284723940	385307454	3.0
284723941	385307454	2.0
284727596	385307454	2.0
284728311	385307454	2.0
281398357	385307454	2.0
372085261	385307454	3.0
281396597	385307454	3.0
385280490	385307454	3.0
250600046	385307454	3.0
385307455	385307455	0
385307456	385307455	0.0
385307457	385307455	2.0
385307461	385307455	0.0
385307453	385307455	1.0
385307460	385307455	1.0
250600037	385307455	3.0
281393817	385307455	3.0
250602932	385307455	4.0
281403311	385307455	0.0
284728551	385307455	3.0
377161285	385307455	4.0
275609291	385307455	3.0
367689955	385307455	3.0
367691249	385307455	3.0
502776631	385307455	3.0
236001561	385307455	4.0
275608451	385307455	3.0
275608481	385307455	3.0
275609077	385307455	3.0
275609101	385307455	3.0
275609108	385307455	4.0
385279566	385307455	3.0
377161289	385307455	4.0
566457149	385307455	3.0
309161247	385307455	3.0
314005880	385307455	0.0
351276055	385307455	2.0
367689581	385307455	2.0
385418609	385307455	3.0
385418610	385307455	2.0
502775983	385307455	2.0
502775984	385307455	1.0
502777623	385307455	2.0
281396281	385307455	3.0
306425802	385307455	3.0
306425803	385307455	3.0
367688645	385307455	3.0
367689021	385307455	2.0
385278920	385307455	4.0
385307451	385307455	2.0
607906243	385307455	3.0
607906245	385307455	2.0
250602935	385307455	3.0
502776632	385307455	3.0
277479210	385307455	4.0
284728310	385307455	2.0
281398264	385307455	2.0
248601840	385307455	3.0
248826129	385307455	3.0
281393824	385307455	3.0
284721142	385307455	3.0
284723940	385307455	3.0
284723941	385307455	2.0
284727596	385307455	2.0
284728311	385307455	2.0
281398357	385307455	2.0
372085261	385307455	3.0
281396597	385307455	3.0
385280490	385307455	3.0
250600046	385307455	3.0
385307456	385307456	0
385307457	385307456	1.0
385307461	385307456	0.0
385307453	385307456	1.0
385307460	385307456	1.0
250600037	385307456	3.0
281393817	385307456	3.0
250602932	385307456	3.0
281403311	385307456	0.0
284728551	385307456	2.0
377161285	385307456	4.0
275609291	385307456	3.0
367689955	385307456	3.0
367691249	385307456	3.0
502776631	385307456	3.0
236001561	385307456	4.0
275608451	385307456	3.0
275608481	385307456	3.0
275609077	385307456	3.0
275609101	385307456	3.0
275609108	385307456	4.0
385279566	385307456	4.0
377161289	385307456	3.0
566457149	385307456	3.0
309161247	385307456	3.0
314005880	385307456	0.0
351276055	385307456	2.0
367689581	385307456	2.0
385418609	385307456	2.0
385418610	385307456	2.0
502775983	385307456	2.0
502775984	385307456	1.0
502777623	385307456	2.0
281396281	385307456	2.0
306425802	385307456	3.0
306425803	385307456	3.0
367688645	385307456	3.0
367689021	385307456	2.0
385278920	385307456	4.0
385307451	385307456	2.0
607906243	385307456	2.0
607906245	385307456	2.0
250602935	385307456	3.0
502776632	385307456	2.0
277479210	385307456	4.0
284728310	385307456	2.0
281398264	385307456	2.0
248601840	385307456	3.0
248826129	385307456	3.0
281393824	385307456	3.0
284721142	385307456	3.0
284723940	385307456	3.0
284723941	385307456	2.0
284727596	385307456	2.0
284728311	385307456	2.0
281398357	385307456	2.0
372085261	385307456	3.0
281396597	385307456	3.0
385280490	385307456	3.0
250600046	385307456	3.0
385307457	385307457	0
385307461	385307457	1.0
385307453	385307457	1.0
385307460	385307457	1.0
250600037	385307457	3.0
281393817	385307457	3.0
250602932	385307457	3.0
281403311	385307457	0.0
284728551	385307457	2.0
377161285	385307457	4.0
275609291	385307457	3.0
367689955	385307457	3.0
367691249	385307457	3.0
502776631	385307457	3.0
236001561	385307457	4.0
275608451	385307457	3.0
275608481	385307457	3.0
275609077	385307457	3.0
275609101	385307457	3.0
275609108	385307457	4.0
385279566	385307457	3.0
377161289	385307457	3.0
566457149	385307457	3.0
309161247	385307457	3.0
314005880	385307457	1.0
351276055	385307457	2.0
367689581	385307457	2.0
385418609	385307457	2.0
385418610	385307457	2.0
502775983	385307457	2.0
502775984	385307457	2.0
502777623	385307457	2.0
281396281	385307457	2.0
306425802	385307457	3.0
306425803	385307457	3.0
367688645	385307457	2.0
367689021	385307457	2.0
385278920	385307457	4.0
385307451	385307457	2.0
607906243	385307457	3.0
607906245	385307457	3.0
250602935	385307457	3.0
502776632	385307457	2.0
277479210	385307457	4.0
284728310	385307457	2.0
281398264	385307457	2.0
248601840	385307457	3.0
248826129	385307457	3.0
281393824	385307457	3.0
284721142	385307457	3.0
284723940	385307457	3.0
284723941	385307457	3.0
284727596	385307457	2.0
284728311	385307457	2.0
281398357	385307457	1.0
372085261	385307457	3.0
281396597	385307457	2.0
385280490	385307457	3.0
250600046	385307457	3.0
385307461	385307461	0
385307453	385307461	1.0
385307460	385307461	1.0
250600037	385307461	3.0
281393817	385307461	3.0
250602932	385307461	3.0
281403311	385307461	0.0
284728551	385307461	2.0
377161285	385307461	4.0
275609291	385307461	3.0
367689955	385307461	3.0
367691249	385307461	3.0
502776631	385307461	3.0
236001561	385307461	4.0
275608451	385307461	3.0
275608481	385307461	3.0
275609077	385307461	3.0
275609101	385307461	3.0
275609108	385307461	4.0
385279566	385307461	4.0
377161289	385307461	3.0
566457149	385307461	3.0
309161247	385307461	3.0
314005880	385307461	0.0
351276055	385307461	2.0
367689581	385307461	2.0
385418609	385307461	2.0
385418610	385307461	2.0
502775983	385307461	2.0
502775984	385307461	1.0
502777623	385307461	2.0
281396281	385307461	2.0
306425802	385307461	3.0
306425803	385307461	3.0
367688645	385307461	2.0
367689021	385307461	2.0
385278920	385307461	4.0
385307451	385307461	2.0
607906243	385307461	2.0
607906245	385307461	2.0
250602935	385307461	3.0
502776632	385307461	2.0
277479210	385307461	4.0
284728310	385307461	2.0
281398264	385307461	2.0
248601840	385307461	3.0
248826129	385307461	3.0
281393824	385307461	3.0
284721142	385307461	3.0
284723940	385307461	3.0
284723941	385307461	2.0
284727596	385307461	2.0
284728311	385307461	2.0
281398357	385307461	2.0
372085261	385307461	3.0
281396597	385307461	3.0
385280490	385307461	3.0
250600046	385307461	3.0
385307453	385307453	0
385307460	385307453	0.0
250600037	385307453	3.0
281393817	385307453	3.0
250602932	385307453	3.0
281403311	385307453	1.0
284728551	385307453	2.0
377161285	385307453	4.0
275609291	385307453	3.0
367689955	385307453	3.0
367691249	385307453	3.0
502776631	385307453	3.0
236001561	385307453	4.0
275608451	385307453	3.0
275608481	385307453	3.0
275609077	385307453	3.0
275609101	385307453	3.0
275609108	385307453	3.0
385279566	385307453	3.0
377161289	385307453	4.0
566457149	385307453	3.0
309161247	385307453	3.0
314005880	385307453	2.0
351276055	385307453	3.0
367689581	385307453	2.0
385418609	385307453	3.0
385418610	385307453	2.0
502775983	385307453	3.0
502775984	385307453	2.0
502777623	385307453	2.0
281396281	385307453	2.0
306425802	385307453	2.0
306425803	385307453	2.0
367688645	385307453	2.0
367689021	385307453	2.0
385278920	385307453	4.0
385307451	385307453	2.0
607906243	385307453	3.0
607906245	385307453	3.0
250602935	385307453	4.0
502776632	385307453	3.0
277479210	385307453	4.0
284728310	385307453	3.0
281398264	385307453	2.0
248601840	385307453	4.0
248826129	385307453	4.0
281393824	385307453	3.0
284721142	385307453	4.0
284723940	385307453	3.0
284723941	385307453	3.0
284727596	385307453	2.0
284728311	385307453	2.0
281398357	385307453	1.0
372085261	385307453	3.0
281396597	385307453	2.0
385280490	385307453	2.0
250600046	385307453	4.0
385307460	385307460	0
250600037	385307460	3.0
281393817	385307460	3.0
250602932	385307460	3.0
281403311	385307460	1.0
284728551	385307460	2.0
377161285	385307460	4.0
275609291	385307460	3.0
367689955	385307460	3.0
367691249	385307460	3.0
502776631	385307460	3.0
236001561	385307460	4.0
275608451	385307460	3.0
275608481	385307460	3.0
275609077	385307460	3.0
275609101	385307460	3.0
275609108	385307460	3.0
385279566	385307460	3.0
377161289	385307460	4.0
566457149	385307460	3.0
309161247	385307460	3.0
314005880	385307460	2.0
351276055	385307460	3.0
367689581	385307460	2.0
385418609	385307460	3.0
385418610	385307460	2.0
502775983	385307460	3.0
502775984	385307460	2.0
502777623	385307460	2.0
281396281	385307460	2.0
306425802	385307460	2.0
306425803	385307460	2.0
367688645	385307460	2.0
367689021	385307460	2.0
385278920	385307460	4.0
385307451	385307460	2.0
607906243	385307460	3.0
607906245	385307460	3.0
250602935	385307460	4.0
502776632	385307460	3.0
277479210	385307460	4.0
284728310	385307460	3.0
281398264	385307460	2.0
248601840	385307460	4.0
248826129	385307460	4.0
281393824	385307460	3.0
284721142	385307460	4.0
284723940	385307460	3.0
284723941	385307460	3.0
284727596	385307460	2.0
284728311	385307460	2.0
281398357	385307460	1.0
372085261	385307460	3.0
281396597	385307460	2.0
385280490	385307460	2.0
250600046	385307460	4.0
250600037	250600037	0
281393817	250600037	3.0
250602932	250600037	2.0
281403311	250600037	3.0
284728551	250600037	3.0
377161285	250600037	0.0
275609291	250600037	3.0
367689955	250600037	2.0
367691249	250600037	2.0
502776631	250600037	2.0
236001561	250600037	4.0
275608451	250600037	4.0
275608481	250600037	3.0
275609077	250600037	4.0
275609101	250600037	3.0
275609108	250600037	4.0
385279566	250600037	4.0
377161289	250600037	1.0
566457149	250600037	2.0
309161247	250600037	1.0
314005880	250600037	3.0
351276055	250600037	4.0
367689581	250600037	3.0
385418609	250600037	2.0
385418610	250600037	3.0
502775983	250600037	3.0
502775984	250600037	3.0
502777623	250600037	3.0
281396281	250600037	4.0
306425802	250600037	4.0
306425803	250600037	4.0
367688645	250600037	4.0
367689021	250600037	3.0
385278920	250600037	4.0
385307451	250600037	4.0
607906243	250600037	2.0
607906245	250600037	3.0
250602935	250600037	2.0
502776632	250600037	3.0
277479210	250600037	4.0
284728310	250600037	3.0
281398264	250600037	4.0
248601840	250600037	3.0
248826129	250600037	1.0
281393824	250600037	4.0
284721142	250600037	3.0
284723940	250600037	3.0
284723941	250600037	4.0
284727596	250600037	3.0
284728311	250600037	3.0
281398357	250600037	4.0
372085261	250600037	3.0
281396597	250600037	3.0
385280490	250600037	4.0
250600046	250600037	0.0
281393817	281393817	0
250602932	281393817	4.0
281403311	281393817	3.0
284728551	281393817	3.0
377161285	281393817	4.0
275609291	281393817	2.0
367689955	281393817	2.0
367691249	281393817	2.0
502776631	281393817	3.0
236001561	281393817	3.0
275608451	281393817	1.0
275608481	281393817	1.0
275609077	281393817	1.0
275609101	281393817	0.0
275609108	281393817	1.0
385279566	281393817	2.0
377161289	281393817	4.0
566457149	281393817	4.0
309161247	281393817	3.0
314005880	281393817	4.0
351276055	281393817	4.0
367689581	281393817	3.0
385418609	281393817	3.0
385418610	281393817	3.0
502775983	281393817	4.0
502775984	281393817	3.0
502777623	281393817	3.0
281396281	281393817	3.0
306425802	281393817	4.0
306425803	281393817	4.0
367688645	281393817	3.0
367689021	281393817	2.0
385278920	281393817	4.0
385307451	281393817	3.0
607906243	281393817	4.0
607906245	281393817	4.0
250602935	281393817	4.0
502776632	281393817	3.0
277479210	281393817	4.0
284728310	281393817	3.0
281398264	281393817	3.0
248601840	281393817	3.0
248826129	281393817	3.0
281393824	281393817	1.0
284721142	281393817	4.0
284723940	281393817	4.0
284723941	281393817	4.0
284727596	281393817	4.0
284728311	281393817	3.0
281398357	281393817	3.0
372085261	281393817	1.0
281396597	281393817	2.0
385280490	281393817	3.0
250600046	281393817	3.0
250602932	250602932	0
281403311	250602932	3.0
284728551	250602932	2.0
377161285	250602932	2.0
275609291	250602932	3.0
367689955	250602932	3.0
367691249	250602932	3.0
502776631	250602932	3.0
236001561	250602932	4.0
275608451	250602932	4.0
275608481	250602932	3.0
275609077	250602932	4.0
275609101	250602932	4.0
275609108	250602932	4.0
385279566	250602932	4.0
377161289	250602932	2.0
566457149	250602932	1.0
309161247	250602932	1.0
314005880	250602932	3.0
351276055	250602932	3.0
367689581	250602932	3.0
385418609	250602932	2.0
385418610	250602932	3.0
502775983	250602932	3.0
502775984	250602932	3.0
502777623	250602932	2.0
281396281	250602932	4.0
306425802	250602932	4.0
306425803	250602932	4.0
367688645	250602932	4.0
367689021	250602932	3.0
385278920	250602932	4.0
385307451	250602932	4.0
607906243	250602932	3.0
607906245	250602932	3.0
250602935	250602932	1.0
502776632	250602932	3.0
277479210	250602932	4.0
284728310	250602932	2.0
281398264	250602932	4.0
248601840	250602932	2.0
248826129	250602932	3.0
281393824	250602932	4.0
284721142	250602932	2.0
284723940	250602932	3.0
284723941	250602932	3.0
284727596	250602932	3.0
284728311	250602932	3.0
281398357	250602932	4.0
372085261	250602932	4.0
281396597	250602932	3.0
385280490	250602932	3.0
250600046	250602932	2.0
281403311	281403311	0
284728551	281403311	2.0
377161285	281403311	4.0
275609291	281403311	3.0
367689955	281403311	3.0
367691249	281403311	3.0
502776631	281403311	2.0
236001561	281403311	4.0
275608451	281403311	3.0
275608481	281403311	3.0
275609077	281403311	3.0
275609101	281403311	3.0
275609108	281403311	4.0
385279566	281403311	3.0
377161289	281403311	3.0
566457149	281403311	3.0
309161247	281403311	3.0
314005880	281403311	1.0
351276055	281403311	2.0
367689581	281403311	2.0
385418609	281403311	2.0
385418610	281403311	1.0
502775983	281403311	2.0
502775984	281403311	2.0
502777623	281403311	2.0
281396281	281403311	2.0
306425802	281403311	3.0
306425803	281403311	3.0
367688645	281403311	2.0
367689021	281403311	2.0
385278920	281403311	4.0
385307451	281403311	2.0
607906243	281403311	2.0
607906245	281403311	2.0
250602935	281403311	3.0
502776632	281403311	2.0
277479210	281403311	4.0
284728310	281403311	2.0
281398264	281403311	2.0
248601840	281403311	3.0
248826129	281403311	3.0
281393824	281403311	3.0
284721142	281403311	3.0
284723940	281403311	3.0
284723941	281403311	3.0
284727596	281403311	2.0
284728311	281403311	1.0
281398357	281403311	2.0
372085261	281403311	3.0
281396597	281403311	3.0
385280490	281403311	3.0
250600046	281403311	3.0
284728551	284728551	0
377161285	284728551	3.0
275609291	284728551	3.0
367689955	284728551	3.0
367691249	284728551	3.0
502776631	284728551	2.0
236001561	284728551	4.0
275608451	284728551	3.0
275608481	284728551	3.0
275609077	284728551	3.0
275609101	284728551	3.0
275609108	284728551	3.0
385279566	284728551	4.0
377161289	284728551	3.0
566457149	284728551	3.0
309161247	284728551	2.0
314005880	284728551	2.0
351276055	284728551	2.0
367689581	284728551	0.0
385418609	284728551	0.0
385418610	284728551	1.0
502775983	284728551	2.0
502775984	284728551	2.0
502777623	284728551	2.0
281396281	284728551	3.0
306425802	284728551	3.0
306425803	284728551	3.0
367688645	284728551	3.0
367689021	284728551	2.0
385278920	284728551	4.0
385307451	284728551	4.0
607906243	284728551	2.0
607906245	284728551	2.0
250602935	284728551	3.0
502776632	284728551	2.0
277479210	284728551	4.0
284728310	284728551	1.0
281398264	284728551	4.0
248601840	284728551	3.0
248826129	284728551	3.0
281393824	284728551	3.0
284721142	284728551	2.0
284723940	284728551	3.0
284723941	284728551	2.0
284727596	284728551	2.0
284728311	284728551	1.0
281398357	284728551	3.0
372085261	284728551	3.0
281396597	284728551	3.0
385280490	284728551	3.0
250600046	284728551	3.0
377161285	377161285	0
275609291	377161285	3.0
367689955	377161285	2.0
367691249	377161285	4.0
502776631	377161285	3.0
236001561	377161285	4.0
275608451	377161285	4.0
275608481	377161285	4.0
275609077	377161285	4.0
275609101	377161285	4.0
275609108	377161285	4.0
385279566	377161285	4.0
377161289	377161285	1.0
566457149	377161285	1.0
309161247	377161285	2.0
314005880	377161285	4.0
351276055	377161285	4.0
367689581	377161285	3.0
385418609	377161285	3.0
385418610	377161285	3.0
502775983	377161285	3.0
502775984	377161285	4.0
502777623	377161285	3.0
281396281	377161285	4.0
306425802	377161285	4.0
306425803	377161285	4.0
367688645	377161285	4.0
367689021	377161285	3.0
385278920	377161285	4.0
385307451	377161285	4.0
607906243	377161285	3.0
607906245	377161285	3.0
250602935	377161285	1.0
502776632	377161285	3.0
277479210	377161285	4.0
284728310	377161285	3.0
281398264	377161285	4.0
248601840	377161285	2.0
248826129	377161285	2.0
281393824	377161285	4.0
284721142	377161285	3.0
284723940	377161285	3.0
284723941	377161285	4.0
284727596	377161285	4.0
284728311	377161285	3.0
281398357	377161285	4.0
372085261	377161285	4.0
281396597	377161285	4.0
385280490	377161285	4.0
250600046	377161285	0.0
275609291	275609291	0
367689955	275609291	1.0
367691249	275609291	0.0
502776631	275609291	1.0
236001561	275609291	4.0
275608451	275609291	3.0
275608481	275609291	3.0
275609077	275609291	3.0
275609101	275609291	2.0
275609108	275609291	3.0
385279566	275609291	4.0
377161289	275609291	3.0
566457149	275609291	3.0
309161247	275609291	3.0
314005880	275609291	3.0
351276055	275609291	3.0
367689581	275609291	2.0
385418609	275609291	3.0
385418610	275609291	3.0
502775983	275609291	3.0
502775984	275609291	3.0
502777623	275609291	2.0
281396281	275609291	3.0
306425802	275609291	4.0
306425803	275609291	4.0
367688645	275609291	4.0
367689021	275609291	3.0
385278920	275609291	4.0
385307451	275609291	4.0
607906243	275609291	3.0
607906245	275609291	3.0
250602935	275609291	3.0
502776632	275609291	1.0
277479210	275609291	4.0
284728310	275609291	2.0
281398264	275609291	4.0
248601840	275609291	2.0
248826129	275609291	2.0
281393824	275609291	3.0
284721142	275609291	4.0
284723940	275609291	4.0
284723941	275609291	3.0
284727596	275609291	3.0
284728311	275609291	3.0
281398357	275609291	3.0
372085261	275609291	2.0
281396597	275609291	3.0
385280490	275609291	3.0
250600046	275609291	3.0
367689955	367689955	0
367691249	367689955	0.0
502776631	367689955	2.0
236001561	367689955	4.0
275608451	367689955	2.0
275608481	367689955	3.0
275609077	367689955	3.0
275609101	367689955	2.0
275609108	367689955	3.0
385279566	367689955	4.0
377161289	367689955	3.0
566457149	367689955	3.0
309161247	367689955	2.0
314005880	367689955	3.0
351276055	367689955	3.0
367689581	367689955	3.0
385418609	367689955	3.0
385418610	367689955	3.0
502775983	367689955	3.0
502775984	367689955	3.0
502777623	367689955	2.0
281396281	367689955	4.0
306425802	367689955	4.0
306425803	367689955	4.0
367688645	367689955	4.0
367689021	367689955	3.0
385278920	367689955	4.0
385307451	367689955	4.0
607906243	367689955	3.0
607906245	367689955	3.0
250602935	367689955	3.0
502776632	367689955	2.0
277479210	367689955	4.0
284728310	367689955	2.0
281398264	367689955	4.0
248601840	367689955	2.0
248826129	367689955	2.0
281393824	367689955	2.0
284721142	367689955	3.0
284723940	367689955	4.0
284723941	367689955	3.0
284727596	367689955	3.0
284728311	367689955	3.0
281398357	367689955	3.0
372085261	367689955	2.0
281396597	367689955	3.0
385280490	367689955	3.0
250600046	367689955	2.0
367691249	367691249	0
502776631	367691249	1.0
236001561	367691249	4.0
275608451	367691249	2.0
275608481	367691249	2.0
275609077	367691249	2.0
275609101	367691249	2.0
275609108	367691249	3.0
385279566	367691249	3.0
377161289	367691249	3.0
566457149	367691249	3.0
309161247	367691249	3.0
314005880	367691249	3.0
351276055	367691249	3.0
367689581	367691249	2.0
385418609	367691249	3.0
385418610	367691249	3.0
502775983	367691249	3.0
502775984	367691249	3.0
502777623	367691249	2.0
281396281	367691249	3.0
306425802	367691249	4.0
306425803	367691249	4.0
367688645	367691249	4.0
367689021	367691249	3.0
385278920	367691249	4.0
385307451	367691249	4.0
607906243	367691249	3.0
607906245	367691249	3.0
250602935	367691249	3.0
502776632	367691249	1.0
277479210	367691249	4.0
284728310	367691249	2.0
281398264	367691249	4.0
248601840	367691249	2.0
248826129	367691249	3.0
281393824	367691249	2.0
284721142	367691249	4.0
284723940	367691249	4.0
284723941	367691249	3.0
284727596	367691249	3.0
284728311	367691249	3.0
281398357	367691249	3.0
372085261	367691249	1.0
281396597	367691249	3.0
385280490	367691249	3.0
250600046	367691249	3.0
502776631	502776631	0
236001561	502776631	4.0
275608451	502776631	3.0
275608481	502776631	2.0
275609077	502776631	3.0
275609101	502776631	3.0
275609108	502776631	3.0
385279566	502776631	3.0
377161289	502776631	3.0
566457149	502776631	2.0
309161247	502776631	2.0
314005880	502776631	3.0
351276055	502776631	3.0
367689581	502776631	2.0
385418609	502776631	2.0
385418610	502776631	2.0
502775983	502776631	3.0
502775984	502776631	3.0
502777623	502776631	1.0
281396281	502776631	3.0
306425802	502776631	4.0
306425803	502776631	4.0
367688645	502776631	3.0
367689021	502776631	2.0
385278920	502776631	4.0
385307451	502776631	4.0
607906243	502776631	3.0
607906245	502776631	3.0
250602935	502776631	3.0
502776632	502776631	0.0
277479210	502776631	4.0
284728310	502776631	1.0
281398264	502776631	4.0
248601840	502776631	2.0
248826129	502776631	2.0
281393824	502776631	3.0
284721142	502776631	3.0
284723940	502776631	4.0
284723941	502776631	3.0
284727596	502776631	3.0
284728311	502776631	2.0
281398357	502776631	3.0
372085261	502776631	2.0
281396597	502776631	3.0
385280490	502776631	3.0
250600046	502776631	3.0
236001561	236001561	0
275608451	236001561	2.0
275608481	236001561	4.0
275609077	236001561	3.0
275609101	236001561	3.0
275609108	236001561	3.0
385279566	236001561	2.0
377161289	236001561	4.0
566457149	236001561	4.0
309161247	236001561	4.0
314005880	236001561	4.0
351276055	236001561	4.0
367689581	236001561	4.0
385418609	236001561	4.0
385418610	236001561	4.0
502775983	236001561	4.0
502775984	236001561	4.0
502777623	236001561	4.0
281396281	236001561	3.0
306425802	236001561	4.0
306425803	236001561	4.0
367688645	236001561	4.0
367689021	236001561	3.0
385278920	236001561	3.0
385307451	236001561	3.0
607906243	236001561	4.0
607906245	236001561	4.0
250602935	236001561	4.0
502776632	236001561	4.0
277479210	236001561	4.0
284728310	236001561	4.0
281398264	236001561	4.0
248601840	236001561	4.0
248826129	236001561	4.0
281393824	236001561	2.0
284721142	236001561	4.0
284723940	236001561	5.0
284723941	236001561	4.0
284727596	236001561	4.0
284728311	236001561	4.0
281398357	236001561	3.0
372085261	236001561	3.0
281396597	236001561	3.0
385280490	236001561	3.0
250600046	236001561	4.0
275608451	275608451	0
275608481	275608451	1.0
275609077	275608451	0.0
275609101	275608451	1.0
275609108	275608451	2.0
385279566	275608451	2.0
377161289	275608451	4.0
566457149	275608451	4.0
309161247	275608451	3.0
314005880	275608451	3.0
351276055	275608451	4.0
367689581	275608451	3.0
385418609	275608451	3.0
385418610	275608451	3.0
502775983	275608451	3.0
502775984	275608451	3.0
502777623	275608451	3.0
281396281	275608451	2.0
306425802	275608451	3.0
306425803	275608451	3.0
367688645	275608451	3.0
367689021	275608451	2.0
385278920	275608451	3.0
385307451	275608451	3.0
607906243	275608451	4.0
607906245	275608451	4.0
250602935	275608451	4.0
502776632	275608451	3.0
277479210	275608451	4.0
284728310	275608451	3.0
281398264	275608451	3.0
248601840	275608451	3.0
248826129	275608451	3.0
281393824	275608451	0.0
284721142	275608451	4.0
284723940	275608451	4.0
284723941	275608451	4.0
284727596	275608451	3.0
284728311	275608451	3.0
281398357	275608451	2.0
372085261	275608451	1.0
281396597	275608451	2.0
385280490	275608451	2.0
250600046	275608451	4.0
275608481	275608481	0
275609077	275608481	2.0
275609101	275608481	1.0
275609108	275608481	2.0
385279566	275608481	2.0
377161289	275608481	4.0
566457149	275608481	4.0
309161247	275608481	3.0
314005880	275608481	3.0
351276055	275608481	3.0
367689581	275608481	3.0
385418609	275608481	3.0
385418610	275608481	3.0
502775983	275608481	3.0
502775984	275608481	3.0
502777623	275608481	2.0
281396281	275608481	3.0
306425802	275608481	4.0
306425803	275608481	4.0
367688645	275608481	3.0
367689021	275608481	2.0
385278920	275608481	3.0
385307451	275608481	3.0
607906243	275608481	3.0
607906245	275608481	3.0
250602935	275608481	4.0
502776632	275608481	3.0
277479210	275608481	4.0
284728310	275608481	2.0
281398264	275608481	4.0
248601840	275608481	3.0
248826129	275608481	3.0
281393824	275608481	1.0
284721142	275608481	4.0
284723940	275608481	4.0
284723941	275608481	4.0
284727596	275608481	3.0
284728311	275608481	3.0
281398357	275608481	3.0
372085261	275608481	1.0
281396597	275608481	2.0
385280490	275608481	3.0
250600046	275608481	3.0
275609077	275609077	0
275609101	275609077	1.0
275609108	275609077	2.0
385279566	275609077	2.0
377161289	275609077	4.0
566457149	275609077	4.0
309161247	275609077	3.0
314005880	275609077	3.0
351276055	275609077	4.0
367689581	275609077	3.0
385418609	275609077	3.0
385418610	275609077	3.0
502775983	275609077	4.0
502775984	275609077	3.0
502777623	275609077	3.0
281396281	275609077	3.0
306425802	275609077	4.0
306425803	275609077	3.0
367688645	275609077	3.0
367689021	275609077	2.0
385278920	275609077	3.0
385307451	275609077	3.0
607906243	275609077	4.0
607906245	275609077	4.0
250602935	275609077	4.0
502776632	275609077	3.0
277479210	275609077	4.0
284728310	275609077	3.0
281398264	275609077	3.0
248601840	275609077	3.0
248826129	275609077	3.0
281393824	275609077	0.0
284721142	275609077	4.0
284723940	275609077	4.0
284723941	275609077	4.0
284727596	275609077	4.0
284728311	275609077	3.0
281398357	275609077	3.0
372085261	275609077	2.0
281396597	275609077	2.0
385280490	275609077	2.0
250600046	275609077	4.0
275609101	275609101	0
275609108	275609101	1.0
385279566	275609101	2.0
377161289	275609101	4.0
566457149	275609101	4.0
309161247	275609101	3.0
314005880	275609101	4.0
351276055	275609101	4.0
367689581	275609101	3.0
385418609	275609101	3.0
385418610	275609101	3.0
502775983	275609101	4.0
502775984	275609101	3.0
502777623	275609101	3.0
281396281	275609101	3.0
306425802	275609101	4.0
306425803	275609101	4.0
367688645	275609101	3.0
367689021	275609101	2.0
385278920	275609101	4.0
385307451	275609101	3.0
607906243	275609101	4.0
607906245	275609101	4.0
250602935	275609101	4.0
502776632	275609101	3.0
277479210	275609101	4.0
284728310	275609101	3.0
281398264	275609101	3.0
248601840	275609101	3.0
248826129	275609101	3.0
281393824	275609101	1.0
284721142	275609101	4.0
284723940	275609101	4.0
284723941	275609101	4.0
284727596	275609101	4.0
284728311	275609101	3.0
281398357	275609101	3.0
372085261	275609101	1.0
281396597	275609101	2.0
385280490	275609101	3.0
250600046	275609101	3.0
275609108	275609108	0
385279566	275609108	2.0
377161289	275609108	4.0
566457149	275609108	4.0
309161247	275609108	4.0
314005880	275609108	4.0
351276055	275609108	4.0
367689581	275609108	3.0
385418609	275609108	3.0
385418610	275609108	3.0
502775983	275609108	4.0
502775984	275609108	4.0
502777623	275609108	3.0
281396281	275609108	3.0
306425802	275609108	4.0
306425803	275609108	4.0
367688645	275609108	3.0
367689021	275609108	3.0
385278920	275609108	3.0
385307451	275609108	3.0
607906243	275609108	4.0
607906245	275609108	4.0
250602935	275609108	4.0
502776632	275609108	3.0
277479210	275609108	4.0
284728310	275609108	3.0
281398264	275609108	3.0
248601840	275609108	3.0
248826129	275609108	3.0
281393824	275609108	2.0
284721142	275609108	4.0
284723940	275609108	4.0
284723941	275609108	4.0
284727596	275609108	4.0
284728311	275609108	4.0
281398357	275609108	3.0
372085261	275609108	2.0
281396597	275609108	3.0
385280490	275609108	3.0
250600046	275609108	4.0
385279566	385279566	0
377161289	385279566	4.0
566457149	385279566	4.0
309161247	385279566	4.0
314005880	385279566	4.0
351276055	385279566	4.0
367689581	385279566	3.0
385418609	385279566	4.0
385418610	385279566	3.0
502775983	385279566	4.0
502775984	385279566	4.0
502777623	385279566	3.0
281396281	385279566	3.0
306425802	385279566	3.0
306425803	385279566	3.0
367688645	385279566	3.0
367689021	385279566	3.0
385278920	385279566	3.0
385307451	385279566	3.0
607906243	385279566	4.0
607906245	385279566	4.0
250602935	385279566	4.0
502776632	385279566	3.0
277479210	385279566	4.0
284728310	385279566	3.0
281398264	385279566	3.0
248601840	385279566	4.0
248826129	385279566	4.0
281393824	385279566	2.0
284721142	385279566	4.0
284723940	385279566	4.0
284723941	385279566	4.0
284727596	385279566	4.0
284728311	385279566	4.0
281398357	385279566	3.0
372085261	385279566	2.0
281396597	385279566	2.0
385280490	385279566	3.0
250600046	385279566	4.0
377161289	377161289	0
566457149	377161289	0.0
309161247	377161289	2.0
314005880	377161289	4.0
351276055	377161289	3.0
367689581	377161289	3.0
385418609	377161289	3.0
385418610	377161289	3.0
502775983	377161289	3.0
502775984	377161289	3.0
502777623	377161289	3.0
281396281	377161289	4.0
306425802	377161289	4.0
306425803	377161289	4.0
367688645	377161289	4.0
367689021	377161289	3.0
385278920	377161289	4.0
385307451	377161289	4.0
607906243	377161289	3.0
607906245	377161289	3.0
250602935	377161289	0.0
502776632	377161289	3.0
277479210	377161289	4.0
284728310	377161289	3.0
281398264	377161289	4.0
248601840	377161289	3.0
248826129	377161289	2.0
281393824	377161289	4.0
284721142	377161289	2.0
284723940	377161289	3.0
284723941	377161289	4.0
284727596	377161289	4.0
284728311	377161289	3.0
281398357	377161289	4.0
372085261	377161289	4.0
281396597	377161289	4.0
385280490	377161289	4.0
250600046	377161289	1.0
566457149	566457149	0
309161247	566457149	1.0
314005880	566457149	3.0
351276055	566457149	4.0
367689581	566457149	3.0
385418609	566457149	2.0
385418610	566457149	3.0
502775983	566457149	3.0
502775984	566457149	3.0
502777623	566457149	3.0
281396281	566457149	4.0
306425802	566457149	4.0
306425803	566457149	4.0
367688645	566457149	4.0
367689021	566457149	3.0
385278920	566457149	4.0
385307451	566457149	4.0
607906243	566457149	2.0
607906245	566457149	3.0
250602935	566457149	0.0
502776632	566457149	3.0
277479210	566457149	4.0
284728310	566457149	3.0
281398264	566457149	4.0
248601840	566457149	3.0
248826129	566457149	2.0
281393824	566457149	4.0
284721142	566457149	2.0
284723940	566457149	3.0
284723941	566457149	4.0
284727596	566457149	3.0
284728311	566457149	3.0
281398357	566457149	4.0
372085261	566457149	4.0
281396597	566457149	3.0
385280490	566457149	4.0
250600046	566457149	2.0
309161247	309161247	0
314005880	309161247	3.0
351276055	309161247	3.0
367689581	309161247	3.0
385418609	309161247	2.0
385418610	309161247	2.0
502775983	309161247	3.0
502775984	309161247	3.0
502777623	309161247	2.0
281396281	309161247	3.0
306425802	309161247	4.0
306425803	309161247	4.0
367688645	309161247	4.0
367689021	309161247	3.0
385278920	309161247	4.0
385307451	309161247	4.0
607906243	309161247	2.0
607906245	309161247	2.0
250602935	309161247	2.0
502776632	309161247	2.0
277479210	309161247	4.0
284728310	309161247	2.0
281398264	309161247	4.0
248601840	309161247	2.0
248826129	309161247	2.0
281393824	309161247	3.0
284721142	309161247	2.0
284723940	309161247	3.0
284723941	309161247	3.0
284727596	309161247	3.0
284728311	309161247	2.0
281398357	309161247	3.0
372085261	309161247	3.0
281396597	309161247	3.0
385280490	309161247	3.0
250600046	309161247	2.0
314005880	314005880	0
351276055	314005880	2.0
367689581	314005880	2.0
385418609	314005880	2.0
385418610	314005880	2.0
502775983	314005880	2.0
502775984	314005880	1.0
502777623	314005880	2.0
281396281	314005880	3.0
306425802	314005880	3.0
306425803	314005880	3.0
367688645	314005880	3.0
367689021	314005880	3.0
385278920	314005880	4.0
385307451	314005880	2.0
607906243	314005880	3.0
607906245	314005880	2.0
250602935	314005880	4.0
502776632	314005880	3.0
277479210	314005880	4.0
284728310	314005880	3.0
281398264	314005880	2.0
248601840	314005880	4.0
248826129	314005880	4.0
281393824	314005880	3.0
284721142	314005880	3.0
284723940	314005880	3.0
284723941	314005880	2.0
284727596	314005880	1.0
284728311	314005880	2.0
281398357	314005880	2.0
372085261	314005880	4.0
281396597	314005880	3.0
385280490	314005880	3.0
250600046	314005880	4.0
351276055	351276055	0
367689581	351276055	2.0
385418609	351276055	2.0
385418610	351276055	2.0
502775983	351276055	0.0
502775984	351276055	1.0
502777623	351276055	3.0
281396281	351276055	4.0
306425802	351276055	3.0
306425803	351276055	3.0
367688645	351276055	3.0
367689021	351276055	3.0
385278920	351276055	4.0
385307451	351276055	3.0
607906243	351276055	2.0
607906245	351276055	2.0
250602935	351276055	3.0
502776632	351276055	3.0
277479210	351276055	4.0
284728310	351276055	2.0
281398264	351276055	3.0
248601840	351276055	4.0
248826129	351276055	4.0
281393824	351276055	4.0
284721142	351276055	2.0
284723940	351276055	2.0
284723941	351276055	0.0
284727596	351276055	0.0
284728311	351276055	2.0
281398357	351276055	3.0
372085261	351276055	3.0
281396597	351276055	3.0
385280490	351276055	4.0
250600046	351276055	4.0
367689581	367689581	0
385418609	367689581	1.0
385418610	367689581	0.0
502775983	367689581	2.0
502775984	367689581	2.0
502777623	367689581	1.0
281396281	367689581	3.0
306425802	367689581	3.0
306425803	367689581	3.0
367688645	367689581	3.0
367689021	367689581	2.0
385278920	367689581	4.0
385307451	367689581	4.0
607906243	367689581	2.0
607906245	367689581	2.0
250602935	367689581	3.0
502776632	367689581	1.0
277479210	367689581	4.0
284728310	367689581	1.0
281398264	367689581	4.0
248601840	367689581	3.0
248826129	367689581	3.0
281393824	367689581	3.0
284721142	367689581	3.0
284723940	367689581	3.0
284723941	367689581	2.0
284727596	367689581	1.0
284728311	367689581	1.0
281398357	367689581	3.0
372085261	367689581	3.0
281396597	367689581	3.0
385280490	367689581	3.0
250600046	367689581	3.0
385418609	385418609	0
385418610	385418609	1.0
502775983	385418609	2.0
502775984	385418609	2.0
502777623	385418609	2.0
281396281	385418609	3.0
306425802	385418609	4.0
306425803	385418609	4.0
367688645	385418609	4.0
367689021	385418609	3.0
385278920	385418609	4.0
385307451	385418609	4.0
607906243	385418609	2.0
607906245	385418609	2.0
250602935	385418609	2.0
502776632	385418609	2.0
277479210	385418609	4.0
284728310	385418609	1.0
281398264	385418609	4.0
248601840	385418609	3.0
248826129	385418609	3.0
281393824	385418609	3.0
284721142	385418609	2.0
284723940	385418609	3.0
284723941	385418609	3.0
284727596	385418609	2.0
284728311	385418609	1.0
281398357	385418609	3.0
372085261	385418609	3.0
281396597	385418609	3.0
385280490	385418609	3.0
250600046	385418609	3.0
385418610	385418610	0
502775983	385418610	2.0
502775984	385418610	2.0
502777623	385418610	1.0
281396281	385418610	3.0
306425802	385418610	4.0
306425803	385418610	4.0
367688645	385418610	3.0
367689021	385418610	2.0
385278920	385418610	4.0
385307451	385418610	3.0
607906243	385418610	3.0
607906245	385418610	2.0
250602935	385418610	3.0
502776632	385418610	2.0
277479210	385418610	4.0
284728310	385418610	1.0
281398264	385418610	3.0
248601840	385418610	3.0
248826129	385418610	3.0
281393824	385418610	3.0
284721142	385418610	3.0
284723940	385418610	3.0
284723941	385418610	3.0
284727596	385418610	2.0
284728311	385418610	1.0
281398357	385418610	2.0
372085261	385418610	3.0
281396597	385418610	3.0
385280490	385418610	3.0
250600046	385418610	3.0
502775983	502775983	0
502775984	502775983	0.0
502777623	502775983	2.0
281396281	502775983	3.0
306425802	502775983	3.0
306425803	502775983	3.0
367688645	502775983	3.0
367689021	502775983	3.0
385278920	502775983	4.0
385307451	502775983	3.0
607906243	502775983	2.0
607906245	502775983	2.0
250602935	502775983	3.0
502776632	502775983	3.0
277479210	502775983	4.0
284728310	502775983	2.0
281398264	502775983	3.0
248601840	502775983	3.0
248826129	502775983	3.0
281393824	502775983	3.0
284721142	502775983	2.0
284723940	502775983	2.0
284723941	502775983	1.0
284727596	502775983	1.0
284728311	502775983	1.0
281398357	502775983	3.0
372085261	502775983	3.0
281396597	502775983	3.0
385280490	502775983	3.0
250600046	502775983	3.0
502775984	502775984	0
502777623	502775984	2.0
281396281	502775984	3.0
306425802	502775984	3.0
306425803	502775984	3.0
367688645	502775984	3.0
367689021	502775984	3.0
385278920	502775984	4.0
385307451	502775984	3.0
607906243	502775984	2.0
607906245	502775984	1.0
250602935	502775984	3.0
502776632	502775984	2.0
277479210	502775984	4.0
284728310	502775984	2.0
281398264	502775984	3.0
248601840	502775984	3.0
248826129	502775984	3.0
281393824	502775984	3.0
284721142	502775984	2.0
284723940	502775984	3.0
284723941	502775984	2.0
284727596	502775984	0.0
284728311	502775984	1.0
281398357	502775984	3.0
372085261	502775984	3.0
281396597	502775984	3.0
385280490	502775984	3.0
250600046	502775984	3.0
502777623	502777623	0
281396281	502777623	3.0
306425802	502777623	4.0
306425803	502777623	4.0
367688645	502777623	3.0
367689021	502777623	2.0
385278920	502777623	3.0
385307451	502777623	3.0
607906243	502777623	3.0
607906245	502777623	3.0
250602935	502777623	3.0
502776632	502777623	0.0
277479210	502777623	4.0
284728310	502777623	0.0
281398264	502777623	3.0
248601840	502777623	3.0
248826129	502777623	3.0
281393824	502777623	3.0
284721142	502777623	3.0
284723940	502777623	4.0
284723941	502777623	3.0
284727596	502777623	2.0
284728311	502777623	2.0
281398357	502777623	3.0
372085261	502777623	3.0
281396597	502777623	2.0
385280490	502777623	3.0
250600046	502777623	3.0
281396281	281396281	0
306425802	281396281	3.0
306425803	281396281	3.0
367688645	281396281	2.0
367689021	281396281	2.0
385278920	281396281	3.0
385307451	281396281	2.0
607906243	281396281	4.0
607906245	281396281	4.0
250602935	281396281	4.0
502776632	281396281	3.0
277479210	281396281	3.0
284728310	281396281	3.0
281398264	281396281	2.0
248601840	281396281	4.0
248826129	281396281	4.0
281393824	281396281	2.0
284721142	281396281	4.0
284723940	281396281	4.0
284723941	281396281	4.0
284727596	281396281	3.0
284728311	281396281	3.0
281398357	281396281	1.0
372085261	281396281	3.0
281396597	281396281	2.0
385280490	281396281	2.0
250600046	281396281	4.0
306425802	306425802	0
306425803	306425802	0.0
367688645	306425802	3.0
367689021	306425802	3.0
385278920	306425802	4.0
385307451	306425802	2.0
607906243	306425802	4.0
607906245	306425802	4.0
250602935	306425802	4.0
502776632	306425802	4.0
277479210	306425802	4.0
284728310	306425802	4.0
281398264	306425802	2.0
248601840	306425802	4.0
248826129	306425802	4.0
281393824	306425802	3.0
284721142	306425802	4.0
284723940	306425802	4.0
284723941	306425802	3.0
284727596	306425802	3.0
284728311	306425802	3.0
281398357	306425802	3.0
372085261	306425802	4.0
281396597	306425802	3.0
385280490	306425802	3.0
250600046	306425802	4.0
306425803	306425803	0
367688645	306425803	2.0
367689021	306425803	3.0
385278920	306425803	4.0
385307451	306425803	2.0
607906243	306425803	3.0
607906245	306425803	3.0
250602935	306425803	4.0
502776632	306425803	4.0
277479210	306425803	4.0
284728310	306425803	4.0
281398264	306425803	2.0
248601840	306425803	4.0
248826129	306425803	4.0
281393824	306425803	3.0
284721142	306425803	4.0
284723940	306425803	4.0
284723941	306425803	3.0
284727596	306425803	3.0
284728311	306425803	3.0
281398357	306425803	2.0
372085261	306425803	4.0
281396597	306425803	3.0
385280490	306425803	3.0
250600046	306425803	4.0
367688645	367688645	0
367689021	367688645	2.0
385278920	367688645	3.0
385307451	367688645	2.0
607906243	367688645	4.0
607906245	367688645	3.0
250602935	367688645	4.0
502776632	367688645	3.0
277479210	367688645	4.0
284728310	367688645	3.0
281398264	367688645	2.0
248601840	367688645	4.0
248826129	367688645	4.0
281393824	367688645	3.0
284721142	367688645	4.0
284723940	367688645	4.0
284723941	367688645	3.0
284727596	367688645	3.0
284728311	367688645	3.0
281398357	367688645	1.0
372085261	367688645	3.0
281396597	367688645	2.0
385280490	367688645	2.0
250600046	367688645	4.0
367689021	367689021	0
385278920	367689021	3.0
385307451	367689021	3.0
607906243	367689021	3.0
607906245	367689021	3.0
250602935	367689021	3.0
502776632	367689021	2.0
277479210	367689021	3.0
284728310	367689021	2.0
281398264	367689021	3.0
248601840	367689021	3.0
248826129	367689021	3.0
281393824	367689021	2.0
284721142	367689021	3.0
284723940	367689021	4.0
284723941	367689021	3.0
284727596	367689021	3.0
284728311	367689021	3.0
281398357	367689021	2.0
372085261	367689021	2.0
281396597	367689021	1.0
385280490	367689021	2.0
250600046	367689021	3.0
385278920	385278920	0
385307451	385278920	3.0
607906243	385278920	4.0
607906245	385278920	4.0
250602935	385278920	4.0
502776632	385278920	4.0
277479210	385278920	3.0
284728310	385278920	4.0
281398264	385278920	3.0
248601840	385278920	4.0
248826129	385278920	4.0
281393824	385278920	3.0
284721142	385278920	4.0
284723940	385278920	4.0
284723941	385278920	4.0
284727596	385278920	4.0
284728311	385278920	4.0
281398357	385278920	4.0
372085261	385278920	4.0
281396597	385278920	3.0
385280490	385278920	3.0
250600046	385278920	4.0
385307451	385307451	0
607906243	385307451	4.0
607906245	385307451	3.0
250602935	385307451	4.0
502776632	385307451	3.0
277479210	385307451	3.0
284728310	385307451	3.0
281398264	385307451	0.0
248601840	385307451	4.0
248826129	385307451	4.0
281393824	385307451	3.0
284721142	385307451	4.0
284723940	385307451	4.0
284723941	385307451	3.0
284727596	385307451	3.0
284728311	385307451	4.0
281398357	385307451	2.0
372085261	385307451	3.0
281396597	385307451	2.0
385280490	385307451	2.0
250600046	385307451	4.0
607906243	607906243	0
607906245	607906243	2.0
250602935	607906243	2.0
502776632	607906243	3.0
277479210	607906243	4.0
284728310	607906243	3.0
281398264	607906243	4.0
248601840	607906243	3.0
248826129	607906243	3.0
281393824	607906243	4.0
284721142	607906243	1.0
284723940	607906243	2.0
284723941	607906243	3.0
284727596	607906243	2.0
284728311	607906243	2.0
281398357	607906243	4.0
372085261	607906243	4.0
281396597	607906243	3.0
385280490	607906243	4.0
250600046	607906243	3.0
607906245	607906245	0
250602935	607906245	2.0
502776632	607906245	3.0
277479210	607906245	4.0
284728310	607906245	3.0
281398264	607906245	3.0
248601840	607906245	3.0
248826129	607906245	3.0
281393824	607906245	4.0
284721142	607906245	2.0
284723940	607906245	2.0
284723941	607906245	3.0
284727596	607906245	2.0
284728311	607906245	2.0
281398357	607906245	3.0
372085261	607906245	4.0
281396597	607906245	3.0
385280490	607906245	4.0
250600046	607906245	3.0
250602935	250602935	0
502776632	250602935	3.0
277479210	250602935	4.0
284728310	250602935	3.0
281398264	250602935	4.0
248601840	250602935	3.0
248826129	250602935	2.0
281393824	250602935	4.0
284721142	250602935	2.0
284723940	250602935	3.0
284723941	250602935	4.0
284727596	250602935	3.0
284728311	250602935	3.0
281398357	250602935	4.0
372085261	250602935	4.0
281396597	250602935	3.0
385280490	250602935	4.0
250600046	250602935	1.0
502776632	502776632	0
277479210	502776632	4.0
284728310	502776632	0.0
281398264	502776632	3.0
248601840	502776632	3.0
248826129	502776632	3.0
281393824	502776632	3.0
284721142	502776632	3.0
284723940	502776632	4.0
284723941	502776632	3.0
284727596	502776632	2.0
284728311	502776632	2.0
281398357	502776632	3.0
372085261	502776632	2.0
281396597	502776632	3.0
385280490	502776632	3.0
250600046	502776632	3.0
277479210	277479210	0
284728310	277479210	4.0
281398264	277479210	3.0
248601840	277479210	4.0
248826129	277479210	4.0
281393824	277479210	4.0
284721142	277479210	4.0
284723940	277479210	4.0
284723941	277479210	4.0
284727596	277479210	4.0
284728311	277479210	4.0
281398357	277479210	4.0
372085261	277479210	4.0
281396597	277479210	3.0
385280490	277479210	3.0
250600046	277479210	4.0
284728310	284728310	0
281398264	284728310	3.0
248601840	284728310	3.0
248826129	284728310	3.0
281393824	284728310	3.0
284721142	284728310	3.0
284723940	284728310	3.0
284723941	284728310	3.0
284727596	284728310	2.0
284728311	284728310	2.0
281398357	284728310	3.0
372085261	284728310	3.0
281396597	284728310	2.0
385280490	284728310	3.0
250600046	284728310	3.0
281398264	281398264	0
248601840	281398264	4.0
248826129	281398264	4.0
281393824	281398264	3.0
284721142	281398264	4.0
284723940	281398264	4.0
284723941	281398264	3.0
284727596	281398264	3.0
284728311	281398264	4.0
281398357	281398264	2.0
372085261	281398264	3.0
281396597	281398264	2.0
385280490	281398264	3.0
250600046	281398264	4.0
248601840	248601840	0
248826129	248601840	1.0
281393824	248601840	3.0
284721142	248601840	3.0
284723940	248601840	4.0
284723941	248601840	4.0
284727596	248601840	3.0
284728311	248601840	3.0
281398357	248601840	4.0
372085261	248601840	3.0
281396597	248601840	3.0
385280490	248601840	4.0
250600046	248601840	2.0
248826129	248826129	0
281393824	248826129	3.0
284721142	248826129	3.0
284723940	248826129	4.0
284723941	248826129	4.0
284727596	248826129	3.0
284728311	248826129	3.0
281398357	248826129	4.0
372085261	248826129	3.0
281396597	248826129	3.0
385280490	248826129	4.0
250600046	248826129	1.0
281393824	281393824	0
284721142	281393824	4.0
284723940	281393824	4.0
284723941	281393824	4.0
284727596	281393824	3.0
284728311	281393824	3.0
281398357	281393824	2.0
372085261	281393824	1.0
281396597	281393824	2.0
385280490	281393824	2.0
250600046	281393824	4.0
284721142	284721142	0
284723940	284721142	2.0
284723941	284721142	3.0
284727596	284721142	2.0
284728311	284721142	2.0
281398357	284721142	4.0
372085261	284721142	4.0
281396597	284721142	4.0
385280490	284721142	4.0
250600046	284721142	3.0
284723940	284723940	0
284723941	284723940	2.0
284727596	284723940	2.0
284728311	284723940	3.0
281398357	284723940	4.0
372085261	284723940	4.0
281396597	284723940	4.0
385280490	284723940	4.0
250600046	284723940	3.0
284723941	284723941	0
284727596	284723941	1.0
284728311	284723941	2.0
281398357	284723941	3.0
372085261	284723941	4.0
281396597	284723941	3.0
385280490	284723941	4.0
250600046	284723941	4.0
284727596	284727596	0
284728311	284727596	2.0
281398357	284727596	3.0
372085261	284727596	3.0
281396597	284727596	3.0
385280490	284727596	3.0
250600046	284727596	3.0
284728311	284728311	0
281398357	284728311	2.0
372085261	284728311	3.0
281396597	284728311	3.0
385280490	284728311	3.0
250600046	284728311	3.0
281398357	281398357	0
372085261	281398357	3.0
281396597	281398357	2.0
385280490	281398357	2.0
250600046	281398357	4.0
372085261	372085261	0
281396597	372085261	2.0
385280490	372085261	3.0
250600046	372085261	3.0
281396597	281396597	0
385280490	281396597	1.0
250600046	281396597	3.0
385280490	385280490	0
250600046	385280490	4.0
250600046	250600046	0
