276027369	[-53,38.0,15.0]	40.83688592	-73.88514888	0.07417030653972088	0.314542567616887	0.32827675053718697	0.0012208658435841463	0.5978494623655914	0.17279786094362842
284841206	[23,12.0,-35.0]	40.8498162	-73.8805415548387	0.07417030653972088	0.314542567616887	0.32827675053718697	0.0012208658435841463	0.5978494623655914	0.17279786094362842
330088942	[-28,7.0,21.0]	40.83876328	-73.87973114	0.07417030653972088	0.314542567616887	0.32827675053718697	0.0012208658435841463	0.5978494623655914	0.17279786094362842
330088943	[-31,12.0,19.0]	40.838735039999996	-73.88056326	0.07417030653972088	0.314542567616887	0.32827675053718697	0.0012208658435841463	0.5978494623655914	0.17279786094362842
330088944	[-30,11.0,19.0]	40.83875872	-73.88040404	0.07417030653972088	0.314542567616887	0.32827675053718697	0.0012208658435841463	0.5978494623655914	0.17279786094362842
330088945	[-30,10.0,20.0]	40.8387825	-73.88024432	0.07417030653972088	0.314542567616887	0.32827675053718697	0.0012208658435841463	0.5978494623655914	0.17279786094362842
174555592	[-7,17.0,-10.0]	40.84413501428571	-73.88140119285715	0.07417030653972088	0.314542567616887	0.32827675053718697	0.0012208658435841463	0.5978494623655914	0.17279786094362842
174555593	[-8,18.0,-10.0]	40.84405208	-73.88173051999999	0.07417030653972088	0.314542567616887	0.32827675053718697	0.0012208658435841463	0.5978494623655914	0.17279786094362842
174555594	[-9,19.0,-10.0]	40.8439345	-73.88181806	0.07417030653972088	0.314542567616887	0.32827675053718697	0.0012208658435841463	0.5978494623655914	0.17279786094362842
285120145	[-17,-33.0,50.0]	40.83698355	-73.87260226	0.07417030653972088	0.314542567616887	0.32827675053718697	0.0012208658435841463	0.5978494623655914	0.17279786094362842
276009919	[-77,81.0,-4.0]	40.83633978095238	-73.89276427142858	0.07417030653972088	0.314542567616887	0.32827675053718697	0.0012208658435841463	0.5978494623655914	0.17279786094362842
276004179	[-71,49.0,22.0]	40.83423767586207	-73.88711773448277	0.07417030653972088	0.314542567616887	0.32827675053718697	0.0012208658435841463	0.5978494623655914	0.17279786094362842
276009914	[-71,69.0,2.0]	40.83642061818181	-73.8906812090909	0.07417030653972088	0.314542567616887	0.32827675053718697	0.0012208658435841463	0.5978494623655914	0.17279786094362842
284841205	[36,12.0,-48.0]	40.852440200000004	-73.88058346	0.07417030653972088	0.314542567616887	0.32827675053718697	0.0012208658435841463	0.5978494623655914	0.17279786094362842
281853278	[7,-70.0,63.0]	40.838156844	-73.866020268	0.07417030653972088	0.314542567616887	0.32827675053718697	0.0012208658435841463	0.5978494623655914	0.17279786094362842
314013115	[-53,36.0,17.0]	40.8366764	-73.88472554	0.07417030653972088	0.314542567616887	0.32827675053718697	0.0012208658435841463	0.5978494623655914	0.17279786094362842
314365695	[-62,53.0,9.0]	40.8365083	-73.88789630000001	0.07417030653972088	0.314542567616887	0.32827675053718697	0.0012208658435841463	0.5978494623655914	0.17279786094362842
329983066	[-28,2.0,26.0]	40.83829246	-73.87880152	0.07417030653972088	0.314542567616887	0.32827675053718697	0.0012208658435841463	0.5978494623655914	0.17279786094362842
248544351	[-9,17.0,-8.0]	40.843824445454544	-73.88143532272728	0.07417030653972088	0.314542567616887	0.32827675053718697	0.0012208658435841463	0.5978494623655914	0.17279786094362842
322784396	[10,25.0,-35.0]	40.84842332173912	-73.88286014782607	0.07417030653972088	0.314542567616887	0.32827675053718697	0.0012208658435841463	0.5978494623655914	0.17279786094362842
322784397	[11,25.0,-36.0]	40.84869773076924	-73.88277683846152	0.07417030653972088	0.314542567616887	0.32827675053718697	0.0012208658435841463	0.5978494623655914	0.17279786094362842
322784399	[10,24.0,-34.0]	40.848355275	-73.88279789500001	0.07417030653972088	0.314542567616887	0.32827675053718697	0.0012208658435841463	0.5978494623655914	0.17279786094362842
322784400	[8,26.0,-34.0]	40.848157475	-73.88294042500002	0.07417030653972088	0.314542567616887	0.32827675053718697	0.0012208658435841463	0.5978494623655914	0.17279786094362842
323048816	[-16,36.0,-20.0]	40.8442475	-73.88477144285714	0.07417030653972088	0.314542567616887	0.32827675053718697	0.0012208658435841463	0.5978494623655914	0.17279786094362842
103109950	[22,18.0,-40.0]	40.850187790476205	-73.88172770238096	0.07417030653972088	0.314542567616887	0.32827675053718697	0.0012208658435841463	0.5978494623655914	0.17279786094362842
323019639	[17,29.0,-46.0]	40.85032212857143	-73.88345612857142	0.07417030653972088	0.314542567616887	0.32827675053718697	0.0012208658435841463	0.5978494623655914	0.17279786094362842
323307951	[29,15.0,-44.0]	40.851308180000004	-73.88114785999998	0.07417030653972088	0.314542567616887	0.32827675053718697	0.0012208658435841463	0.5978494623655914	0.17279786094362842
323307952	[28,17.0,-45.0]	40.85142548	-73.8814251	0.07417030653972088	0.314542567616887	0.32827675053718697	0.0012208658435841463	0.5978494623655914	0.17279786094362842
330304527	[2,-43.0,41.0]	40.8398368	-73.87091444999999	0.07417030653972088	0.314542567616887	0.32827675053718697	0.0012208658435841463	0.5978494623655914	0.17279786094362842
174542570	[19,-11.0,-8.0]	40.84663884705882	-73.87653553529412	0.07417030653972088	0.314542567616887	0.32827675053718697	0.0012208658435841463	0.5978494623655914	0.17279786094362842
226763251	[-4,-10.0,14.0]	40.8419856	-73.87658954	0.07417030653972088	0.314542567616887	0.32827675053718697	0.0012208658435841463	0.5978494623655914	0.17279786094362842
222185317	[47,-14.0,-33.0]	40.8520081	-73.87586142307693	0.07417030653972088	0.314542567616887	0.32827675053718697	0.0012208658435841463	0.5978494623655914	0.17279786094362842
276035360	[-9,26.0,-17.0]	40.844674266666665	-73.88306195833333	0.07417030653972088	0.314542567616887	0.32827675053718697	0.0012208658435841463	0.5978494623655914	0.17279786094362842
388137235	[18,6.0,-24.0]	40.84810685555556	-73.87955216666666	0.07417030653972088	0.314542567616887	0.32827675053718697	0.0012208658435841463	0.5978494623655914	0.17279786094362842
276031197	[-23,28.0,-5.0]	40.84194271	-73.88343162	0.07417030653972088	0.314542567616887	0.32827675053718697	0.0012208658435841463	0.5978494623655914	0.17279786094362842
276031200	[-24,28.0,-4.0]	40.84181486	-73.88337456	0.07417030653972088	0.314542567616887	0.32827675053718697	0.0012208658435841463	0.5978494623655914	0.17279786094362842
330304528	[1,-40.0,39.0]	40.83992394	-73.87129157999999	0.07417030653972088	0.314542567616887	0.32827675053718697	0.0012208658435841463	0.5978494623655914	0.17279786094362842
276008233	[-98,101.0,-3.0]	40.83411956428571	-73.89634981428571	0.07417030653972088	0.314542567616887	0.32827675053718697	0.0012208658435841463	0.5978494623655914	0.17279786094362842
276031241	[-35,39.0,-4.0]	40.84070935454546	-73.88540133636364	0.07417030653972088	0.314542567616887	0.32827675053718697	0.0012208658435841463	0.5978494623655914	0.17279786094362842
276033997	[-42,69.0,-27.0]	40.84221094	-73.89064288	0.07417030653972088	0.314542567616887	0.32827675053718697	0.0012208658435841463	0.5978494623655914	0.17279786094362842
276034474	[-1,2.0,-1.0]	40.8438501875	-73.8787928	0.07417030653972088	0.314542567616887	0.32827675053718697	0.0012208658435841463	0.5978494623655914	0.17279786094362842
276036545	[-36,49.0,-13.0]	40.84145748	-73.88721152666668	0.07417030653972088	0.314542567616887	0.32827675053718697	0.0012208658435841463	0.5978494623655914	0.17279786094362842
281859678	[7,-77.0,70.0]	40.83728228333333	-73.86476423333333	0.07417030653972088	0.314542567616887	0.32827675053718697	0.0012208658435841463	0.5978494623655914	0.17279786094362842
281833145	[32,-60.0,28.0]	40.844232292307694	-73.86786803076923	0.07417030653972088	0.314542567616887	0.32827675053718697	0.0012208658435841463	0.5978494623655914	0.17279786094362842
276027369	276027369	0
284841206	276027369	4.0
330088942	276027369	3.0
330088943	276027369	3.0
330088944	276027369	3.0
330088945	276027369	3.0
174555592	276027369	3.0
174555593	276027369	4.0
174555594	276027369	4.0
285120145	276027369	4.0
276009919	276027369	3.0
276004179	276027369	2.0
276009914	276027369	3.0
284841205	276027369	4.0
281853278	276027369	4.0
314013115	276027369	0.0
314365695	276027369	2.0
329983066	276027369	4.0
248544351	276027369	3.0
322784396	276027369	4.0
322784397	276027369	4.0
322784399	276027369	4.0
322784400	276027369	4.0
323048816	276027369	3.0
103109950	276027369	4.0
323019639	276027369	4.0
323307951	276027369	4.0
323307952	276027369	4.0
330304527	276027369	4.0
174542570	276027369	3.0
226763251	276027369	3.0
222185317	276027369	5.0
276035360	276027369	3.0
388137235	276027369	4.0
276031197	276027369	3.0
276031200	276027369	3.0
330304528	276027369	4.0
276008233	276027369	3.0
276031241	276027369	2.0
276033997	276027369	3.0
276034474	276027369	3.0
276036545	276027369	4.0
281859678	276027369	4.0
281833145	276027369	4.0
284841206	284841206	0
330088942	284841206	4.0
330088943	284841206	4.0
330088944	284841206	4.0
330088945	284841206	4.0
174555592	284841206	3.0
174555593	284841206	3.0
174555594	284841206	3.0
285120145	284841206	4.0
276009919	284841206	4.0
276004179	284841206	4.0
276009914	284841206	4.0
284841205	284841206	2.0
281853278	284841206	4.0
314013115	284841206	4.0
314365695	284841206	4.0
329983066	284841206	5.0
248544351	284841206	3.0
322784396	284841206	1.0
322784397	284841206	1.0
322784399	284841206	1.0
322784400	284841206	1.0
323048816	284841206	3.0
103109950	284841206	0.0
323019639	284841206	2.0
323307951	284841206	0.0
323307952	284841206	0.0
330304527	284841206	4.0
174542570	284841206	2.0
226763251	284841206	3.0
222185317	284841206	4.0
276035360	284841206	3.0
388137235	284841206	2.0
276031197	284841206	3.0
276031200	284841206	3.0
330304528	284841206	4.0
276008233	284841206	4.0
276031241	284841206	3.0
276033997	284841206	4.0
276034474	284841206	3.0
276036545	284841206	4.0
281859678	284841206	4.0
281833145	284841206	4.0
330088942	330088942	0
330088943	330088942	2.0
330088944	330088942	2.0
330088945	330088942	0.0
174555592	330088942	3.0
174555593	330088942	3.0
174555594	330088942	3.0
285120145	330088942	5.0
276009919	330088942	4.0
276004179	330088942	4.0
276009914	330088942	3.0
284841205	330088942	4.0
281853278	330088942	3.0
314013115	330088942	3.0
314365695	330088942	3.0
329983066	330088942	4.0
248544351	330088942	3.0
322784396	330088942	4.0
322784397	330088942	4.0
322784399	330088942	4.0
322784400	330088942	4.0
323048816	330088942	3.0
103109950	330088942	4.0
323019639	330088942	4.0
323307951	330088942	4.0
323307952	330088942	4.0
330304527	330088942	3.0
174542570	330088942	3.0
226763251	330088942	2.0
222185317	330088942	4.0
276035360	330088942	3.0
388137235	330088942	3.0
276031197	330088942	3.0
276031200	330088942	2.0
330304528	330088942	3.0
276008233	330088942	4.0
276031241	330088942	3.0
276033997	330088942	4.0
276034474	330088942	3.0
276036545	330088942	2.0
281859678	330088942	3.0
281833145	330088942	3.0
330088943	330088943	0
330088944	330088943	0.0
330088945	330088943	2.0
174555592	330088943	3.0
174555593	330088943	3.0
174555594	330088943	3.0
285120145	330088943	3.0
276009919	330088943	3.0
276004179	330088943	3.0
276009914	330088943	3.0
284841205	330088943	4.0
281853278	330088943	4.0
314013115	330088943	3.0
314365695	330088943	3.0
329983066	330088943	5.0
248544351	330088943	2.0
322784396	330088943	3.0
322784397	330088943	3.0
322784399	330088943	3.0
322784400	330088943	3.0
323048816	330088943	3.0
103109950	330088943	4.0
323019639	330088943	3.0
323307951	330088943	4.0
323307952	330088943	4.0
330304527	330088943	3.0
174542570	330088943	3.0
226763251	330088943	2.0
222185317	330088943	4.0
276035360	330088943	3.0
388137235	330088943	3.0
276031197	330088943	2.0
276031200	330088943	2.0
330304528	330088943	3.0
276008233	330088943	4.0
276031241	330088943	2.0
276033997	330088943	3.0
276034474	330088943	3.0
276036545	330088943	3.0
281859678	330088943	4.0
281833145	330088943	3.0
330088944	330088944	0
330088945	330088944	2.0
174555592	330088944	3.0
174555593	330088944	3.0
174555594	330088944	2.0
285120145	330088944	3.0
276009919	330088944	3.0
276004179	330088944	3.0
276009914	330088944	3.0
284841205	330088944	4.0
281853278	330088944	4.0
314013115	330088944	3.0
314365695	330088944	3.0
329983066	330088944	5.0
248544351	330088944	2.0
322784396	330088944	3.0
322784397	330088944	3.0
322784399	330088944	3.0
322784400	330088944	3.0
323048816	330088944	3.0
103109950	330088944	4.0
323019639	330088944	3.0
323307951	330088944	4.0
323307952	330088944	4.0
330304527	330088944	3.0
174542570	330088944	3.0
226763251	330088944	2.0
222185317	330088944	4.0
276035360	330088944	3.0
388137235	330088944	3.0
276031197	330088944	2.0
276031200	330088944	2.0
330304528	330088944	3.0
276008233	330088944	4.0
276031241	330088944	3.0
276033997	330088944	3.0
276034474	330088944	3.0
276036545	330088944	3.0
281859678	330088944	4.0
281833145	330088944	3.0
330088945	330088945	0
174555592	330088945	3.0
174555593	330088945	3.0
174555594	330088945	3.0
285120145	330088945	5.0
276009919	330088945	4.0
276004179	330088945	4.0
276009914	330088945	3.0
284841205	330088945	4.0
281853278	330088945	3.0
314013115	330088945	3.0
314365695	330088945	3.0
329983066	330088945	5.0
248544351	330088945	3.0
322784396	330088945	4.0
322784397	330088945	4.0
322784399	330088945	4.0
322784400	330088945	4.0
323048816	330088945	3.0
103109950	330088945	4.0
323019639	330088945	4.0
323307951	330088945	4.0
323307952	330088945	4.0
330304527	330088945	3.0
174542570	330088945	3.0
226763251	330088945	2.0
222185317	330088945	4.0
276035360	330088945	3.0
388137235	330088945	3.0
276031197	330088945	3.0
276031200	330088945	3.0
330304528	330088945	3.0
276008233	330088945	4.0
276031241	330088945	3.0
276033997	330088945	4.0
276034474	330088945	3.0
276036545	330088945	2.0
281859678	330088945	4.0
281833145	330088945	3.0
174555592	174555592	0
174555593	174555592	0.0
174555594	174555592	0.0
285120145	174555592	4.0
276009919	174555592	4.0
276004179	174555592	4.0
276009914	174555592	4.0
284841205	174555592	3.0
281853278	174555592	4.0
314013115	174555592	3.0
314365695	174555592	3.0
329983066	174555592	5.0
248544351	174555592	0.0
322784396	174555592	2.0
322784397	174555592	2.0
322784399	174555592	2.0
322784400	174555592	2.0
323048816	174555592	2.0
103109950	174555592	3.0
323019639	174555592	3.0
323307951	174555592	3.0
323307952	174555592	3.0
330304527	174555592	3.0
174542570	174555592	1.0
226763251	174555592	2.0
222185317	174555592	4.0
276035360	174555592	0.0
388137235	174555592	1.0
276031197	174555592	1.0
276031200	174555592	2.0
330304528	174555592	3.0
276008233	174555592	4.0
276031241	174555592	3.0
276033997	174555592	3.0
276034474	174555592	2.0
276036545	174555592	4.0
281859678	174555592	4.0
281833145	174555592	3.0
174555593	174555593	0
174555594	174555593	0.0
285120145	174555593	4.0
276009919	174555593	4.0
276004179	174555593	4.0
276009914	174555593	3.0
284841205	174555593	3.0
281853278	174555593	4.0
314013115	174555593	4.0
314365695	174555593	3.0
329983066	174555593	5.0
248544351	174555593	0.0
322784396	174555593	2.0
322784397	174555593	2.0
322784399	174555593	2.0
322784400	174555593	2.0
323048816	174555593	2.0
103109950	174555593	3.0
323019639	174555593	3.0
323307951	174555593	3.0
323307952	174555593	3.0
330304527	174555593	3.0
174542570	174555593	2.0
226763251	174555593	2.0
222185317	174555593	4.0
276035360	174555593	0.0
388137235	174555593	1.0
276031197	174555593	1.0
276031200	174555593	1.0
330304528	174555593	3.0
276008233	174555593	4.0
276031241	174555593	3.0
276033997	174555593	3.0
276034474	174555593	2.0
276036545	174555593	4.0
281859678	174555593	4.0
281833145	174555593	4.0
174555594	174555594	0
285120145	174555594	4.0
276009919	174555594	4.0
276004179	174555594	4.0
276009914	174555594	3.0
284841205	174555594	3.0
281853278	174555594	4.0
314013115	174555594	4.0
314365695	174555594	3.0
329983066	174555594	5.0
248544351	174555594	0.0
322784396	174555594	3.0
322784397	174555594	2.0
322784399	174555594	3.0
322784400	174555594	2.0
323048816	174555594	2.0
103109950	174555594	3.0
323019639	174555594	3.0
323307951	174555594	3.0
323307952	174555594	3.0
330304527	174555594	3.0
174542570	174555594	2.0
226763251	174555594	2.0
222185317	174555594	4.0
276035360	174555594	1.0
388137235	174555594	1.0
276031197	174555594	1.0
276031200	174555594	1.0
330304528	174555594	3.0
276008233	174555594	4.0
276031241	174555594	3.0
276033997	174555594	3.0
276034474	174555594	2.0
276036545	174555594	4.0
281859678	174555594	4.0
281833145	174555594	4.0
285120145	285120145	0
276009919	285120145	4.0
276004179	285120145	4.0
276009914	285120145	4.0
284841205	285120145	4.0
281853278	285120145	3.0
314013115	285120145	4.0
314365695	285120145	4.0
329983066	285120145	5.0
248544351	285120145	4.0
322784396	285120145	4.0
322784397	285120145	4.0
322784399	285120145	4.0
322784400	285120145	4.0
323048816	285120145	4.0
103109950	285120145	4.0
323019639	285120145	4.0
323307951	285120145	4.0
323307952	285120145	4.0
330304527	285120145	3.0
174542570	285120145	4.0
226763251	285120145	3.0
222185317	285120145	4.0
276035360	285120145	4.0
388137235	285120145	4.0
276031197	285120145	4.0
276031200	285120145	4.0
330304528	285120145	3.0
276008233	285120145	4.0
276031241	285120145	4.0
276033997	285120145	4.0
276034474	285120145	4.0
276036545	285120145	5.0
281859678	285120145	3.0
281833145	285120145	4.0
276009919	276009919	0
276004179	276009919	2.0
276009914	276009919	1.0
284841205	276009919	4.0
281853278	276009919	4.0
314013115	276009919	3.0
314365695	276009919	2.0
329983066	276009919	4.0
248544351	276009919	4.0
322784396	276009919	4.0
322784397	276009919	4.0
322784399	276009919	4.0
322784400	276009919	4.0
323048816	276009919	3.0
103109950	276009919	4.0
323019639	276009919	4.0
323307951	276009919	4.0
323307952	276009919	4.0
330304527	276009919	4.0
174542570	276009919	4.0
226763251	276009919	4.0
222185317	276009919	5.0
276035360	276009919	4.0
388137235	276009919	4.0
276031197	276009919	4.0
276031200	276009919	3.0
330304528	276009919	4.0
276008233	276009919	2.0
276031241	276009919	3.0
276033997	276009919	3.0
276034474	276009919	4.0
276036545	276009919	4.0
281859678	276009919	4.0
281833145	276009919	4.0
276004179	276004179	0
276009914	276004179	2.0
284841205	276004179	4.0
281853278	276004179	4.0
314013115	276004179	2.0
314365695	276004179	1.0
329983066	276004179	4.0
248544351	276004179	4.0
322784396	276004179	4.0
322784397	276004179	4.0
322784399	276004179	4.0
322784400	276004179	4.0
323048816	276004179	3.0
103109950	276004179	4.0
323019639	276004179	4.0
323307951	276004179	4.0
323307952	276004179	4.0
330304527	276004179	4.0
174542570	276004179	4.0
226763251	276004179	4.0
222185317	276004179	5.0
276035360	276004179	3.0
388137235	276004179	4.0
276031197	276004179	3.0
276031200	276004179	3.0
330304528	276004179	4.0
276008233	276004179	3.0
276031241	276004179	3.0
276033997	276004179	3.0
276034474	276004179	4.0
276036545	276004179	4.0
281859678	276004179	4.0
281833145	276004179	4.0
276009914	276009914	0
284841205	276009914	4.0
281853278	276009914	4.0
314013115	276009914	3.0
314365695	276009914	1.0
329983066	276009914	4.0
248544351	276009914	4.0
322784396	276009914	4.0
322784397	276009914	4.0
322784399	276009914	4.0
322784400	276009914	3.0
323048816	276009914	3.0
103109950	276009914	4.0
323019639	276009914	4.0
323307951	276009914	4.0
323307952	276009914	4.0
330304527	276009914	4.0
174542570	276009914	4.0
226763251	276009914	3.0
222185317	276009914	5.0
276035360	276009914	3.0
388137235	276009914	4.0
276031197	276009914	3.0
276031200	276009914	3.0
330304528	276009914	4.0
276008233	276009914	2.0
276031241	276009914	2.0
276033997	276009914	3.0
276034474	276009914	4.0
276036545	276009914	4.0
281859678	276009914	4.0
281833145	276009914	4.0
284841205	284841205	0
281853278	284841205	4.0
314013115	284841205	4.0
314365695	284841205	4.0
329983066	284841205	5.0
248544351	284841205	3.0
322784396	284841205	2.0
322784397	284841205	2.0
322784399	284841205	2.0
322784400	284841205	2.0
323048816	284841205	3.0
103109950	284841205	1.0
323019639	284841205	1.0
323307951	284841205	2.0
323307952	284841205	2.0
330304527	284841205	4.0
174542570	284841205	3.0
226763251	284841205	3.0
222185317	284841205	4.0
276035360	284841205	3.0
388137235	284841205	2.0
276031197	284841205	3.0
276031200	284841205	3.0
330304528	284841205	4.0
276008233	284841205	4.0
276031241	284841205	3.0
276033997	284841205	4.0
276034474	284841205	3.0
276036545	284841205	4.0
281859678	284841205	4.0
281833145	284841205	4.0
281853278	281853278	0
314013115	281853278	4.0
314365695	281853278	4.0
329983066	281853278	5.0
248544351	281853278	4.0
322784396	281853278	4.0
322784397	281853278	4.0
322784399	281853278	4.0
322784400	281853278	4.0
323048816	281853278	4.0
103109950	281853278	4.0
323019639	281853278	4.0
323307951	281853278	4.0
323307952	281853278	4.0
330304527	281853278	2.0
174542570	281853278	4.0
226763251	281853278	3.0
222185317	281853278	4.0
276035360	281853278	4.0
388137235	281853278	4.0
276031197	281853278	4.0
276031200	281853278	4.0
330304528	281853278	2.0
276008233	281853278	4.0
276031241	281853278	4.0
276033997	281853278	4.0
276034474	281853278	4.0
276036545	281853278	4.0
281859678	281853278	2.0
281833145	281853278	3.0
314013115	314013115	0
314365695	314013115	2.0
329983066	314013115	4.0
248544351	314013115	3.0
322784396	314013115	4.0
322784397	314013115	4.0
322784399	314013115	4.0
322784400	314013115	4.0
323048816	314013115	3.0
103109950	314013115	4.0
323019639	314013115	4.0
323307951	314013115	4.0
323307952	314013115	4.0
330304527	314013115	4.0
174542570	314013115	3.0
226763251	314013115	3.0
222185317	314013115	5.0
276035360	314013115	3.0
388137235	314013115	4.0
276031197	314013115	3.0
276031200	314013115	3.0
330304528	314013115	4.0
276008233	314013115	3.0
276031241	314013115	2.0
276033997	314013115	3.0
276034474	314013115	3.0
276036545	314013115	4.0
281859678	314013115	4.0
281833145	314013115	4.0
314365695	314365695	0
329983066	314365695	4.0
248544351	314365695	3.0
322784396	314365695	3.0
322784397	314365695	3.0
322784399	314365695	3.0
322784400	314365695	3.0
323048816	314365695	3.0
103109950	314365695	4.0
323019639	314365695	4.0
323307951	314365695	4.0
323307952	314365695	4.0
330304527	314365695	4.0
174542570	314365695	3.0
226763251	314365695	3.0
222185317	314365695	5.0
276035360	314365695	3.0
388137235	314365695	3.0
276031197	314365695	3.0
276031200	314365695	3.0
330304528	314365695	3.0
276008233	314365695	3.0
276031241	314365695	2.0
276033997	314365695	3.0
276034474	314365695	3.0
276036545	314365695	4.0
281859678	314365695	4.0
281833145	314365695	4.0
329983066	329983066	0
248544351	329983066	5.0
322784396	329983066	5.0
322784397	329983066	5.0
322784399	329983066	5.0
322784400	329983066	5.0
323048816	329983066	5.0
103109950	329983066	5.0
323019639	329983066	5.0
323307951	329983066	5.0
323307952	329983066	5.0
330304527	329983066	5.0
174542570	329983066	5.0
226763251	329983066	5.0
222185317	329983066	5.0
276035360	329983066	5.0
388137235	329983066	5.0
276031197	329983066	5.0
276031200	329983066	5.0
330304528	329983066	5.0
276008233	329983066	4.0
276031241	329983066	5.0
276033997	329983066	4.0
276034474	329983066	5.0
276036545	329983066	3.0
281859678	329983066	5.0
281833145	329983066	5.0
248544351	248544351	0
322784396	248544351	2.0
322784397	248544351	2.0
322784399	248544351	2.0
322784400	248544351	2.0
323048816	248544351	2.0
103109950	248544351	3.0
323019639	248544351	3.0
323307951	248544351	3.0
323307952	248544351	3.0
330304527	248544351	3.0
174542570	248544351	1.0
226763251	248544351	2.0
222185317	248544351	4.0
276035360	248544351	1.0
388137235	248544351	1.0
276031197	248544351	2.0
276031200	248544351	2.0
330304528	248544351	3.0
276008233	248544351	4.0
276031241	248544351	3.0
276033997	248544351	3.0
276034474	248544351	2.0
276036545	248544351	4.0
281859678	248544351	4.0
281833145	248544351	3.0
322784396	322784396	0
322784397	322784396	0.0
322784399	322784396	0.0
322784400	322784396	0.0
323048816	322784396	2.0
103109950	322784396	1.0
323019639	322784396	1.0
323307951	322784396	1.0
323307952	322784396	1.0
330304527	322784396	4.0
174542570	322784396	2.0
226763251	322784396	3.0
222185317	322784396	4.0
276035360	322784396	2.0
388137235	322784396	1.0
276031197	322784396	3.0
276031200	322784396	3.0
330304528	322784396	4.0
276008233	322784396	4.0
276031241	322784396	3.0
276033997	322784396	3.0
276034474	322784396	2.0
276036545	322784396	4.0
281859678	322784396	4.0
281833145	322784396	4.0
322784397	322784397	0
322784399	322784397	0.0
322784400	322784397	0.0
323048816	322784397	2.0
103109950	322784397	1.0
323019639	322784397	0.0
323307951	322784397	1.0
323307952	322784397	1.0
330304527	322784397	4.0
174542570	322784397	2.0
226763251	322784397	3.0
222185317	322784397	4.0
276035360	322784397	2.0
388137235	322784397	1.0
276031197	322784397	3.0
276031200	322784397	3.0
330304528	322784397	4.0
276008233	322784397	4.0
276031241	322784397	3.0
276033997	322784397	3.0
276034474	322784397	2.0
276036545	322784397	4.0
281859678	322784397	4.0
281833145	322784397	4.0
322784399	322784399	0
322784400	322784399	0.0
323048816	322784399	2.0
103109950	322784399	1.0
323019639	322784399	1.0
323307951	322784399	1.0
323307952	322784399	1.0
330304527	322784399	4.0
174542570	322784399	2.0
226763251	322784399	3.0
222185317	322784399	4.0
276035360	322784399	2.0
388137235	322784399	1.0
276031197	322784399	3.0
276031200	322784399	3.0
330304528	322784399	4.0
276008233	322784399	4.0
276031241	322784399	3.0
276033997	322784399	3.0
276034474	322784399	2.0
276036545	322784399	4.0
281859678	322784399	4.0
281833145	322784399	4.0
322784400	322784400	0
323048816	322784400	2.0
103109950	322784400	1.0
323019639	322784400	1.0
323307951	322784400	2.0
323307952	322784400	2.0
330304527	322784400	4.0
174542570	322784400	2.0
226763251	322784400	3.0
222185317	322784400	4.0
276035360	322784400	2.0
388137235	322784400	1.0
276031197	322784400	3.0
276031200	322784400	3.0
330304528	322784400	4.0
276008233	322784400	4.0
276031241	322784400	3.0
276033997	322784400	3.0
276034474	322784400	2.0
276036545	322784400	4.0
281859678	322784400	4.0
281833145	322784400	4.0
323048816	323048816	0
103109950	323048816	3.0
323019639	323048816	2.0
323307951	323048816	3.0
323307952	323048816	3.0
330304527	323048816	3.0
174542570	323048816	3.0
226763251	323048816	3.0
222185317	323048816	4.0
276035360	323048816	2.0
388137235	323048816	2.0
276031197	323048816	2.0
276031200	323048816	2.0
330304528	323048816	3.0
276008233	323048816	4.0
276031241	323048816	2.0
276033997	323048816	3.0
276034474	323048816	3.0
276036545	323048816	4.0
281859678	323048816	4.0
281833145	323048816	4.0
103109950	103109950	0
323019639	103109950	1.0
323307951	103109950	0.0
323307952	103109950	0.0
330304527	103109950	4.0
174542570	103109950	3.0
226763251	103109950	3.0
222185317	103109950	4.0
276035360	103109950	3.0
388137235	103109950	2.0
276031197	103109950	3.0
276031200	103109950	3.0
330304528	103109950	4.0
276008233	103109950	4.0
276031241	103109950	3.0
276033997	103109950	4.0
276034474	103109950	3.0
276036545	103109950	4.0
281859678	103109950	4.0
281833145	103109950	4.0
323019639	323019639	0
323307951	323019639	2.0
323307952	323019639	2.0
330304527	323019639	4.0
174542570	323019639	2.0
226763251	323019639	3.0
222185317	323019639	4.0
276035360	323019639	2.0
388137235	323019639	2.0
276031197	323019639	3.0
276031200	323019639	3.0
330304528	323019639	4.0
276008233	323019639	4.0
276031241	323019639	3.0
276033997	323019639	3.0
276034474	323019639	3.0
276036545	323019639	4.0
281859678	323019639	4.0
281833145	323019639	4.0
323307951	323307951	0
323307952	323307951	0.0
330304527	323307951	4.0
174542570	323307951	3.0
226763251	323307951	3.0
222185317	323307951	4.0
276035360	323307951	3.0
388137235	323307951	2.0
276031197	323307951	3.0
276031200	323307951	3.0
330304528	323307951	4.0
276008233	323307951	4.0
276031241	323307951	3.0
276033997	323307951	4.0
276034474	323307951	3.0
276036545	323307951	4.0
281859678	323307951	4.0
281833145	323307951	4.0
323307952	323307952	0
330304527	323307952	4.0
174542570	323307952	3.0
226763251	323307952	3.0
222185317	323307952	4.0
276035360	323307952	3.0
388137235	323307952	2.0
276031197	323307952	3.0
276031200	323307952	3.0
330304528	323307952	4.0
276008233	323307952	4.0
276031241	323307952	3.0
276033997	323307952	4.0
276034474	323307952	3.0
276036545	323307952	4.0
281859678	323307952	4.0
281833145	323307952	4.0
330304527	330304527	0
174542570	330304527	3.0
226763251	330304527	2.0
222185317	330304527	4.0
276035360	330304527	3.0
388137235	330304527	3.0
276031197	330304527	3.0
276031200	330304527	3.0
330304528	330304527	0.0
276008233	330304527	4.0
276031241	330304527	3.0
276033997	330304527	4.0
276034474	330304527	3.0
276036545	330304527	4.0
281859678	330304527	3.0
281833145	330304527	3.0
174542570	174542570	0
226763251	174542570	2.0
222185317	174542570	4.0
276035360	174542570	2.0
388137235	174542570	1.0
276031197	174542570	2.0
276031200	174542570	3.0
330304528	174542570	3.0
276008233	174542570	4.0
276031241	174542570	3.0
276033997	174542570	4.0
276034474	174542570	0.0
276036545	174542570	4.0
281859678	174542570	4.0
281833145	174542570	3.0
226763251	226763251	0
222185317	226763251	4.0
276035360	226763251	2.0
388137235	226763251	3.0
276031197	226763251	2.0
276031200	226763251	3.0
330304528	226763251	2.0
276008233	226763251	4.0
276031241	226763251	3.0
276033997	226763251	4.0
276034474	226763251	2.0
276036545	226763251	3.0
281859678	226763251	3.0
281833145	226763251	3.0
222185317	222185317	0
276035360	222185317	4.0
388137235	222185317	4.0
276031197	222185317	4.0
276031200	222185317	4.0
330304528	222185317	4.0
276008233	222185317	5.0
276031241	222185317	4.0
276033997	222185317	5.0
276034474	222185317	4.0
276036545	222185317	4.0
281859678	222185317	4.0
281833145	222185317	4.0
276035360	276035360	0
388137235	276035360	1.0
276031197	276035360	2.0
276031200	276035360	2.0
330304528	276035360	3.0
276008233	276035360	4.0
276031241	276035360	2.0
276033997	276035360	3.0
276034474	276035360	2.0
276036545	276035360	4.0
281859678	276035360	4.0
281833145	276035360	4.0
388137235	388137235	0
276031197	388137235	2.0
276031200	388137235	2.0
330304528	388137235	3.0
276008233	388137235	4.0
276031241	388137235	3.0
276033997	388137235	3.0
276034474	388137235	2.0
276036545	388137235	4.0
281859678	388137235	4.0
281833145	388137235	4.0
276031197	276031197	0
276031200	276031197	2.0
330304528	276031197	3.0
276008233	276031197	4.0
276031241	276031197	2.0
276033997	276031197	3.0
276034474	276031197	2.0
276036545	276031197	4.0
281859678	276031197	4.0
281833145	276031197	4.0
276031200	276031200	0
330304528	276031200	3.0
276008233	276031200	4.0
276031241	276031200	2.0
276033997	276031200	3.0
276034474	276031200	2.0
276036545	276031200	3.0
281859678	276031200	4.0
281833145	276031200	4.0
330304528	330304528	0
276008233	330304528	4.0
276031241	330304528	3.0
276033997	330304528	4.0
276034474	330304528	3.0
276036545	330304528	4.0
281859678	330304528	3.0
281833145	330304528	3.0
276008233	276008233	0
276031241	276008233	3.0
276033997	276008233	3.0
276034474	276008233	4.0
276036545	276008233	4.0
281859678	276008233	5.0
281833145	276008233	4.0
276031241	276031241	0
276033997	276031241	2.0
276034474	276031241	3.0
276036545	276031241	4.0
281859678	276031241	4.0
281833145	276031241	4.0
276033997	276033997	0
276034474	276033997	4.0
276036545	276033997	4.0
281859678	276033997	4.0
281833145	276033997	4.0
276034474	276034474	0
276036545	276034474	4.0
281859678	276034474	4.0
281833145	276034474	3.0
276036545	276036545	0
281859678	276036545	4.0
281833145	276036545	4.0
281859678	281859678	0
281833145	281859678	3.0
281833145	281833145	0
