281843066	[-51,8.0,43.0]	40.83624857272727	-73.83897744545455	0.1325441969966652	0.148928408042127	0.2851024700260247	0.0013774883705793969	0.8021505376344086	0.3543608949330217
282145147	[6,-44.0,38.0]	40.842717433333334	-73.82987856666666	0.1325441969966652	0.148928408042127	0.2851024700260247	0.0013774883705793969	0.8021505376344086	0.3543608949330217
282145400	[16,-40.0,24.0]	40.845024353846156	-73.83059453076922	0.1325441969966652	0.148928408042127	0.2851024700260247	0.0013774883705793969	0.8021505376344086	0.3543608949330217
282150346	[21,-33.0,12.0]	40.84684148	-73.83188516	0.1325441969966652	0.148928408042127	0.2851024700260247	0.0013774883705793969	0.8021505376344086	0.3543608949330217
282159640	[16,-33.0,17.0]	40.845831579999995	-73.8317366	0.1325441969966652	0.148928408042127	0.2851024700260247	0.0013774883705793969	0.8021505376344086	0.3543608949330217
533926404	[-25,80.0,-55.0]	40.849018980000004	-73.85188916	0.1325441969966652	0.148928408042127	0.2851024700260247	0.0013774883705793969	0.8021505376344086	0.3543608949330217
533926405	[-25,79.0,-54.0]	40.84889733999999	-73.85180327999998	0.1325441969966652	0.148928408042127	0.2851024700260247	0.0013774883705793969	0.8021505376344086	0.3543608949330217
533926403	[-24,83.0,-59.0]	40.849471185	-73.85243590500001	0.1325441969966652	0.148928408042127	0.2851024700260247	0.0013774883705793969	0.8021505376344086	0.3543608949330217
285135386	[-35,15.0,20.0]	40.84029489285714	-73.84032466428572	0.1325441969966652	0.148928408042127	0.2851024700260247	0.0013774883705793969	0.8021505376344086	0.3543608949330217
285135387	[-37,8.0,29.0]	40.839099340000004	-73.83914339999998	0.1325441969966652	0.148928408042127	0.2851024700260247	0.0013774883705793969	0.8021505376344086	0.3543608949330217
285135388	[-38,10.0,28.0]	40.8390626	-73.83946926000002	0.1325441969966652	0.148928408042127	0.2851024700260247	0.0013774883705793969	0.8021505376344086	0.3543608949330217
285142948	[-45,40.0,5.0]	40.840819139999994	-73.84476373999999	0.1325441969966652	0.148928408042127	0.2851024700260247	0.0013774883705793969	0.8021505376344086	0.3543608949330217
285142949	[-56,43.0,13.0]	40.83880815999999	-73.8453933	0.1325441969966652	0.148928408042127	0.2851024700260247	0.0013774883705793969	0.8021505376344086	0.3543608949330217
526819758	[2,21.0,-23.0]	40.84846227647058	-73.84145972352941	0.1325441969966652	0.148928408042127	0.2851024700260247	0.0013774883705793969	0.8021505376344086	0.3543608949330217
526819759	[5,20.0,-25.0]	40.84899691428571	-73.8413452	0.1325441969966652	0.148928408042127	0.2851024700260247	0.0013774883705793969	0.8021505376344086	0.3543608949330217
526819972	[-3,23.0,-20.0]	40.847725890909096	-73.84176725454546	0.1325441969966652	0.148928408042127	0.2851024700260247	0.0013774883705793969	0.8021505376344086	0.3543608949330217
526819973	[0,21.0,-21.0]	40.848073500000005	-73.84143495909089	0.1325441969966652	0.148928408042127	0.2851024700260247	0.0013774883705793969	0.8021505376344086	0.3543608949330217
526820012	[-6,25.0,-19.0]	40.847260354545455	-73.84215096363637	0.1325441969966652	0.148928408042127	0.2851024700260247	0.0013774883705793969	0.8021505376344086	0.3543608949330217
526820044	[-5,22.0,-17.0]	40.847091866666666	-73.84156551666666	0.1325441969966652	0.148928408042127	0.2851024700260247	0.0013774883705793969	0.8021505376344086	0.3543608949330217
531843872	[-26,10.0,16.0]	40.84157376666667	-73.8395338888889	0.1325441969966652	0.148928408042127	0.2851024700260247	0.0013774883705793969	0.8021505376344086	0.3543608949330217
531843873	[-22,6.0,16.0]	40.8420015888889	-73.83866734444445	0.1325441969966652	0.148928408042127	0.2851024700260247	0.0013774883705793969	0.8021505376344086	0.3543608949330217
531843874	[-24,5.0,19.0]	40.84152321111111	-73.83866825555556	0.1325441969966652	0.148928408042127	0.2851024700260247	0.0013774883705793969	0.8021505376344086	0.3543608949330217
526819217	[18,11.0,-29.0]	40.85072813	-73.83954820999999	0.1325441969966652	0.148928408042127	0.2851024700260247	0.0013774883705793969	0.8021505376344086	0.3543608949330217
526819716	[24,4.0,-28.0]	40.85119026428571	-73.83829724285714	0.1325441969966652	0.148928408042127	0.2851024700260247	0.0013774883705793969	0.8021505376344086	0.3543608949330217
526819717	[27,-2.0,-25.0]	40.85120058333333	-73.83724914999999	0.1325441969966652	0.148928408042127	0.2851024700260247	0.0013774883705793969	0.8021505376344086	0.3543608949330217
526819718	[15,12.0,-27.0]	40.85013968333333	-73.83987351666667	0.1325441969966652	0.148928408042127	0.2851024700260247	0.0013774883705793969	0.8021505376344086	0.3543608949330217
292660994	[46,-18.0,-28.0]	40.853405959999996	-73.83452362	0.1325441969966652	0.148928408042127	0.2851024700260247	0.0013774883705793969	0.8021505376344086	0.3543608949330217
281722476	[-1,86.0,-85.0]	40.85455076666668	-73.8529409809524	0.1325441969966652	0.148928408042127	0.2851024700260247	0.0013774883705793969	0.8021505376344086	0.3543608949330217
281841096	[-33,8.0,25.0]	40.839993434782606	-73.83910931739132	0.1325441969966652	0.148928408042127	0.2851024700260247	0.0013774883705793969	0.8021505376344086	0.3543608949330217
281821968	[3,42.0,-45.0]	40.85086131	-73.84517383	0.1325441969966652	0.148928408042127	0.2851024700260247	0.0013774883705793969	0.8021505376344086	0.3543608949330217
282141858	[-19,-66.0,85.0]	40.83528958000001	-73.825897895	0.1325441969966652	0.148928408042127	0.2851024700260247	0.0013774883705793969	0.8021505376344086	0.3543608949330217
282150258	[21,-45.0,24.0]	40.845522796	-73.82964226	0.1325441969966652	0.148928408042127	0.2851024700260247	0.0013774883705793969	0.8021505376344086	0.3543608949330217
282164023	[28,-23.0,-5.0]	40.84924929318182	-73.83350289318182	0.1325441969966652	0.148928408042127	0.2851024700260247	0.0013774883705793969	0.8021505376344086	0.3543608949330217
286009239	[-46,81.0,-35.0]	40.84471090000001	-73.85206788	0.1325441969966652	0.148928408042127	0.2851024700260247	0.0013774883705793969	0.8021505376344086	0.3543608949330217
533494280	[-11,69.0,-58.0]	40.85066841666667	-73.84999191666667	0.1325441969966652	0.148928408042127	0.2851024700260247	0.0013774883705793969	0.8021505376344086	0.3543608949330217
281837546	[-59,63.0,-4.0]	40.84028584	-73.84885222	0.1325441969966652	0.148928408042127	0.2851024700260247	0.0013774883705793969	0.8021505376344086	0.3543608949330217
333012972	[18,-7.0,-11.0]	40.84891706774194	-73.8364339032258	0.1325441969966652	0.148928408042127	0.2851024700260247	0.0013774883705793969	0.8021505376344086	0.3543608949330217
476937673	[-4,32.0,-28.0]	40.8482843	-73.84331665454545	0.1325441969966652	0.148928408042127	0.2851024700260247	0.0013774883705793969	0.8021505376344086	0.3543608949330217
512049696	[-18,48.0,-30.0]	40.84721129285714	-73.8462595642857	0.1325441969966652	0.148928408042127	0.2851024700260247	0.0013774883705793969	0.8021505376344086	0.3543608949330217
526820273	[-6,5.0,1.0]	40.8451972875	-73.8385641	0.1325441969966652	0.148928408042127	0.2851024700260247	0.0013774883705793969	0.8021505376344086	0.3543608949330217
526820363	[-8,21.0,-13.0]	40.84632301428571	-73.84140535714288	0.1325441969966652	0.148928408042127	0.2851024700260247	0.0013774883705793969	0.8021505376344086	0.3543608949330217
116639755	[26,61.0,-87.0]	40.85744962051282	-73.84849181538462	0.1325441969966652	0.148928408042127	0.2851024700260247	0.0013774883705793969	0.8021505376344086	0.3543608949330217
285257213	[18,15.0,-33.0]	40.851127729032264	-73.84045939999999	0.1325441969966652	0.148928408042127	0.2851024700260247	0.0013774883705793969	0.8021505376344086	0.3543608949330217
572427981	[0,-14.0,14.0]	40.8445017125	-73.83519483750001	0.1325441969966652	0.148928408042127	0.2851024700260247	0.0013774883705793969	0.8021505376344086	0.3543608949330217
572427983	[8,-16.0,8.0]	40.845894436363636	-73.83486555454546	0.1325441969966652	0.148928408042127	0.2851024700260247	0.0013774883705793969	0.8021505376344086	0.3543608949330217
572427984	[15,-21.0,6.0]	40.84681146	-73.83406412000001	0.1325441969966652	0.148928408042127	0.2851024700260247	0.0013774883705793969	0.8021505376344086	0.3543608949330217
572427985	[17,-38.0,21.0]	40.845575399999994	-73.83098058	0.1325441969966652	0.148928408042127	0.2851024700260247	0.0013774883705793969	0.8021505376344086	0.3543608949330217
358906395	[60,-53.0,-7.0]	40.85275066	-73.82816412	0.1325441969966652	0.148928408042127	0.2851024700260247	0.0013774883705793969	0.8021505376344086	0.3543608949330217
358933096	[58,-55.0,-3.0]	40.85214005384614	-73.82780285384615	0.1325441969966652	0.148928408042127	0.2851024700260247	0.0013774883705793969	0.8021505376344086	0.3543608949330217
531846822	[-40,30.0,10.0]	40.84069832222222	-73.84298392222222	0.1325441969966652	0.148928408042127	0.2851024700260247	0.0013774883705793969	0.8021505376344086	0.3543608949330217
282145314	[5,-46.0,41.0]	40.84211871666667	-73.82953345	0.1325441969966652	0.148928408042127	0.2851024700260247	0.0013774883705793969	0.8021505376344086	0.3543608949330217
282149993	[18,-37.0,19.0]	40.84580496666667	-73.83114296666666	0.1325441969966652	0.148928408042127	0.2851024700260247	0.0013774883705793969	0.8021505376344086	0.3543608949330217
282150048	[19,-36.0,17.0]	40.84603383333334	-73.8313412	0.1325441969966652	0.148928408042127	0.2851024700260247	0.0013774883705793969	0.8021505376344086	0.3543608949330217
282159630	[15,-34.0,19.0]	40.84554328333333	-73.83159235	0.1325441969966652	0.148928408042127	0.2851024700260247	0.0013774883705793969	0.8021505376344086	0.3543608949330217
282159633	[16,-34.0,18.0]	40.84561613333333	-73.83164196666667	0.1325441969966652	0.148928408042127	0.2851024700260247	0.0013774883705793969	0.8021505376344086	0.3543608949330217
282159742	[16,-33.0,17.0]	40.84571963333334	-73.83176195	0.1325441969966652	0.148928408042127	0.2851024700260247	0.0013774883705793969	0.8021505376344086	0.3543608949330217
282159770	[15,-35.0,20.0]	40.845429339999995	-73.83148224	0.1325441969966652	0.148928408042127	0.2851024700260247	0.0013774883705793969	0.8021505376344086	0.3543608949330217
282161202	[-10,33.0,-23.0]	40.8472123125	-73.84343410625	0.1325441969966652	0.148928408042127	0.2851024700260247	0.0013774883705793969	0.8021505376344086	0.3543608949330217
281816538	[-10,83.0,-73.0]	40.8522665	-73.85245255555554	0.1325441969966652	0.148928408042127	0.2851024700260247	0.0013774883705793969	0.8021505376344086	0.3543608949330217
110033915	[-47,4.0,43.0]	40.83671128	-73.83836627999999	0.1325441969966652	0.148928408042127	0.2851024700260247	0.0013774883705793969	0.8021505376344086	0.3543608949330217
110033921	[-52,7.0,45.0]	40.83593164	-73.83891503999999	0.1325441969966652	0.148928408042127	0.2851024700260247	0.0013774883705793969	0.8021505376344086	0.3543608949330217
281722544	[-8,86.0,-78.0]	40.85298903333334	-73.85300191666667	0.1325441969966652	0.148928408042127	0.2851024700260247	0.0013774883705793969	0.8021505376344086	0.3543608949330217
281837046	[-55,60.0,-5.0]	40.840779114285716	-73.84832512380953	0.1325441969966652	0.148928408042127	0.2851024700260247	0.0013774883705793969	0.8021505376344086	0.3543608949330217
282161201	[0,9.0,-9.0]	40.846868212264155	-73.83929097547173	0.1325441969966652	0.148928408042127	0.2851024700260247	0.0013774883705793969	0.8021505376344086	0.3543608949330217
282161209	[-8,35.0,-27.0]	40.84783726774194	-73.84384962903226	0.1325441969966652	0.148928408042127	0.2851024700260247	0.0013774883705793969	0.8021505376344086	0.3543608949330217
527878032	[-22,45.0,-23.0]	40.84599923333333	-73.84561715	0.1325441969966652	0.148928408042127	0.2851024700260247	0.0013774883705793969	0.8021505376344086	0.3543608949330217
527885410	[18,50.0,-68.0]	40.85471505312501	-73.8464300875	0.1325441969966652	0.148928408042127	0.2851024700260247	0.0013774883705793969	0.8021505376344086	0.3543608949330217
281825299	[-26,68.0,-42.0]	40.847536525	-73.84977915000002	0.1325441969966652	0.148928408042127	0.2851024700260247	0.0013774883705793969	0.8021505376344086	0.3543608949330217
281729140	[-25,100.0,-75.0]	40.8509777	-73.85709769999998	0.1325441969966652	0.148928408042127	0.2851024700260247	0.0013774883705793969	0.8021505376344086	0.3543608949330217
281843275	[-53,34.0,19.0]	40.838500633333325	-73.8438241111111	0.1325441969966652	0.148928408042127	0.2851024700260247	0.0013774883705793969	0.8021505376344086	0.3543608949330217
281835253	[-43,62.0,-19.0]	40.84342817894736	-73.84858133157896	0.1325441969966652	0.148928408042127	0.2851024700260247	0.0013774883705793969	0.8021505376344086	0.3543608949330217
282141017	[-9,-65.0,74.0]	40.83731824375	-73.82609693124999	0.1325441969966652	0.148928408042127	0.2851024700260247	0.0013774883705793969	0.8021505376344086	0.3543608949330217
282147567	[28,-54.0,26.0]	40.84617147083333	-73.82808923750001	0.1325441969966652	0.148928408042127	0.2851024700260247	0.0013774883705793969	0.8021505376344086	0.3543608949330217
359339912	[65,-60.0,-5.0]	40.852987410000004	-73.8270046	0.1325441969966652	0.148928408042127	0.2851024700260247	0.0013774883705793969	0.8021505376344086	0.3543608949330217
281843066	281843066	0
282145147	281843066	3.0
282145400	281843066	3.0
282150346	281843066	3.0
282159640	281843066	3.0
533926404	281843066	4.0
533926405	281843066	4.0
533926403	281843066	4.0
285135386	281843066	3.0
285135387	281843066	1.0
285135388	281843066	1.0
285142948	281843066	3.0
285142949	281843066	3.0
526819758	281843066	3.0
526819759	281843066	3.0
526819972	281843066	3.0
526819973	281843066	3.0
526820012	281843066	3.0
526820044	281843066	3.0
531843872	281843066	3.0
531843873	281843066	2.0
531843874	281843066	2.0
526819217	281843066	4.0
526819716	281843066	4.0
526819717	281843066	4.0
526819718	281843066	4.0
292660994	281843066	4.0
281722476	281843066	4.0
281841096	281843066	2.0
281821968	281843066	4.0
282141858	281843066	4.0
282150258	281843066	4.0
282164023	281843066	4.0
286009239	281843066	4.0
533494280	281843066	4.0
281837546	281843066	4.0
333012972	281843066	3.0
476937673	281843066	4.0
512049696	281843066	4.0
526820273	281843066	3.0
526820363	281843066	3.0
116639755	281843066	4.0
285257213	281843066	4.0
572427981	281843066	3.0
572427983	281843066	3.0
572427984	281843066	3.0
572427985	281843066	4.0
358906395	281843066	4.0
358933096	281843066	4.0
531846822	281843066	3.0
282145314	281843066	4.0
282149993	281843066	3.0
282150048	281843066	3.0
282159630	281843066	3.0
282159633	281843066	3.0
282159742	281843066	3.0
282159770	281843066	4.0
282161202	281843066	4.0
281816538	281843066	4.0
110033915	281843066	3.0
110033921	281843066	0.0
281722544	281843066	4.0
281837046	281843066	4.0
282161201	281843066	3.0
282161209	281843066	4.0
527878032	281843066	4.0
527885410	281843066	5.0
281825299	281843066	4.0
281729140	281843066	4.0
281843275	281843066	3.0
281835253	281843066	4.0
282141017	281843066	4.0
282147567	281843066	4.0
359339912	281843066	4.0
282145147	282145147	0
282145400	282145147	1.0
282150346	282145147	2.0
282159640	282145147	1.0
533926404	282145147	4.0
533926405	282145147	4.0
533926403	282145147	4.0
285135386	282145147	3.0
285135387	282145147	3.0
285135388	282145147	3.0
285142948	282145147	3.0
285142949	282145147	4.0
526819758	282145147	4.0
526819759	282145147	4.0
526819972	282145147	4.0
526819973	282145147	3.0
526820012	282145147	3.0
526820044	282145147	3.0
531843872	282145147	3.0
531843873	282145147	3.0
531843874	282145147	3.0
526819217	282145147	4.0
526819716	282145147	4.0
526819717	282145147	4.0
526819718	282145147	4.0
292660994	282145147	4.0
281722476	282145147	4.0
281841096	282145147	3.0
281821968	282145147	4.0
282141858	282145147	3.0
282150258	282145147	2.0
282164023	282145147	3.0
286009239	282145147	4.0
533494280	282145147	4.0
281837546	282145147	4.0
333012972	282145147	4.0
476937673	282145147	4.0
512049696	282145147	4.0
526820273	282145147	3.0
526820363	282145147	3.0
116639755	282145147	5.0
285257213	282145147	4.0
572427981	282145147	2.0
572427983	282145147	3.0
572427984	282145147	2.0
572427985	282145147	1.0
358906395	282145147	3.0
358933096	282145147	3.0
531846822	282145147	3.0
282145314	282145147	0.0
282149993	282145147	1.0
282150048	282145147	1.0
282159630	282145147	1.0
282159633	282145147	1.0
282159742	282145147	1.0
282159770	282145147	1.0
282161202	282145147	4.0
281816538	282145147	4.0
110033915	282145147	3.0
110033921	282145147	3.0
281722544	282145147	4.0
281837046	282145147	4.0
282161201	282145147	3.0
282161209	282145147	4.0
527878032	282145147	4.0
527885410	282145147	4.0
281825299	282145147	4.0
281729140	282145147	5.0
281843275	282145147	3.0
281835253	282145147	4.0
282141017	282145147	3.0
282147567	282145147	2.0
359339912	282145147	3.0
282145400	282145400	0
282150346	282145400	1.0
282159640	282145400	0.0
533926404	282145400	4.0
533926405	282145400	4.0
533926403	282145400	4.0
285135386	282145400	3.0
285135387	282145400	3.0
285135388	282145400	3.0
285142948	282145400	3.0
285142949	282145400	3.0
526819758	282145400	3.0
526819759	282145400	4.0
526819972	282145400	3.0
526819973	282145400	3.0
526820012	282145400	3.0
526820044	282145400	3.0
531843872	282145400	3.0
531843873	282145400	3.0
531843874	282145400	3.0
526819217	282145400	4.0
526819716	282145400	4.0
526819717	282145400	4.0
526819718	282145400	4.0
292660994	282145400	4.0
281722476	282145400	4.0
281841096	282145400	3.0
281821968	282145400	4.0
282141858	282145400	3.0
282150258	282145400	0.0
282164023	282145400	2.0
286009239	282145400	4.0
533494280	282145400	4.0
281837546	282145400	4.0
333012972	282145400	4.0
476937673	282145400	4.0
512049696	282145400	4.0
526820273	282145400	3.0
526820363	282145400	3.0
116639755	282145400	4.0
285257213	282145400	4.0
572427981	282145400	2.0
572427983	282145400	2.0
572427984	282145400	2.0
572427985	282145400	0.0
358906395	282145400	3.0
358933096	282145400	3.0
531846822	282145400	3.0
282145314	282145400	1.0
282149993	282145400	0.0
282150048	282145400	0.0
282159630	282145400	0.0
282159633	282145400	0.0
282159742	282145400	0.0
282159770	282145400	0.0
282161202	282145400	4.0
281816538	282145400	4.0
110033915	282145400	4.0
110033921	282145400	3.0
281722544	282145400	4.0
281837046	282145400	4.0
282161201	282145400	3.0
282161209	282145400	4.0
527878032	282145400	4.0
527885410	282145400	4.0
281825299	282145400	4.0
281729140	282145400	5.0
281843275	282145400	3.0
281835253	282145400	4.0
282141017	282145400	3.0
282147567	282145400	1.0
359339912	282145400	3.0
282150346	282150346	0
282159640	282150346	0.0
533926404	282150346	4.0
533926405	282150346	4.0
533926403	282150346	4.0
285135386	282150346	3.0
285135387	282150346	3.0
285135388	282150346	3.0
285142948	282150346	3.0
285142949	282150346	3.0
526819758	282150346	3.0
526819759	282150346	3.0
526819972	282150346	3.0
526819973	282150346	3.0
526820012	282150346	3.0
526820044	282150346	3.0
531843872	282150346	3.0
531843873	282150346	3.0
531843874	282150346	3.0
526819217	282150346	4.0
526819716	282150346	4.0
526819717	282150346	4.0
526819718	282150346	4.0
292660994	282150346	3.0
281722476	282150346	4.0
281841096	282150346	3.0
281821968	282150346	4.0
282141858	282150346	3.0
282150258	282150346	1.0
282164023	282150346	2.0
286009239	282150346	4.0
533494280	282150346	4.0
281837546	282150346	4.0
333012972	282150346	3.0
476937673	282150346	4.0
512049696	282150346	4.0
526820273	282150346	3.0
526820363	282150346	3.0
116639755	282150346	4.0
285257213	282150346	4.0
572427981	282150346	2.0
572427983	282150346	1.0
572427984	282150346	1.0
572427985	282150346	1.0
358906395	282150346	3.0
358933096	282150346	3.0
531846822	282150346	3.0
282145314	282150346	2.0
282149993	282150346	0.0
282150048	282150346	0.0
282159630	282150346	0.0
282159633	282150346	0.0
282159742	282150346	0.0
282159770	282150346	1.0
282161202	282150346	4.0
281816538	282150346	4.0
110033915	282150346	4.0
110033921	282150346	3.0
281722544	282150346	4.0
281837046	282150346	4.0
282161201	282150346	3.0
282161209	282150346	4.0
527878032	282150346	4.0
527885410	282150346	4.0
281825299	282150346	4.0
281729140	282150346	4.0
281843275	282150346	3.0
281835253	282150346	4.0
282141017	282150346	3.0
282147567	282150346	2.0
359339912	282150346	3.0
282159640	282159640	0
533926404	282159640	4.0
533926405	282159640	4.0
533926403	282159640	4.0
285135386	282159640	3.0
285135387	282159640	3.0
285135388	282159640	3.0
285142948	282159640	3.0
285142949	282159640	4.0
526819758	282159640	4.0
526819759	282159640	4.0
526819972	282159640	4.0
526819973	282159640	3.0
526820012	282159640	3.0
526820044	282159640	3.0
531843872	282159640	3.0
531843873	282159640	3.0
531843874	282159640	3.0
526819217	282159640	4.0
526819716	282159640	4.0
526819717	282159640	4.0
526819718	282159640	4.0
292660994	282159640	4.0
281722476	282159640	4.0
281841096	282159640	3.0
281821968	282159640	4.0
282141858	282159640	3.0
282150258	282159640	0.0
282164023	282159640	2.0
286009239	282159640	4.0
533494280	282159640	4.0
281837546	282159640	4.0
333012972	282159640	4.0
476937673	282159640	4.0
512049696	282159640	4.0
526820273	282159640	3.0
526820363	282159640	3.0
116639755	282159640	4.0
285257213	282159640	4.0
572427981	282159640	2.0
572427983	282159640	2.0
572427984	282159640	1.0
572427985	282159640	0.0
358906395	282159640	3.0
358933096	282159640	3.0
531846822	282159640	3.0
282145314	282159640	2.0
282149993	282159640	0.0
282150048	282159640	0.0
282159630	282159640	0.0
282159633	282159640	0.0
282159742	282159640	0.0
282159770	282159640	0.0
282161202	282159640	4.0
281816538	282159640	4.0
110033915	282159640	4.0
110033921	282159640	3.0
281722544	282159640	4.0
281837046	282159640	4.0
282161201	282159640	3.0
282161209	282159640	4.0
527878032	282159640	4.0
527885410	282159640	4.0
281825299	282159640	4.0
281729140	282159640	5.0
281843275	282159640	3.0
281835253	282159640	4.0
282141017	282159640	3.0
282147567	282159640	1.0
359339912	282159640	3.0
533926404	533926404	0
533926405	533926404	0.0
533926403	533926404	0.0
285135386	533926404	3.0
285135387	533926404	4.0
285135388	533926404	4.0
285142948	533926404	3.0
285142949	533926404	4.0
526819758	533926404	4.0
526819759	533926404	4.0
526819972	533926404	3.0
526819973	533926404	4.0
526820012	533926404	3.0
526820044	533926404	3.0
531843872	533926404	4.0
531843873	533926404	4.0
531843874	533926404	4.0
526819217	533926404	4.0
526819716	533926404	4.0
526819717	533926404	4.0
526819718	533926404	4.0
292660994	533926404	4.0
281722476	533926404	3.0
281841096	533926404	4.0
281821968	533926404	3.0
282141858	533926404	5.0
282150258	533926404	4.0
282164023	533926404	4.0
286009239	533926404	2.0
533494280	533926404	1.0
281837546	533926404	4.0
333012972	533926404	4.0
476937673	533926404	3.0
512049696	533926404	2.0
526820273	533926404	4.0
526820363	533926404	3.0
116639755	533926404	4.0
285257213	533926404	4.0
572427981	533926404	4.0
572427983	533926404	4.0
572427984	533926404	4.0
572427985	533926404	4.0
358906395	533926404	5.0
358933096	533926404	5.0
531846822	533926404	3.0
282145314	533926404	4.0
282149993	533926404	4.0
282150048	533926404	4.0
282159630	533926404	4.0
282159633	533926404	4.0
282159742	533926404	4.0
282159770	533926404	4.0
282161202	533926404	3.0
281816538	533926404	2.0
110033915	533926404	4.0
110033921	533926404	4.0
281722544	533926404	2.0
281837046	533926404	3.0
282161201	533926404	3.0
282161209	533926404	3.0
527878032	533926404	3.0
527885410	533926404	3.0
281825299	533926404	2.0
281729140	533926404	2.0
281843275	533926404	3.0
281835253	533926404	3.0
282141017	533926404	4.0
282147567	533926404	4.0
359339912	533926404	5.0
533926405	533926405	0
533926403	533926405	0.0
285135386	533926405	3.0
285135387	533926405	4.0
285135388	533926405	4.0
285142948	533926405	3.0
285142949	533926405	4.0
526819758	533926405	4.0
526819759	533926405	4.0
526819972	533926405	3.0
526819973	533926405	4.0
526820012	533926405	3.0
526820044	533926405	3.0
531843872	533926405	4.0
531843873	533926405	4.0
531843874	533926405	4.0
526819217	533926405	4.0
526819716	533926405	4.0
526819717	533926405	4.0
526819718	533926405	4.0
292660994	533926405	4.0
281722476	533926405	3.0
281841096	533926405	4.0
281821968	533926405	3.0
282141858	533926405	5.0
282150258	533926405	4.0
282164023	533926405	4.0
286009239	533926405	2.0
533494280	533926405	1.0
281837546	533926405	4.0
333012972	533926405	4.0
476937673	533926405	3.0
512049696	533926405	2.0
526820273	533926405	4.0
526820363	533926405	3.0
116639755	533926405	4.0
285257213	533926405	4.0
572427981	533926405	4.0
572427983	533926405	4.0
572427984	533926405	4.0
572427985	533926405	4.0
358906395	533926405	4.0
358933096	533926405	5.0
531846822	533926405	3.0
282145314	533926405	4.0
282149993	533926405	4.0
282150048	533926405	4.0
282159630	533926405	4.0
282159633	533926405	4.0
282159742	533926405	4.0
282159770	533926405	4.0
282161202	533926405	3.0
281816538	533926405	2.0
110033915	533926405	4.0
110033921	533926405	4.0
281722544	533926405	2.0
281837046	533926405	3.0
282161201	533926405	3.0
282161209	533926405	3.0
527878032	533926405	2.0
527885410	533926405	3.0
281825299	533926405	2.0
281729140	533926405	2.0
281843275	533926405	3.0
281835253	533926405	3.0
282141017	533926405	4.0
282147567	533926405	4.0
359339912	533926405	5.0
533926403	533926403	0
285135386	533926403	4.0
285135387	533926403	4.0
285135388	533926403	4.0
285142948	533926403	3.0
285142949	533926403	4.0
526819758	533926403	4.0
526819759	533926403	4.0
526819972	533926403	3.0
526819973	533926403	4.0
526820012	533926403	3.0
526820044	533926403	3.0
531843872	533926403	4.0
531843873	533926403	4.0
531843874	533926403	4.0
526819217	533926403	4.0
526819716	533926403	4.0
526819717	533926403	4.0
526819718	533926403	4.0
292660994	533926403	4.0
281722476	533926403	2.0
281841096	533926403	4.0
281821968	533926403	2.0
282141858	533926403	5.0
282150258	533926403	4.0
282164023	533926403	4.0
286009239	533926403	2.0
533494280	533926403	1.0
281837546	533926403	4.0
333012972	533926403	4.0
476937673	533926403	3.0
512049696	533926403	3.0
526820273	533926403	4.0
526820363	533926403	3.0
116639755	533926403	4.0
285257213	533926403	4.0
572427981	533926403	4.0
572427983	533926403	4.0
572427984	533926403	4.0
572427985	533926403	4.0
358906395	533926403	4.0
358933096	533926403	4.0
531846822	533926403	3.0
282145314	533926403	4.0
282149993	533926403	4.0
282150048	533926403	4.0
282159630	533926403	4.0
282159633	533926403	4.0
282159742	533926403	4.0
282159770	533926403	4.0
282161202	533926403	3.0
281816538	533926403	1.0
110033915	533926403	4.0
110033921	533926403	4.0
281722544	533926403	2.0
281837046	533926403	3.0
282161201	533926403	4.0
282161209	533926403	3.0
527878032	533926403	3.0
527885410	533926403	3.0
281825299	533926403	2.0
281729140	533926403	2.0
281843275	533926403	4.0
281835253	533926403	3.0
282141017	533926403	5.0
282147567	533926403	4.0
359339912	533926403	5.0
285135386	285135386	0
285135387	285135386	2.0
285135388	285135386	2.0
285142948	285135386	2.0
285142949	285135386	2.0
526819758	285135386	3.0
526819759	285135386	3.0
526819972	285135386	3.0
526819973	285135386	3.0
526820012	285135386	3.0
526820044	285135386	3.0
531843872	285135386	0.0
531843873	285135386	2.0
531843874	285135386	2.0
526819217	285135386	3.0
526819716	285135386	4.0
526819717	285135386	4.0
526819718	285135386	3.0
292660994	285135386	4.0
281722476	285135386	4.0
281841096	285135386	2.0
281821968	285135386	4.0
282141858	285135386	4.0
282150258	285135386	3.0
282164023	285135386	3.0
286009239	285135386	4.0
533494280	285135386	4.0
281837546	285135386	3.0
333012972	285135386	3.0
476937673	285135386	3.0
512049696	285135386	3.0
526820273	285135386	3.0
526820363	285135386	3.0
116639755	285135386	4.0
285257213	285135386	4.0
572427981	285135386	2.0
572427983	285135386	3.0
572427984	285135386	3.0
572427985	285135386	3.0
358906395	285135386	4.0
358933096	285135386	4.0
531846822	285135386	1.0
282145314	285135386	3.0
282149993	285135386	3.0
282150048	285135386	3.0
282159630	285135386	3.0
282159633	285135386	3.0
282159742	285135386	3.0
282159770	285135386	3.0
282161202	285135386	3.0
281816538	285135386	4.0
110033915	285135386	2.0
110033921	285135386	3.0
281722544	285135386	4.0
281837046	285135386	3.0
282161201	285135386	3.0
282161209	285135386	3.0
527878032	285135386	3.0
527885410	285135386	4.0
281825299	285135386	3.0
281729140	285135386	4.0
281843275	285135386	2.0
281835253	285135386	2.0
282141017	285135386	4.0
282147567	285135386	4.0
359339912	285135386	4.0
285135387	285135387	0
285135388	285135387	0.0
285142948	285135387	3.0
285142949	285135387	3.0
526819758	285135387	3.0
526819759	285135387	3.0
526819972	285135387	3.0
526819973	285135387	3.0
526820012	285135387	3.0
526820044	285135387	3.0
531843872	285135387	2.0
531843873	285135387	1.0
531843874	285135387	1.0
526819217	285135387	3.0
526819716	285135387	3.0
526819717	285135387	4.0
526819718	285135387	3.0
292660994	285135387	4.0
281722476	285135387	4.0
281841096	285135387	0.0
281821968	285135387	4.0
282141858	285135387	4.0
282150258	285135387	3.0
282164023	285135387	3.0
286009239	285135387	4.0
533494280	285135387	4.0
281837546	285135387	4.0
333012972	285135387	3.0
476937673	285135387	4.0
512049696	285135387	4.0
526820273	285135387	3.0
526820363	285135387	3.0
116639755	285135387	4.0
285257213	285135387	4.0
572427981	285135387	2.0
572427983	285135387	3.0
572427984	285135387	3.0
572427985	285135387	3.0
358906395	285135387	4.0
358933096	285135387	4.0
531846822	285135387	3.0
282145314	285135387	3.0
282149993	285135387	3.0
282150048	285135387	3.0
282159630	285135387	3.0
282159633	285135387	3.0
282159742	285135387	3.0
282159770	285135387	3.0
282161202	285135387	3.0
281816538	285135387	4.0
110033915	285135387	3.0
110033921	285135387	1.0
281722544	285135387	4.0
281837046	285135387	3.0
282161201	285135387	3.0
282161209	285135387	3.0
527878032	285135387	3.0
527885410	285135387	4.0
281825299	285135387	4.0
281729140	285135387	4.0
281843275	285135387	3.0
281835253	285135387	3.0
282141017	285135387	4.0
282147567	285135387	4.0
359339912	285135387	4.0
285135388	285135388	0
285142948	285135388	3.0
285142949	285135388	3.0
526819758	285135388	3.0
526819759	285135388	3.0
526819972	285135388	3.0
526819973	285135388	3.0
526820012	285135388	3.0
526820044	285135388	3.0
531843872	285135388	2.0
531843873	285135388	1.0
531843874	285135388	1.0
526819217	285135388	3.0
526819716	285135388	3.0
526819717	285135388	4.0
526819718	285135388	3.0
292660994	285135388	4.0
281722476	285135388	4.0
281841096	285135388	0.0
281821968	285135388	4.0
282141858	285135388	4.0
282150258	285135388	3.0
282164023	285135388	3.0
286009239	285135388	4.0
533494280	285135388	4.0
281837546	285135388	4.0
333012972	285135388	3.0
476937673	285135388	4.0
512049696	285135388	4.0
526820273	285135388	3.0
526820363	285135388	3.0
116639755	285135388	4.0
285257213	285135388	4.0
572427981	285135388	2.0
572427983	285135388	3.0
572427984	285135388	3.0
572427985	285135388	3.0
358906395	285135388	4.0
358933096	285135388	4.0
531846822	285135388	3.0
282145314	285135388	3.0
282149993	285135388	3.0
282150048	285135388	3.0
282159630	285135388	3.0
282159633	285135388	3.0
282159742	285135388	3.0
282159770	285135388	3.0
282161202	285135388	3.0
281816538	285135388	4.0
110033915	285135388	3.0
110033921	285135388	1.0
281722544	285135388	4.0
281837046	285135388	3.0
282161201	285135388	3.0
282161209	285135388	3.0
527878032	285135388	3.0
527885410	285135388	4.0
281825299	285135388	4.0
281729140	285135388	4.0
281843275	285135388	3.0
281835253	285135388	3.0
282141017	285135388	4.0
282147567	285135388	4.0
359339912	285135388	4.0
285142948	285142948	0
285142949	285142948	1.0
526819758	285142948	3.0
526819759	285142948	3.0
526819972	285142948	3.0
526819973	285142948	3.0
526820012	285142948	3.0
526820044	285142948	3.0
531843872	285142948	2.0
531843873	285142948	2.0
531843874	285142948	2.0
526819217	285142948	4.0
526819716	285142948	4.0
526819717	285142948	4.0
526819718	285142948	3.0
292660994	285142948	4.0
281722476	285142948	4.0
281841096	285142948	3.0
281821968	285142948	3.0
282141858	285142948	4.0
282150258	285142948	4.0
282164023	285142948	4.0
286009239	285142948	3.0
533494280	285142948	3.0
281837546	285142948	2.0
333012972	285142948	4.0
476937673	285142948	3.0
512049696	285142948	3.0
526820273	285142948	3.0
526820363	285142948	3.0
116639755	285142948	4.0
285257213	285142948	4.0
572427981	285142948	3.0
572427983	285142948	3.0
572427984	285142948	3.0
572427985	285142948	4.0
358906395	285142948	4.0
358933096	285142948	4.0
531846822	285142948	0.0
282145314	285142948	4.0
282149993	285142948	3.0
282150048	285142948	3.0
282159630	285142948	3.0
282159633	285142948	3.0
282159742	285142948	3.0
282159770	285142948	3.0
282161202	285142948	3.0
281816538	285142948	4.0
110033915	285142948	3.0
110033921	285142948	3.0
281722544	285142948	4.0
281837046	285142948	2.0
282161201	285142948	3.0
282161209	285142948	3.0
527878032	285142948	3.0
527885410	285142948	4.0
281825299	285142948	3.0
281729140	285142948	4.0
281843275	285142948	1.0
281835253	285142948	2.0
282141017	285142948	4.0
282147567	285142948	4.0
359339912	285142948	4.0
285142949	285142949	0
526819758	285142949	3.0
526819759	285142949	4.0
526819972	285142949	3.0
526819973	285142949	3.0
526820012	285142949	3.0
526820044	285142949	3.0
531843872	285142949	2.0
531843873	285142949	3.0
531843874	285142949	3.0
526819217	285142949	4.0
526819716	285142949	4.0
526819717	285142949	4.0
526819718	285142949	4.0
292660994	285142949	4.0
281722476	285142949	4.0
281841096	285142949	3.0
281821968	285142949	4.0
282141858	285142949	4.0
282150258	285142949	4.0
282164023	285142949	4.0
286009239	285142949	3.0
533494280	285142949	4.0
281837546	285142949	2.0
333012972	285142949	4.0
476937673	285142949	3.0
512049696	285142949	3.0
526820273	285142949	3.0
526820363	285142949	3.0
116639755	285142949	4.0
285257213	285142949	4.0
572427981	285142949	3.0
572427983	285142949	3.0
572427984	285142949	3.0
572427985	285142949	4.0
358906395	285142949	4.0
358933096	285142949	4.0
531846822	285142949	1.0
282145314	285142949	4.0
282149993	285142949	4.0
282150048	285142949	4.0
282159630	285142949	4.0
282159633	285142949	4.0
282159742	285142949	4.0
282159770	285142949	3.0
282161202	285142949	3.0
281816538	285142949	4.0
110033915	285142949	3.0
110033921	285142949	3.0
281722544	285142949	4.0
281837046	285142949	1.0
282161201	285142949	3.0
282161209	285142949	3.0
527878032	285142949	3.0
527885410	285142949	4.0
281825299	285142949	3.0
281729140	285142949	4.0
281843275	285142949	1.0
281835253	285142949	2.0
282141017	285142949	4.0
282147567	285142949	4.0
359339912	285142949	4.0
526819758	526819758	0
526819759	526819758	0.0
526819972	526819758	2.0
526819973	526819758	0.0
526820012	526819758	2.0
526820044	526819758	1.0
531843872	526819758	3.0
531843873	526819758	3.0
531843874	526819758	3.0
526819217	526819758	1.0
526819716	526819758	1.0
526819717	526819758	2.0
526819718	526819758	1.0
292660994	526819758	4.0
281722476	526819758	4.0
281841096	526819758	3.0
281821968	526819758	3.0
282141858	526819758	4.0
282150258	526819758	4.0
282164023	526819758	4.0
286009239	526819758	4.0
533494280	526819758	4.0
281837546	526819758	4.0
333012972	526819758	3.0
476937673	526819758	2.0
512049696	526819758	3.0
526820273	526819758	2.0
526820363	526819758	1.0
116639755	526819758	4.0
285257213	526819758	2.0
572427981	526819758	3.0
572427983	526819758	3.0
572427984	526819758	3.0
572427985	526819758	4.0
358906395	526819758	4.0
358933096	526819758	4.0
531846822	526819758	3.0
282145314	526819758	4.0
282149993	526819758	4.0
282150048	526819758	4.0
282159630	526819758	4.0
282159633	526819758	4.0
282159742	526819758	4.0
282159770	526819758	3.0
282161202	526819758	3.0
281816538	526819758	4.0
110033915	526819758	4.0
110033921	526819758	3.0
281722544	526819758	4.0
281837046	526819758	3.0
282161201	526819758	1.0
282161209	526819758	2.0
527878032	526819758	3.0
527885410	526819758	4.0
281825299	526819758	3.0
281729140	526819758	4.0
281843275	526819758	3.0
281835253	526819758	3.0
282141017	526819758	4.0
282147567	526819758	4.0
359339912	526819758	4.0
526819759	526819759	0
526819972	526819759	1.0
526819973	526819759	0.0
526820012	526819759	2.0
526820044	526819759	1.0
531843872	526819759	3.0
531843873	526819759	3.0
531843874	526819759	3.0
526819217	526819759	1.0
526819716	526819759	1.0
526819717	526819759	2.0
526819718	526819759	0.0
292660994	526819759	4.0
281722476	526819759	4.0
281841096	526819759	3.0
281821968	526819759	3.0
282141858	526819759	4.0
282150258	526819759	4.0
282164023	526819759	4.0
286009239	526819759	4.0
533494280	526819759	3.0
281837546	526819759	4.0
333012972	526819759	3.0
476937673	526819759	2.0
512049696	526819759	3.0
526820273	526819759	2.0
526820363	526819759	2.0
116639755	526819759	4.0
285257213	526819759	2.0
572427981	526819759	3.0
572427983	526819759	3.0
572427984	526819759	3.0
572427985	526819759	4.0
358906395	526819759	4.0
358933096	526819759	4.0
531846822	526819759	3.0
282145314	526819759	4.0
282149993	526819759	4.0
282150048	526819759	4.0
282159630	526819759	4.0
282159633	526819759	4.0
282159742	526819759	4.0
282159770	526819759	3.0
282161202	526819759	3.0
281816538	526819759	4.0
110033915	526819759	4.0
110033921	526819759	3.0
281722544	526819759	4.0
281837046	526819759	3.0
282161201	526819759	1.0
282161209	526819759	2.0
527878032	526819759	3.0
527885410	526819759	4.0
281825299	526819759	3.0
281729140	526819759	4.0
281843275	526819759	3.0
281835253	526819759	3.0
282141017	526819759	4.0
282147567	526819759	4.0
359339912	526819759	4.0
526819972	526819972	0
526819973	526819972	2.0
526820012	526819972	0.0
526820044	526819972	2.0
531843872	526819972	3.0
531843873	526819972	3.0
531843874	526819972	3.0
526819217	526819972	2.0
526819716	526819972	2.0
526819717	526819972	2.0
526819718	526819972	2.0
292660994	526819972	4.0
281722476	526819972	4.0
281841096	526819972	3.0
281821968	526819972	3.0
282141858	526819972	4.0
282150258	526819972	4.0
282164023	526819972	4.0
286009239	526819972	3.0
533494280	526819972	3.0
281837546	526819972	3.0
333012972	526819972	3.0
476937673	526819972	2.0
512049696	526819972	3.0
526820273	526819972	2.0
526820363	526819972	2.0
116639755	526819972	4.0
285257213	526819972	2.0
572427981	526819972	3.0
572427983	526819972	3.0
572427984	526819972	3.0
572427985	526819972	4.0
358906395	526819972	4.0
358933096	526819972	4.0
531846822	526819972	3.0
282145314	526819972	4.0
282149993	526819972	4.0
282150048	526819972	4.0
282159630	526819972	4.0
282159633	526819972	4.0
282159742	526819972	4.0
282159770	526819972	3.0
282161202	526819972	2.0
281816538	526819972	4.0
110033915	526819972	4.0
110033921	526819972	3.0
281722544	526819972	4.0
281837046	526819972	3.0
282161201	526819972	2.0
282161209	526819972	2.0
527878032	526819972	2.0
527885410	526819972	4.0
281825299	526819972	3.0
281729140	526819972	4.0
281843275	526819972	3.0
281835253	526819972	3.0
282141017	526819972	4.0
282147567	526819972	4.0
359339912	526819972	4.0
526819973	526819973	0
526820012	526819973	2.0
526820044	526819973	0.0
531843872	526819973	3.0
531843873	526819973	2.0
531843874	526819973	3.0
526819217	526819973	1.0
526819716	526819973	2.0
526819717	526819973	2.0
526819718	526819973	1.0
292660994	526819973	4.0
281722476	526819973	4.0
281841096	526819973	3.0
281821968	526819973	3.0
282141858	526819973	4.0
282150258	526819973	4.0
282164023	526819973	4.0
286009239	526819973	4.0
533494280	526819973	4.0
281837546	526819973	4.0
333012972	526819973	3.0
476937673	526819973	3.0
512049696	526819973	3.0
526820273	526819973	2.0
526820363	526819973	1.0
116639755	526819973	4.0
285257213	526819973	2.0
572427981	526819973	3.0
572427983	526819973	3.0
572427984	526819973	3.0
572427985	526819973	4.0
358906395	526819973	4.0
358933096	526819973	4.0
531846822	526819973	3.0
282145314	526819973	4.0
282149993	526819973	3.0
282150048	526819973	3.0
282159630	526819973	4.0
282159633	526819973	3.0
282159742	526819973	3.0
282159770	526819973	3.0
282161202	526819973	2.0
281816538	526819973	4.0
110033915	526819973	4.0
110033921	526819973	3.0
281722544	526819973	4.0
281837046	526819973	3.0
282161201	526819973	0.0
282161209	526819973	3.0
527878032	526819973	3.0
527885410	526819973	4.0
281825299	526819973	3.0
281729140	526819973	4.0
281843275	526819973	3.0
281835253	526819973	3.0
282141017	526819973	4.0
282147567	526819973	4.0
359339912	526819973	4.0
526820012	526820012	0
526820044	526820012	1.0
531843872	526820012	3.0
531843873	526820012	2.0
531843874	526820012	3.0
526819217	526820012	2.0
526819716	526820012	2.0
526819717	526820012	3.0
526819718	526820012	2.0
292660994	526820012	4.0
281722476	526820012	4.0
281841096	526820012	3.0
281821968	526820012	3.0
282141858	526820012	4.0
282150258	526820012	4.0
282164023	526820012	4.0
286009239	526820012	3.0
533494280	526820012	3.0
281837546	526820012	3.0
333012972	526820012	3.0
476937673	526820012	2.0
512049696	526820012	3.0
526820273	526820012	2.0
526820363	526820012	1.0
116639755	526820012	4.0
285257213	526820012	2.0
572427981	526820012	3.0
572427983	526820012	3.0
572427984	526820012	3.0
572427985	526820012	4.0
358906395	526820012	4.0
358933096	526820012	4.0
531846822	526820012	3.0
282145314	526820012	4.0
282149993	526820012	3.0
282150048	526820012	3.0
282159630	526820012	3.0
282159633	526820012	3.0
282159742	526820012	3.0
282159770	526820012	3.0
282161202	526820012	2.0
281816538	526820012	3.0
110033915	526820012	3.0
110033921	526820012	3.0
281722544	526820012	4.0
281837046	526820012	3.0
282161201	526820012	2.0
282161209	526820012	2.0
527878032	526820012	2.0
527885410	526820012	4.0
281825299	526820012	3.0
281729140	526820012	4.0
281843275	526820012	3.0
281835253	526820012	2.0
282141017	526820012	4.0
282147567	526820012	4.0
359339912	526820012	4.0
526820044	526820044	0
531843872	526820044	2.0
531843873	526820044	2.0
531843874	526820044	2.0
526819217	526820044	2.0
526819716	526820044	2.0
526819717	526820044	3.0
526819718	526820044	2.0
292660994	526820044	4.0
281722476	526820044	4.0
281841096	526820044	3.0
281821968	526820044	3.0
282141858	526820044	4.0
282150258	526820044	4.0
282164023	526820044	3.0
286009239	526820044	4.0
533494280	526820044	3.0
281837546	526820044	3.0
333012972	526820044	3.0
476937673	526820044	3.0
512049696	526820044	3.0
526820273	526820044	1.0
526820363	526820044	0.0
116639755	526820044	4.0
285257213	526820044	2.0
572427981	526820044	3.0
572427983	526820044	3.0
572427984	526820044	3.0
572427985	526820044	3.0
358906395	526820044	4.0
358933096	526820044	4.0
531846822	526820044	3.0
282145314	526820044	3.0
282149993	526820044	3.0
282150048	526820044	3.0
282159630	526820044	3.0
282159633	526820044	3.0
282159742	526820044	3.0
282159770	526820044	3.0
282161202	526820044	2.0
281816538	526820044	4.0
110033915	526820044	3.0
110033921	526820044	3.0
281722544	526820044	4.0
281837046	526820044	3.0
282161201	526820044	0.0
282161209	526820044	2.0
527878032	526820044	2.0
527885410	526820044	4.0
281825299	526820044	3.0
281729140	526820044	4.0
281843275	526820044	3.0
281835253	526820044	3.0
282141017	526820044	4.0
282147567	526820044	4.0
359339912	526820044	4.0
531843872	531843872	0
531843873	531843872	1.0
531843874	531843872	1.0
526819217	531843872	3.0
526819716	531843872	3.0
526819717	531843872	4.0
526819718	531843872	3.0
292660994	531843872	3.0
281722476	531843872	4.0
281841096	531843872	2.0
281821968	531843872	4.0
282141858	531843872	4.0
282150258	531843872	3.0
282164023	531843872	3.0
286009239	531843872	4.0
533494280	531843872	4.0
281837546	531843872	3.0
333012972	531843872	3.0
476937673	531843872	3.0
512049696	531843872	3.0
526820273	531843872	3.0
526820363	531843872	2.0
116639755	531843872	4.0
285257213	531843872	3.0
572427981	531843872	2.0
572427983	531843872	2.0
572427984	531843872	3.0
572427985	531843872	3.0
358906395	531843872	4.0
358933096	531843872	4.0
531846822	531843872	2.0
282145314	531843872	3.0
282149993	531843872	3.0
282150048	531843872	3.0
282159630	531843872	3.0
282159633	531843872	3.0
282159742	531843872	3.0
282159770	531843872	3.0
282161202	531843872	3.0
281816538	531843872	4.0
110033915	531843872	2.0
110033921	531843872	3.0
281722544	531843872	4.0
281837046	531843872	3.0
282161201	531843872	2.0
282161209	531843872	3.0
527878032	531843872	3.0
527885410	531843872	4.0
281825299	531843872	3.0
281729140	531843872	4.0
281843275	531843872	2.0
281835253	531843872	3.0
282141017	531843872	4.0
282147567	531843872	3.0
359339912	531843872	4.0
531843873	531843873	0
531843874	531843873	0.0
526819217	531843873	3.0
526819716	531843873	3.0
526819717	531843873	4.0
526819718	531843873	3.0
292660994	531843873	4.0
281722476	531843873	4.0
281841096	531843873	1.0
281821968	531843873	3.0
282141858	531843873	4.0
282150258	531843873	3.0
282164023	531843873	3.0
286009239	531843873	4.0
533494280	531843873	4.0
281837546	531843873	4.0
333012972	531843873	3.0
476937673	531843873	3.0
512049696	531843873	3.0
526820273	531843873	2.0
526820363	531843873	2.0
116639755	531843873	4.0
285257213	531843873	3.0
572427981	531843873	2.0
572427983	531843873	2.0
572427984	531843873	2.0
572427985	531843873	3.0
358906395	531843873	4.0
358933096	531843873	3.0
531846822	531843873	2.0
282145314	531843873	3.0
282149993	531843873	3.0
282150048	531843873	3.0
282159630	531843873	3.0
282159633	531843873	3.0
282159742	531843873	3.0
282159770	531843873	3.0
282161202	531843873	3.0
281816538	531843873	4.0
110033915	531843873	3.0
110033921	531843873	2.0
281722544	531843873	4.0
281837046	531843873	3.0
282161201	531843873	2.0
282161209	531843873	3.0
527878032	531843873	3.0
527885410	531843873	4.0
281825299	531843873	3.0
281729140	531843873	4.0
281843275	531843873	2.0
281835253	531843873	3.0
282141017	531843873	4.0
282147567	531843873	3.0
359339912	531843873	4.0
531843874	531843874	0
526819217	531843874	3.0
526819716	531843874	3.0
526819717	531843874	4.0
526819718	531843874	3.0
292660994	531843874	4.0
281722476	531843874	4.0
281841096	531843874	0.0
281821968	531843874	3.0
282141858	531843874	4.0
282150258	531843874	3.0
282164023	531843874	3.0
286009239	531843874	4.0
533494280	531843874	4.0
281837546	531843874	4.0
333012972	531843874	3.0
476937673	531843874	3.0
512049696	531843874	3.0
526820273	531843874	2.0
526820363	531843874	2.0
116639755	531843874	4.0
285257213	531843874	3.0
572427981	531843874	2.0
572427983	531843874	2.0
572427984	531843874	2.0
572427985	531843874	3.0
358906395	531843874	4.0
358933096	531843874	4.0
531846822	531843874	2.0
282145314	531843874	3.0
282149993	531843874	3.0
282150048	531843874	3.0
282159630	531843874	3.0
282159633	531843874	3.0
282159742	531843874	3.0
282159770	531843874	3.0
282161202	531843874	3.0
281816538	531843874	4.0
110033915	531843874	3.0
110033921	531843874	2.0
281722544	531843874	4.0
281837046	531843874	3.0
282161201	531843874	2.0
282161209	531843874	3.0
527878032	531843874	3.0
527885410	531843874	4.0
281825299	531843874	3.0
281729140	531843874	4.0
281843275	531843874	2.0
281835253	531843874	3.0
282141017	531843874	4.0
282147567	531843874	3.0
359339912	531843874	4.0
526819217	526819217	0
526819716	526819217	0.0
526819717	526819217	2.0
526819718	526819217	0.0
292660994	526819217	4.0
281722476	526819217	4.0
281841096	526819217	3.0
281821968	526819217	3.0
282141858	526819217	4.0
282150258	526819217	4.0
282164023	526819217	4.0
286009239	526819217	4.0
533494280	526819217	4.0
281837546	526819217	4.0
333012972	526819217	4.0
476937673	526819217	2.0
512049696	526819217	3.0
526820273	526819217	2.0
526820363	526819217	2.0
116639755	526819217	4.0
285257213	526819217	2.0
572427981	526819217	3.0
572427983	526819217	4.0
572427984	526819217	4.0
572427985	526819217	4.0
358906395	526819217	4.0
358933096	526819217	4.0
531846822	526819217	3.0
282145314	526819217	4.0
282149993	526819217	4.0
282150048	526819217	4.0
282159630	526819217	4.0
282159633	526819217	4.0
282159742	526819217	4.0
282159770	526819217	4.0
282161202	526819217	3.0
281816538	526819217	4.0
110033915	526819217	4.0
110033921	526819217	4.0
281722544	526819217	4.0
281837046	526819217	4.0
282161201	526819217	2.0
282161209	526819217	2.0
527878032	526819217	3.0
527885410	526819217	4.0
281825299	526819217	3.0
281729140	526819217	4.0
281843275	526819217	4.0
281835253	526819217	3.0
282141017	526819217	4.0
282147567	526819217	4.0
359339912	526819217	4.0
526819716	526819716	0
526819717	526819716	3.0
526819718	526819716	0.0
292660994	526819716	4.0
281722476	526819716	4.0
281841096	526819716	3.0
281821968	526819716	3.0
282141858	526819716	4.0
282150258	526819716	4.0
282164023	526819716	4.0
286009239	526819716	4.0
533494280	526819716	4.0
281837546	526819716	4.0
333012972	526819716	4.0
476937673	526819716	3.0
512049696	526819716	3.0
526820273	526819716	3.0
526820363	526819716	2.0
116639755	526819716	4.0
285257213	526819716	2.0
572427981	526819716	3.0
572427983	526819716	4.0
572427984	526819716	4.0
572427985	526819716	4.0
358906395	526819716	4.0
358933096	526819716	4.0
531846822	526819716	4.0
282145314	526819716	4.0
282149993	526819716	4.0
282150048	526819716	4.0
282159630	526819716	4.0
282159633	526819716	4.0
282159742	526819716	4.0
282159770	526819716	4.0
282161202	526819716	3.0
281816538	526819716	4.0
110033915	526819716	4.0
110033921	526819716	4.0
281722544	526819716	4.0
281837046	526819716	4.0
282161201	526819716	2.0
282161209	526819716	3.0
527878032	526819716	3.0
527885410	526819716	4.0
281825299	526819716	3.0
281729140	526819716	4.0
281843275	526819716	4.0
281835253	526819716	3.0
282141017	526819716	4.0
282147567	526819716	4.0
359339912	526819716	4.0
526819717	526819717	0
526819718	526819717	2.0
292660994	526819717	4.0
281722476	526819717	4.0
281841096	526819717	4.0
281821968	526819717	3.0
282141858	526819717	5.0
282150258	526819717	4.0
282164023	526819717	4.0
286009239	526819717	4.0
533494280	526819717	4.0
281837546	526819717	4.0
333012972	526819717	4.0
476937673	526819717	3.0
512049696	526819717	3.0
526820273	526819717	3.0
526820363	526819717	3.0
116639755	526819717	4.0
285257213	526819717	2.0
572427981	526819717	4.0
572427983	526819717	4.0
572427984	526819717	4.0
572427985	526819717	4.0
358906395	526819717	4.0
358933096	526819717	4.0
531846822	526819717	4.0
282145314	526819717	4.0
282149993	526819717	4.0
282150048	526819717	4.0
282159630	526819717	4.0
282159633	526819717	4.0
282159742	526819717	4.0
282159770	526819717	4.0
282161202	526819717	3.0
281816538	526819717	4.0
110033915	526819717	4.0
110033921	526819717	4.0
281722544	526819717	4.0
281837046	526819717	4.0
282161201	526819717	3.0
282161209	526819717	3.0
527878032	526819717	3.0
527885410	526819717	4.0
281825299	526819717	4.0
281729140	526819717	4.0
281843275	526819717	4.0
281835253	526819717	4.0
282141017	526819717	5.0
282147567	526819717	4.0
359339912	526819717	4.0
526819718	526819718	0
292660994	526819718	4.0
281722476	526819718	4.0
281841096	526819718	3.0
281821968	526819718	3.0
282141858	526819718	4.0
282150258	526819718	4.0
282164023	526819718	4.0
286009239	526819718	4.0
533494280	526819718	3.0
281837546	526819718	4.0
333012972	526819718	4.0
476937673	526819718	2.0
512049696	526819718	3.0
526820273	526819718	2.0
526820363	526819718	2.0
116639755	526819718	4.0
285257213	526819718	2.0
572427981	526819718	3.0
572427983	526819718	3.0
572427984	526819718	4.0
572427985	526819718	4.0
358906395	526819718	4.0
358933096	526819718	4.0
531846822	526819718	3.0
282145314	526819718	4.0
282149993	526819718	4.0
282150048	526819718	4.0
282159630	526819718	4.0
282159633	526819718	4.0
282159742	526819718	4.0
282159770	526819718	4.0
282161202	526819718	3.0
281816538	526819718	4.0
110033915	526819718	4.0
110033921	526819718	4.0
281722544	526819718	4.0
281837046	526819718	3.0
282161201	526819718	2.0
282161209	526819718	2.0
527878032	526819718	3.0
527885410	526819718	4.0
281825299	526819718	3.0
281729140	526819718	4.0
281843275	526819718	4.0
281835253	526819718	3.0
282141017	526819718	4.0
282147567	526819718	4.0
359339912	526819718	4.0
292660994	292660994	0
281722476	292660994	5.0
281841096	292660994	4.0
281821968	292660994	4.0
282141858	292660994	4.0
282150258	292660994	4.0
282164023	292660994	2.0
286009239	292660994	5.0
533494280	292660994	4.0
281837546	292660994	4.0
333012972	292660994	4.0
476937673	292660994	4.0
512049696	292660994	4.0
526820273	292660994	4.0
526820363	292660994	4.0
116639755	292660994	5.0
285257213	292660994	4.0
572427981	292660994	3.0
572427983	292660994	3.0
572427984	292660994	3.0
572427985	292660994	4.0
358906395	292660994	3.0
358933096	292660994	3.0
531846822	292660994	4.0
282145314	292660994	4.0
282149993	292660994	4.0
282150048	292660994	4.0
282159630	292660994	4.0
282159633	292660994	4.0
282159742	292660994	4.0
282159770	292660994	4.0
282161202	292660994	4.0
281816538	292660994	5.0
110033915	292660994	4.0
110033921	292660994	4.0
281722544	292660994	5.0
281837046	292660994	4.0
282161201	292660994	4.0
282161209	292660994	4.0
527878032	292660994	4.0
527885410	292660994	5.0
281825299	292660994	4.0
281729140	292660994	5.0
281843275	292660994	4.0
281835253	292660994	4.0
282141017	292660994	4.0
282147567	292660994	4.0
359339912	292660994	3.0
281722476	281722476	0
281841096	281722476	4.0
281821968	281722476	3.0
282141858	281722476	5.0
282150258	281722476	5.0
282164023	281722476	5.0
286009239	281722476	3.0
533494280	281722476	2.0
281837546	281722476	4.0
333012972	281722476	4.0
476937673	281722476	4.0
512049696	281722476	3.0
526820273	281722476	4.0
526820363	281722476	4.0
116639755	281722476	2.0
285257213	281722476	4.0
572427981	281722476	4.0
572427983	281722476	4.0
572427984	281722476	4.0
572427985	281722476	5.0
358906395	281722476	4.0
358933096	281722476	4.0
531846822	281722476	4.0
282145314	281722476	5.0
282149993	281722476	5.0
282150048	281722476	4.0
282159630	281722476	5.0
282159633	281722476	5.0
282159742	281722476	5.0
282159770	281722476	4.0
282161202	281722476	4.0
281816538	281722476	2.0
110033915	281722476	4.0
110033921	281722476	4.0
281722544	281722476	1.0
281837046	281722476	4.0
282161201	281722476	4.0
282161209	281722476	4.0
527878032	281722476	3.0
527885410	281722476	3.0
281825299	281722476	3.0
281729140	281722476	2.0
281843275	281722476	4.0
281835253	281722476	4.0
282141017	281722476	5.0
282147567	281722476	5.0
359339912	281722476	4.0
281841096	281841096	0
281821968	281841096	4.0
282141858	281841096	4.0
282150258	281841096	3.0
282164023	281841096	3.0
286009239	281841096	4.0
533494280	281841096	4.0
281837546	281841096	4.0
333012972	281841096	3.0
476937673	281841096	3.0
512049696	281841096	4.0
526820273	281841096	3.0
526820363	281841096	3.0
116639755	281841096	4.0
285257213	281841096	4.0
572427981	281841096	2.0
572427983	281841096	3.0
572427984	281841096	3.0
572427985	281841096	3.0
358906395	281841096	4.0
358933096	281841096	4.0
531846822	281841096	3.0
282145314	281841096	3.0
282149993	281841096	3.0
282150048	281841096	3.0
282159630	281841096	3.0
282159633	281841096	3.0
282159742	281841096	3.0
282159770	281841096	3.0
282161202	281841096	3.0
281816538	281841096	4.0
110033915	281841096	3.0
110033921	281841096	2.0
281722544	281841096	4.0
281837046	281841096	3.0
282161201	281841096	3.0
282161209	281841096	3.0
527878032	281841096	3.0
527885410	281841096	4.0
281825299	281841096	4.0
281729140	281841096	4.0
281843275	281841096	3.0
281835253	281841096	3.0
282141017	281841096	4.0
282147567	281841096	3.0
359339912	281841096	4.0
281821968	281821968	0
282141858	281821968	5.0
282150258	281821968	4.0
282164023	281821968	4.0
286009239	281821968	4.0
533494280	281821968	2.0
281837546	281821968	4.0
333012972	281821968	4.0
476937673	281821968	2.0
512049696	281821968	2.0
526820273	281821968	3.0
526820363	281821968	3.0
116639755	281821968	3.0
285257213	281821968	3.0
572427981	281821968	4.0
572427983	281821968	4.0
572427984	281821968	4.0
572427985	281821968	4.0
358906395	281821968	4.0
358933096	281821968	4.0
531846822	281821968	3.0
282145314	281821968	4.0
282149993	281821968	4.0
282150048	281821968	4.0
282159630	281821968	4.0
282159633	281821968	4.0
282159742	281821968	4.0
282159770	281821968	4.0
282161202	281821968	2.0
281816538	281821968	3.0
110033915	281821968	4.0
110033921	281821968	4.0
281722544	281821968	3.0
281837046	281821968	3.0
282161201	281821968	3.0
282161209	281821968	2.0
527878032	281821968	3.0
527885410	281821968	3.0
281825299	281821968	3.0
281729140	281821968	3.0
281843275	281821968	4.0
281835253	281821968	3.0
282141017	281821968	4.0
282147567	281821968	4.0
359339912	281821968	4.0
282141858	282141858	0
282150258	282141858	3.0
282164023	282141858	4.0
286009239	282141858	5.0
533494280	282141858	5.0
281837546	282141858	4.0
333012972	282141858	4.0
476937673	282141858	4.0
512049696	282141858	4.0
526820273	282141858	4.0
526820363	282141858	4.0
116639755	282141858	5.0
285257213	282141858	5.0
572427981	282141858	4.0
572427983	282141858	4.0
572427984	282141858	4.0
572427985	282141858	3.0
358906395	282141858	4.0
358933096	282141858	4.0
531846822	282141858	4.0
282145314	282141858	3.0
282149993	282141858	3.0
282150048	282141858	3.0
282159630	282141858	3.0
282159633	282141858	3.0
282159742	282141858	3.0
282159770	282141858	3.0
282161202	282141858	4.0
281816538	282141858	5.0
110033915	282141858	4.0
110033921	282141858	4.0
281722544	282141858	5.0
281837046	282141858	4.0
282161201	282141858	4.0
282161209	282141858	4.0
527878032	282141858	4.0
527885410	282141858	5.0
281825299	282141858	4.0
281729140	282141858	5.0
281843275	282141858	4.0
281835253	282141858	4.0
282141017	282141858	1.0
282147567	282141858	3.0
359339912	282141858	4.0
282150258	282150258	0
282164023	282150258	2.0
286009239	282150258	4.0
533494280	282150258	4.0
281837546	282150258	4.0
333012972	282150258	4.0
476937673	282150258	4.0
512049696	282150258	4.0
526820273	282150258	4.0
526820363	282150258	3.0
116639755	282150258	4.0
285257213	282150258	4.0
572427981	282150258	2.0
572427983	282150258	2.0
572427984	282150258	2.0
572427985	282150258	0.0
358906395	282150258	3.0
358933096	282150258	3.0
531846822	282150258	4.0
282145314	282150258	2.0
282149993	282150258	0.0
282150048	282150258	1.0
282159630	282150258	0.0
282159633	282150258	0.0
282159742	282150258	0.0
282159770	282150258	0.0
282161202	282150258	4.0
281816538	282150258	4.0
110033915	282150258	4.0
110033921	282150258	4.0
281722544	282150258	4.0
281837046	282150258	4.0
282161201	282150258	4.0
282161209	282150258	4.0
527878032	282150258	4.0
527885410	282150258	4.0
281825299	282150258	4.0
281729140	282150258	5.0
281843275	282150258	4.0
281835253	282150258	4.0
282141017	282150258	3.0
282147567	282150258	0.0
359339912	282150258	3.0
282164023	282164023	0
286009239	282164023	4.0
533494280	282164023	4.0
281837546	282164023	4.0
333012972	282164023	4.0
476937673	282164023	4.0
512049696	282164023	4.0
526820273	282164023	4.0
526820363	282164023	3.0
116639755	282164023	4.0
285257213	282164023	4.0
572427981	282164023	2.0
572427983	282164023	2.0
572427984	282164023	1.0
572427985	282164023	2.0
358906395	282164023	2.0
358933096	282164023	2.0
531846822	282164023	3.0
282145314	282164023	3.0
282149993	282164023	2.0
282150048	282164023	2.0
282159630	282164023	2.0
282159633	282164023	2.0
282159742	282164023	2.0
282159770	282164023	2.0
282161202	282164023	4.0
281816538	282164023	4.0
110033915	282164023	4.0
110033921	282164023	4.0
281722544	282164023	4.0
281837046	282164023	4.0
282161201	282164023	3.0
282161209	282164023	4.0
527878032	282164023	4.0
527885410	282164023	4.0
281825299	282164023	4.0
281729140	282164023	5.0
281843275	282164023	4.0
281835253	282164023	4.0
282141017	282164023	4.0
282147567	282164023	3.0
359339912	282164023	3.0
286009239	286009239	0
533494280	286009239	3.0
281837546	286009239	3.0
333012972	286009239	4.0
476937673	286009239	4.0
512049696	286009239	3.0
526820273	286009239	4.0
526820363	286009239	4.0
116639755	286009239	4.0
285257213	286009239	4.0
572427981	286009239	4.0
572427983	286009239	4.0
572427984	286009239	4.0
572427985	286009239	4.0
358906395	286009239	5.0
358933096	286009239	5.0
531846822	286009239	3.0
282145314	286009239	4.0
282149993	286009239	4.0
282150048	286009239	4.0
282159630	286009239	4.0
282159633	286009239	4.0
282159742	286009239	4.0
282159770	286009239	4.0
282161202	286009239	4.0
281816538	286009239	3.0
110033915	286009239	4.0
110033921	286009239	4.0
281722544	286009239	3.0
281837046	286009239	3.0
282161201	286009239	4.0
282161209	286009239	4.0
527878032	286009239	3.0
527885410	286009239	4.0
281825299	286009239	2.0
281729140	286009239	3.0
281843275	286009239	4.0
281835253	286009239	3.0
282141017	286009239	5.0
282147567	286009239	5.0
359339912	286009239	5.0
533494280	533494280	0
281837546	533494280	4.0
333012972	533494280	4.0
476937673	533494280	3.0
512049696	533494280	3.0
526820273	533494280	4.0
526820363	533494280	3.0
116639755	533494280	3.0
285257213	533494280	4.0
572427981	533494280	4.0
572427983	533494280	4.0
572427984	533494280	4.0
572427985	533494280	4.0
358906395	533494280	4.0
358933096	533494280	4.0
531846822	533494280	3.0
282145314	533494280	4.0
282149993	533494280	4.0
282150048	533494280	4.0
282159630	533494280	4.0
282159633	533494280	4.0
282159742	533494280	4.0
282159770	533494280	4.0
282161202	533494280	3.0
281816538	533494280	2.0
110033915	533494280	4.0
110033921	533494280	4.0
281722544	533494280	2.0
281837046	533494280	3.0
282161201	533494280	3.0
282161209	533494280	3.0
527878032	533494280	3.0
527885410	533494280	3.0
281825299	533494280	2.0
281729140	533494280	3.0
281843275	533494280	4.0
281835253	533494280	3.0
282141017	533494280	5.0
282147567	533494280	4.0
359339912	533494280	5.0
281837546	281837546	0
333012972	281837546	4.0
476937673	281837546	3.0
512049696	281837546	3.0
526820273	281837546	4.0
526820363	281837546	3.0
116639755	281837546	4.0
285257213	281837546	4.0
572427981	281837546	4.0
572427983	281837546	4.0
572427984	281837546	4.0
572427985	281837546	4.0
358906395	281837546	4.0
358933096	281837546	4.0
531846822	281837546	3.0
282145314	281837546	4.0
282149993	281837546	4.0
282150048	281837546	4.0
282159630	281837546	4.0
282159633	281837546	4.0
282159742	281837546	4.0
282159770	281837546	4.0
282161202	281837546	3.0
281816538	281837546	4.0
110033915	281837546	4.0
110033921	281837546	4.0
281722544	281837546	4.0
281837046	281837546	1.0
282161201	281837546	3.0
282161209	281837546	3.0
527878032	281837546	3.0
527885410	281837546	4.0
281825299	281837546	3.0
281729140	281837546	4.0
281843275	281837546	2.0
281835253	281837546	2.0
282141017	281837546	4.0
282147567	281837546	4.0
359339912	281837546	4.0
333012972	333012972	0
476937673	333012972	4.0
512049696	333012972	4.0
526820273	333012972	3.0
526820363	333012972	3.0
116639755	333012972	4.0
285257213	333012972	4.0
572427981	333012972	3.0
572427983	333012972	3.0
572427984	333012972	3.0
572427985	333012972	4.0
358906395	333012972	4.0
358933096	333012972	4.0
531846822	333012972	3.0
282145314	333012972	4.0
282149993	333012972	4.0
282150048	333012972	4.0
282159630	333012972	4.0
282159633	333012972	4.0
282159742	333012972	4.0
282159770	333012972	3.0
282161202	333012972	3.0
281816538	333012972	4.0
110033915	333012972	5.0
110033921	333012972	3.0
281722544	333012972	4.0
281837046	333012972	4.0
282161201	333012972	3.0
282161209	333012972	4.0
527878032	333012972	3.0
527885410	333012972	4.0
281825299	333012972	4.0
281729140	333012972	5.0
281843275	333012972	3.0
281835253	333012972	4.0
282141017	333012972	4.0
282147567	333012972	4.0
359339912	333012972	4.0
476937673	476937673	0
512049696	476937673	2.0
526820273	476937673	3.0
526820363	476937673	2.0
116639755	476937673	4.0
285257213	476937673	2.0
572427981	476937673	3.0
572427983	476937673	4.0
572427984	476937673	4.0
572427985	476937673	4.0
358906395	476937673	4.0
358933096	476937673	4.0
531846822	476937673	3.0
282145314	476937673	4.0
282149993	476937673	4.0
282150048	476937673	4.0
282159630	476937673	4.0
282159633	476937673	4.0
282159742	476937673	4.0
282159770	476937673	4.0
282161202	476937673	2.0
281816538	476937673	3.0
110033915	476937673	4.0
110033921	476937673	4.0
281722544	476937673	3.0
281837046	476937673	3.0
282161201	476937673	3.0
282161209	476937673	0.0
527878032	476937673	2.0
527885410	476937673	4.0
281825299	476937673	3.0
281729140	476937673	4.0
281843275	476937673	3.0
281835253	476937673	3.0
282141017	476937673	4.0
282147567	476937673	4.0
359339912	476937673	4.0
512049696	512049696	0
526820273	512049696	3.0
526820363	512049696	3.0
116639755	512049696	4.0
285257213	512049696	3.0
572427981	512049696	4.0
572427983	512049696	4.0
572427984	512049696	4.0
572427985	512049696	4.0
358906395	512049696	4.0
358933096	512049696	4.0
531846822	512049696	3.0
282145314	512049696	4.0
282149993	512049696	4.0
282150048	512049696	4.0
282159630	512049696	4.0
282159633	512049696	4.0
282159742	512049696	4.0
282159770	512049696	4.0
282161202	512049696	2.0
281816538	512049696	3.0
110033915	512049696	4.0
110033921	512049696	4.0
281722544	512049696	3.0
281837046	512049696	3.0
282161201	512049696	3.0
282161209	512049696	2.0
527878032	512049696	2.0
527885410	512049696	3.0
281825299	512049696	2.0
281729140	512049696	3.0
281843275	512049696	3.0
281835253	512049696	2.0
282141017	512049696	4.0
282147567	512049696	4.0
359339912	512049696	4.0
526820273	526820273	0
526820363	526820273	1.0
116639755	526820273	4.0
285257213	526820273	3.0
572427981	526820273	3.0
572427983	526820273	3.0
572427984	526820273	3.0
572427985	526820273	4.0
358906395	526820273	4.0
358933096	526820273	4.0
531846822	526820273	3.0
282145314	526820273	3.0
282149993	526820273	3.0
282150048	526820273	3.0
282159630	526820273	3.0
282159633	526820273	3.0
282159742	526820273	3.0
282159770	526820273	3.0
282161202	526820273	3.0
281816538	526820273	4.0
110033915	526820273	3.0
110033921	526820273	3.0
281722544	526820273	4.0
281837046	526820273	3.0
282161201	526820273	1.0
282161209	526820273	3.0
527878032	526820273	3.0
527885410	526820273	4.0
281825299	526820273	3.0
281729140	526820273	4.0
281843275	526820273	3.0
281835253	526820273	3.0
282141017	526820273	4.0
282147567	526820273	4.0
359339912	526820273	4.0
526820363	526820363	0
116639755	526820363	4.0
285257213	526820363	3.0
572427981	526820363	3.0
572427983	526820363	3.0
572427984	526820363	3.0
572427985	526820363	3.0
358906395	526820363	4.0
358933096	526820363	4.0
531846822	526820363	3.0
282145314	526820363	3.0
282149993	526820363	3.0
282150048	526820363	3.0
282159630	526820363	3.0
282159633	526820363	3.0
282159742	526820363	3.0
282159770	526820363	3.0
282161202	526820363	2.0
281816538	526820363	4.0
110033915	526820363	3.0
110033921	526820363	3.0
281722544	526820363	4.0
281837046	526820363	3.0
282161201	526820363	0.0
282161209	526820363	2.0
527878032	526820363	2.0
527885410	526820363	4.0
281825299	526820363	3.0
281729140	526820363	4.0
281843275	526820363	3.0
281835253	526820363	3.0
282141017	526820363	4.0
282147567	526820363	4.0
359339912	526820363	4.0
116639755	116639755	0
285257213	116639755	4.0
572427981	116639755	4.0
572427983	116639755	4.0
572427984	116639755	4.0
572427985	116639755	4.0
358906395	116639755	4.0
358933096	116639755	4.0
531846822	116639755	4.0
282145314	116639755	5.0
282149993	116639755	4.0
282150048	116639755	4.0
282159630	116639755	4.0
282159633	116639755	4.0
282159742	116639755	4.0
282159770	116639755	4.0
282161202	116639755	4.0
281816538	116639755	3.0
110033915	116639755	5.0
110033921	116639755	4.0
281722544	116639755	3.0
281837046	116639755	4.0
282161201	116639755	4.0
282161209	116639755	4.0
527878032	116639755	4.0
527885410	116639755	2.0
281825299	116639755	4.0
281729140	116639755	4.0
281843275	116639755	4.0
281835253	116639755	4.0
282141017	116639755	5.0
282147567	116639755	4.0
359339912	116639755	4.0
285257213	285257213	0
572427981	285257213	4.0
572427983	285257213	4.0
572427984	285257213	4.0
572427985	285257213	4.0
358906395	285257213	4.0
358933096	285257213	4.0
531846822	285257213	4.0
282145314	285257213	4.0
282149993	285257213	4.0
282150048	285257213	4.0
282159630	285257213	4.0
282159633	285257213	4.0
282159742	285257213	4.0
282159770	285257213	4.0
282161202	285257213	3.0
281816538	285257213	4.0
110033915	285257213	4.0
110033921	285257213	4.0
281722544	285257213	4.0
281837046	285257213	4.0
282161201	285257213	2.0
282161209	285257213	3.0
527878032	285257213	3.0
527885410	285257213	4.0
281825299	285257213	3.0
281729140	285257213	4.0
281843275	285257213	4.0
281835253	285257213	3.0
282141017	285257213	4.0
282147567	285257213	4.0
359339912	285257213	4.0
572427981	572427981	0
572427983	572427981	1.0
572427984	572427981	1.0
572427985	572427981	2.0
358906395	572427981	3.0
358933096	572427981	3.0
531846822	572427981	3.0
282145314	572427981	3.0
282149993	572427981	2.0
282150048	572427981	2.0
282159630	572427981	2.0
282159633	572427981	2.0
282159742	572427981	2.0
282159770	572427981	1.0
282161202	572427981	3.0
281816538	572427981	4.0
110033915	572427981	3.0
110033921	572427981	3.0
281722544	572427981	4.0
281837046	572427981	3.0
282161201	572427981	3.0
282161209	572427981	3.0
527878032	572427981	3.0
527885410	572427981	4.0
281825299	572427981	4.0
281729140	572427981	4.0
281843275	572427981	3.0
281835253	572427981	3.0
282141017	572427981	4.0
282147567	572427981	3.0
359339912	572427981	3.0
572427983	572427983	0
572427984	572427983	0.0
572427985	572427983	2.0
358906395	572427983	3.0
358933096	572427983	3.0
531846822	572427983	3.0
282145314	572427983	3.0
282149993	572427983	2.0
282150048	572427983	2.0
282159630	572427983	2.0
282159633	572427983	2.0
282159742	572427983	2.0
282159770	572427983	1.0
282161202	572427983	3.0
281816538	572427983	4.0
110033915	572427983	3.0
110033921	572427983	3.0
281722544	572427983	4.0
281837046	572427983	4.0
282161201	572427983	3.0
282161209	572427983	3.0
527878032	572427983	3.0
527885410	572427983	4.0
281825299	572427983	4.0
281729140	572427983	4.0
281843275	572427983	3.0
281835253	572427983	3.0
282141017	572427983	4.0
282147567	572427983	3.0
359339912	572427983	3.0
572427984	572427984	0
572427985	572427984	2.0
358906395	572427984	3.0
358933096	572427984	3.0
531846822	572427984	3.0
282145314	572427984	3.0
282149993	572427984	1.0
282150048	572427984	1.0
282159630	572427984	2.0
282159633	572427984	1.0
282159742	572427984	1.0
282159770	572427984	2.0
282161202	572427984	3.0
281816538	572427984	4.0
110033915	572427984	3.0
110033921	572427984	3.0
281722544	572427984	4.0
281837046	572427984	4.0
282161201	572427984	3.0
282161209	572427984	4.0
527878032	572427984	3.0
527885410	572427984	4.0
281825299	572427984	4.0
281729140	572427984	4.0
281843275	572427984	3.0
281835253	572427984	4.0
282141017	572427984	4.0
282147567	572427984	2.0
359339912	572427984	3.0
572427985	572427985	0
358906395	572427985	3.0
358933096	572427985	3.0
531846822	572427985	3.0
282145314	572427985	2.0
282149993	572427985	0.0
282150048	572427985	0.0
282159630	572427985	0.0
282159633	572427985	0.0
282159742	572427985	0.0
282159770	572427985	0.0
282161202	572427985	4.0
281816538	572427985	4.0
110033915	572427985	4.0
110033921	572427985	4.0
281722544	572427985	4.0
281837046	572427985	4.0
282161201	572427985	3.0
282161209	572427985	4.0
527878032	572427985	4.0
527885410	572427985	4.0
281825299	572427985	4.0
281729140	572427985	5.0
281843275	572427985	4.0
281835253	572427985	4.0
282141017	572427985	3.0
282147567	572427985	1.0
359339912	572427985	3.0
358906395	358906395	0
358933096	358906395	0.0
531846822	358906395	4.0
282145314	358906395	3.0
282149993	358906395	3.0
282150048	358906395	3.0
282159630	358906395	3.0
282159633	358906395	3.0
282159742	358906395	3.0
282159770	358906395	3.0
282161202	358906395	4.0
281816538	358906395	5.0
110033915	358906395	4.0
110033921	358906395	4.0
281722544	358906395	5.0
281837046	358906395	4.0
282161201	358906395	4.0
282161209	358906395	4.0
527878032	358906395	4.0
527885410	358906395	4.0
281825299	358906395	4.0
281729140	358906395	5.0
281843275	358906395	4.0
281835253	358906395	4.0
282141017	358906395	4.0
282147567	358906395	4.0
359339912	358906395	2.0
358933096	358933096	0
531846822	358933096	4.0
282145314	358933096	3.0
282149993	358933096	3.0
282150048	358933096	3.0
282159630	358933096	3.0
282159633	358933096	3.0
282159742	358933096	3.0
282159770	358933096	3.0
282161202	358933096	4.0
281816538	358933096	5.0
110033915	358933096	4.0
110033921	358933096	4.0
281722544	358933096	5.0
281837046	358933096	4.0
282161201	358933096	4.0
282161209	358933096	4.0
527878032	358933096	4.0
527885410	358933096	4.0
281825299	358933096	4.0
281729140	358933096	5.0
281843275	358933096	4.0
281835253	358933096	4.0
282141017	358933096	4.0
282147567	358933096	3.0
359339912	358933096	2.0
531846822	531846822	0
282145314	531846822	3.0
282149993	531846822	3.0
282150048	531846822	3.0
282159630	531846822	3.0
282159633	531846822	3.0
282159742	531846822	3.0
282159770	531846822	3.0
282161202	531846822	3.0
281816538	531846822	3.0
110033915	531846822	3.0
110033921	531846822	3.0
281722544	531846822	4.0
281837046	531846822	2.0
282161201	531846822	3.0
282161209	531846822	3.0
527878032	531846822	2.0
527885410	531846822	4.0
281825299	531846822	3.0
281729140	531846822	4.0
281843275	531846822	1.0
281835253	531846822	2.0
282141017	531846822	4.0
282147567	531846822	4.0
359339912	531846822	4.0
282145314	282145314	0
282149993	282145314	2.0
282150048	282145314	2.0
282159630	282145314	2.0
282159633	282145314	2.0
282159742	282145314	2.0
282159770	282145314	2.0
282161202	282145314	4.0
281816538	282145314	4.0
110033915	282145314	3.0
110033921	282145314	4.0
281722544	282145314	4.0
281837046	282145314	4.0
282161201	282145314	3.0
282161209	282145314	4.0
527878032	282145314	4.0
527885410	282145314	4.0
281825299	282145314	4.0
281729140	282145314	5.0
281843275	282145314	3.0
281835253	282145314	4.0
282141017	282145314	3.0
282147567	282145314	2.0
359339912	282145314	3.0
282149993	282149993	0
282150048	282149993	0.0
282159630	282149993	0.0
282159633	282149993	0.0
282159742	282149993	0.0
282159770	282149993	0.0
282161202	282149993	4.0
281816538	282149993	4.0
110033915	282149993	4.0
110033921	282149993	4.0
281722544	282149993	4.0
281837046	282149993	4.0
282161201	282149993	3.0
282161209	282149993	4.0
527878032	282149993	4.0
527885410	282149993	4.0
281825299	282149993	4.0
281729140	282149993	5.0
281843275	282149993	3.0
281835253	282149993	4.0
282141017	282149993	3.0
282147567	282149993	1.0
359339912	282149993	3.0
282150048	282150048	0
282159630	282150048	0.0
282159633	282150048	0.0
282159742	282150048	0.0
282159770	282150048	0.0
282161202	282150048	4.0
281816538	282150048	4.0
110033915	282150048	4.0
110033921	282150048	3.0
281722544	282150048	4.0
281837046	282150048	4.0
282161201	282150048	3.0
282161209	282150048	4.0
527878032	282150048	4.0
527885410	282150048	4.0
281825299	282150048	4.0
281729140	282150048	5.0
281843275	282150048	3.0
281835253	282150048	4.0
282141017	282150048	3.0
282147567	282150048	1.0
359339912	282150048	3.0
282159630	282159630	0
282159633	282159630	0.0
282159742	282159630	0.0
282159770	282159630	0.0
282161202	282159630	4.0
281816538	282159630	4.0
110033915	282159630	4.0
110033921	282159630	4.0
281722544	282159630	4.0
281837046	282159630	4.0
282161201	282159630	3.0
282161209	282159630	4.0
527878032	282159630	4.0
527885410	282159630	4.0
281825299	282159630	4.0
281729140	282159630	5.0
281843275	282159630	3.0
281835253	282159630	4.0
282141017	282159630	3.0
282147567	282159630	1.0
359339912	282159630	3.0
282159633	282159633	0
282159742	282159633	0.0
282159770	282159633	0.0
282161202	282159633	4.0
281816538	282159633	4.0
110033915	282159633	4.0
110033921	282159633	4.0
281722544	282159633	4.0
281837046	282159633	4.0
282161201	282159633	3.0
282161209	282159633	4.0
527878032	282159633	4.0
527885410	282159633	4.0
281825299	282159633	4.0
281729140	282159633	5.0
281843275	282159633	3.0
281835253	282159633	4.0
282141017	282159633	3.0
282147567	282159633	1.0
359339912	282159633	3.0
282159742	282159742	0
282159770	282159742	0.0
282161202	282159742	4.0
281816538	282159742	4.0
110033915	282159742	4.0
110033921	282159742	4.0
281722544	282159742	4.0
281837046	282159742	4.0
282161201	282159742	3.0
282161209	282159742	4.0
527878032	282159742	4.0
527885410	282159742	4.0
281825299	282159742	4.0
281729140	282159742	5.0
281843275	282159742	3.0
281835253	282159742	4.0
282141017	282159742	3.0
282147567	282159742	1.0
359339912	282159742	3.0
282159770	282159770	0
282161202	282159770	4.0
281816538	282159770	4.0
110033915	282159770	4.0
110033921	282159770	4.0
281722544	282159770	4.0
281837046	282159770	4.0
282161201	282159770	3.0
282161209	282159770	4.0
527878032	282159770	4.0
527885410	282159770	5.0
281825299	282159770	4.0
281729140	282159770	4.0
281843275	282159770	3.0
281835253	282159770	4.0
282141017	282159770	3.0
282147567	282159770	1.0
359339912	282159770	3.0
282161202	282161202	0
281816538	282161202	3.0
110033915	282161202	4.0
110033921	282161202	4.0
281722544	282161202	4.0
281837046	282161202	3.0
282161201	282161202	2.0
282161209	282161202	1.0
527878032	282161202	2.0
527885410	282161202	4.0
281825299	282161202	3.0
281729140	282161202	4.0
281843275	282161202	3.0
281835253	282161202	3.0
282141017	282161202	4.0
282147567	282161202	4.0
359339912	282161202	4.0
281816538	281816538	0
110033915	281816538	4.0
110033921	281816538	4.0
281722544	281816538	0.0
281837046	281816538	4.0
282161201	281816538	4.0
282161209	281816538	3.0
527878032	281816538	3.0
527885410	281816538	3.0
281825299	281816538	2.0
281729140	281816538	2.0
281843275	281816538	4.0
281835253	281816538	3.0
282141017	281816538	5.0
282147567	281816538	5.0
359339912	281816538	5.0
110033915	110033915	0
110033921	110033915	4.0
281722544	110033915	4.0
281837046	110033915	4.0
282161201	110033915	3.0
282161209	110033915	4.0
527878032	110033915	4.0
527885410	110033915	4.0
281825299	110033915	4.0
281729140	110033915	5.0
281843275	110033915	3.0
281835253	110033915	3.0
282141017	110033915	4.0
282147567	110033915	4.0
359339912	110033915	4.0
110033921	110033921	0
281722544	110033921	4.0
281837046	110033921	4.0
282161201	110033921	3.0
282161209	110033921	4.0
527878032	110033921	4.0
527885410	110033921	5.0
281825299	110033921	4.0
281729140	110033921	4.0
281843275	110033921	3.0
281835253	110033921	4.0
282141017	110033921	4.0
282147567	110033921	4.0
359339912	110033921	4.0
281722544	281722544	0
281837046	281722544	4.0
282161201	281722544	4.0
282161209	281722544	3.0
527878032	281722544	3.0
527885410	281722544	3.0
281825299	281722544	2.0
281729140	281722544	2.0
281843275	281722544	4.0
281835253	281722544	3.0
282141017	281722544	5.0
282147567	281722544	5.0
359339912	281722544	5.0
281837046	281837046	0
282161201	281837046	3.0
282161209	281837046	3.0
527878032	281837046	3.0
527885410	281837046	4.0
281825299	281837046	3.0
281729140	281837046	4.0
281843275	281837046	2.0
281835253	281837046	1.0
282141017	281837046	4.0
282147567	281837046	4.0
359339912	281837046	4.0
282161201	282161201	0
282161209	282161201	2.0
527878032	282161201	2.0
527885410	282161201	4.0
281825299	282161201	3.0
281729140	282161201	4.0
281843275	282161201	3.0
281835253	282161201	3.0
282141017	282161201	4.0
282147567	282161201	4.0
359339912	282161201	4.0
282161209	282161209	0
527878032	282161209	2.0
527885410	282161209	3.0
281825299	282161209	3.0
281729140	282161209	4.0
281843275	282161209	3.0
281835253	282161209	3.0
282141017	282161209	4.0
282147567	282161209	4.0
359339912	282161209	4.0
527878032	527878032	0
527885410	527878032	4.0
281825299	527878032	2.0
281729140	527878032	3.0
281843275	527878032	3.0
281835253	527878032	2.0
282141017	527878032	4.0
282147567	527878032	4.0
359339912	527878032	4.0
527885410	527885410	0
281825299	527885410	3.0
281729140	527885410	4.0
281843275	527885410	4.0
281835253	527885410	4.0
282141017	527885410	5.0
282147567	527885410	5.0
359339912	527885410	4.0
281825299	281825299	0
281729140	281825299	3.0
281843275	281825299	3.0
281835253	281825299	2.0
282141017	281825299	4.0
282147567	281825299	4.0
359339912	281825299	4.0
281729140	281729140	0
281843275	281729140	4.0
281835253	281729140	4.0
282141017	281729140	5.0
282147567	281729140	5.0
359339912	281729140	5.0
281843275	281843275	0
281835253	281843275	3.0
282141017	281843275	4.0
282147567	281843275	4.0
359339912	281843275	4.0
281835253	281835253	0
282141017	281835253	4.0
282147567	281835253	4.0
359339912	281835253	4.0
282141017	282141017	0
282147567	282141017	3.0
359339912	282141017	4.0
282147567	282147567	0
359339912	282147567	3.0
359339912	359339912	0
