291384447	[65,-86.0,21.0]	40.6047189	-73.75416483333333	0.17706823329875704	0.1485590358725221	0.5562523746198171	0.00014449911449556966	0.6881720430107527	0.2463102162961389
285887375	[-48,79.0,-31.0]	40.59851209999999	-73.78331836	0.17706823329875704	0.1485590358725221	0.5562523746198171	0.00014449911449556966	0.6881720430107527	0.2463102162961389
285887376	[-50,82.0,-32.0]	40.59847028	-73.78398996000001	0.17706823329875704	0.1485590358725221	0.5562523746198171	0.00014449911449556966	0.6881720430107527	0.2463102162961389
285887377	[-61,81.0,-20.0]	40.59613212000001	-73.7837315	0.17706823329875704	0.1485590358725221	0.5562523746198171	0.00014449911449556966	0.6881720430107527	0.2463102162961389
320893894	[-53,66.0,-13.0]	40.59623347	-73.78104904	0.17706823329875704	0.1485590358725221	0.5562523746198171	0.00014449911449556966	0.6881720430107527	0.2463102162961389
629041466	[-57,97.0,-40.0]	40.598571542857144	-73.78659428571429	0.17706823329875704	0.1485590358725221	0.5562523746198171	0.00014449911449556966	0.6881720430107527	0.2463102162961389
266177533	[-4,-7.0,11.0]	40.59876124	-73.76803096	0.17706823329875704	0.1485590358725221	0.5562523746198171	0.00014449911449556966	0.6881720430107527	0.2463102162961389
616763965	[0,-13.0,13.0]	40.598960899999994	-73.76694016	0.17706823329875704	0.1485590358725221	0.5562523746198171	0.00014449911449556966	0.6881720430107527	0.2463102162961389
266177532	[0,-11.0,11.0]	40.599246799999996	-73.76745317999999	0.17706823329875704	0.1485590358725221	0.5562523746198171	0.00014449911449556966	0.6881720430107527	0.2463102162961389
266177536	[-1,-2.0,3.0]	40.59980846249999	-73.7689846375	0.17706823329875704	0.1485590358725221	0.5562523746198171	0.00014449911449556966	0.6881720430107527	0.2463102162961389
285306866	[-12,-47.0,59.0]	40.59303540833334	-73.7610481	0.17706823329875704	0.1485590358725221	0.5562523746198171	0.00014449911449556966	0.6881720430107527	0.2463102162961389
266179127	[20,-27.0,7.0]	40.60163175999999	-73.7645467	0.17706823329875704	0.1485590358725221	0.5562523746198171	0.00014449911449556966	0.6881720430107527	0.2463102162961389
266179128	[18,-30.0,12.0]	40.600890559999996	-73.76410046	0.17706823329875704	0.1485590358725221	0.5562523746198171	0.00014449911449556966	0.6881720430107527	0.2463102162961389
285299220	[43,-134.0,91.0]	40.59538427272727	-73.74565086363636	0.17706823329875704	0.1485590358725221	0.5562523746198171	0.00014449911449556966	0.6881720430107527	0.2463102162961389
285299221	[46,-137.0,91.0]	40.595715580000004	-73.74504549999999	0.17706823329875704	0.1485590358725221	0.5562523746198171	0.00014449911449556966	0.6881720430107527	0.2463102162961389
285299222	[27,-95.0,68.0]	40.59610652857143	-73.75254691428572	0.17706823329875704	0.1485590358725221	0.5562523746198171	0.00014449911449556966	0.6881720430107527	0.2463102162961389
564141931	[25,-106.0,81.0]	40.59453932142857	-73.75064252857143	0.17706823329875704	0.1485590358725221	0.5562523746198171	0.00014449911449556966	0.6881720430107527	0.2463102162961389
248632185	[74,-107.0,33.0]	40.60445	-73.7504344	0.17706823329875704	0.1485590358725221	0.5562523746198171	0.00014449911449556966	0.6881720430107527	0.2463102162961389
248632187	[75,-108.0,33.0]	40.6046314	-73.75021688	0.17706823329875704	0.1485590358725221	0.5562523746198171	0.00014449911449556966	0.6881720430107527	0.2463102162961389
605958243	[110,-114.0,4.0]	40.61118962	-73.74903237999999	0.17706823329875704	0.1485590358725221	0.5562523746198171	0.00014449911449556966	0.6881720430107527	0.2463102162961389
605958244	[111,-115.0,4.0]	40.611264819999995	-73.74889834000001	0.17706823329875704	0.1485590358725221	0.5562523746198171	0.00014449911449556966	0.6881720430107527	0.2463102162961389
605958245	[108,-112.0,4.0]	40.61091673333333	-73.74950836666666	0.17706823329875704	0.1485590358725221	0.5562523746198171	0.00014449911449556966	0.6881720430107527	0.2463102162961389
605958246	[109,-113.0,4.0]	40.611000242857145	-73.74927387142858	0.17706823329875704	0.1485590358725221	0.5562523746198171	0.00014449911449556966	0.6881720430107527	0.2463102162961389
605958247	[110,-114.0,4.0]	40.61112046	-73.7492008	0.17706823329875704	0.1485590358725221	0.5562523746198171	0.00014449911449556966	0.6881720430107527	0.2463102162961389
605958248	[109,-111.0,2.0]	40.61129665	-73.74959014999999	0.17706823329875704	0.1485590358725221	0.5562523746198171	0.00014449911449556966	0.6881720430107527	0.2463102162961389
285035182	[-21,-14.0,35.0]	40.594602810000005	-73.76694602	0.17706823329875704	0.1485590358725221	0.5562523746198171	0.00014449911449556966	0.6881720430107527	0.2463102162961389
266178918	[24,-33.0,9.0]	40.601802986956535	-73.76357345652174	0.17706823329875704	0.1485590358725221	0.5562523746198171	0.00014449911449556966	0.6881720430107527	0.2463102162961389
285027825	[85,-85.0,0.0]	40.60896351428572	-73.75421912857144	0.17706823329875704	0.1485590358725221	0.5562523746198171	0.00014449911449556966	0.6881720430107527	0.2463102162961389
285022622	[34,-105.0,71.0]	40.59640901000001	-73.75073914000002	0.17706823329875704	0.1485590358725221	0.5562523746198171	0.00014449911449556966	0.6881720430107527	0.2463102162961389
285022621	[69,-143.0,74.0]	40.59983164166667	-73.74397595	0.17706823329875704	0.1485590358725221	0.5562523746198171	0.00014449911449556966	0.6881720430107527	0.2463102162961389
285024897	[52,-96.0,44.0]	40.60112302142857	-73.75236865714284	0.17706823329875704	0.1485590358725221	0.5562523746198171	0.00014449911449556966	0.6881720430107527	0.2463102162961389
285027826	[87,-108.0,21.0]	40.60695494285714	-73.75021159999999	0.17706823329875704	0.1485590358725221	0.5562523746198171	0.00014449911449556966	0.6881720430107527	0.2463102162961389
564141934	[67,-145.0,78.0]	40.59921587142857	-73.73998574285714	0.17706823329875704	0.1485590358725221	0.5562523746198171	0.00014449911449556966	0.6881720430107527	0.2463102162961389
59392903	[-31,27.0,4.0]	40.59666776	-73.77419816	0.17706823329875704	0.1485590358725221	0.5562523746198171	0.00014449911449556966	0.6881720430107527	0.2463102162961389
568376950	[-63,39.0,24.0]	40.59132463999999	-73.77625557833333	0.17706823329875704	0.1485590358725221	0.5562523746198171	0.00014449911449556966	0.6881720430107527	0.2463102162961389
430669285	[5,3.0,-8.0]	40.60168028666667	-73.76990013999999	0.17706823329875704	0.1485590358725221	0.5562523746198171	0.00014449911449556966	0.6881720430107527	0.2463102162961389
266173832	[29,-93.0,64.0]	40.596717825	-73.75290703125002	0.17706823329875704	0.1485590358725221	0.5562523746198171	0.00014449911449556966	0.6881720430107527	0.2463102162961389
266174996	[11,-87.0,76.0]	40.593632263636366	-73.75382996363636	0.17706823329875704	0.1485590358725221	0.5562523746198171	0.00014449911449556966	0.6881720430107527	0.2463102162961389
266174997	[8,-85.0,77.0]	40.59318834285714	-73.75433544285714	0.17706823329875704	0.1485590358725221	0.5562523746198171	0.00014449911449556966	0.6881720430107527	0.2463102162961389
266174998	[4,-81.0,77.0]	40.59285775	-73.75497416666667	0.17706823329875704	0.1485590358725221	0.5562523746198171	0.00014449911449556966	0.6881720430107527	0.2463102162961389
266174999	[19,-85.0,66.0]	40.59547134	-73.7544147	0.17706823329875704	0.1485590358725221	0.5562523746198171	0.00014449911449556966	0.6881720430107527	0.2463102162961389
266175000	[14,-89.0,75.0]	40.59404786666666	-73.75344878333334	0.17706823329875704	0.1485590358725221	0.5562523746198171	0.00014449911449556966	0.6881720430107527	0.2463102162961389
266175001	[19,-73.0,54.0]	40.596744875	-73.7563609875	0.17706823329875704	0.1485590358725221	0.5562523746198171	0.00014449911449556966	0.6881720430107527	0.2463102162961389
266175002	[25,-82.0,57.0]	40.59693791111111	-73.75475724444443	0.17706823329875704	0.1485590358725221	0.5562523746198171	0.00014449911449556966	0.6881720430107527	0.2463102162961389
266177531	[-3,-16.0,19.0]	40.598020999999996	-73.76650422941177	0.17706823329875704	0.1485590358725221	0.5562523746198171	0.00014449911449556966	0.6881720430107527	0.2463102162961389
266177534	[-1,-31.0,32.0]	40.59694368333333	-73.76381615000001	0.17706823329875704	0.1485590358725221	0.5562523746198171	0.00014449911449556966	0.6881720430107527	0.2463102162961389
320892544	[-9,-58.0,67.0]	40.59249071428571	-73.75920104285714	0.17706823329875704	0.1485590358725221	0.5562523746198171	0.00014449911449556966	0.6881720430107527	0.2463102162961389
350880635	[-5,-24.0,29.0]	40.59687123636363	-73.76516085454546	0.17706823329875704	0.1485590358725221	0.5562523746198171	0.00014449911449556966	0.6881720430107527	0.2463102162961389
285303435	[42,-84.0,42.0]	40.60034967058823	-73.7544243235294	0.17706823329875704	0.1485590358725221	0.5562523746198171	0.00014449911449556966	0.6881720430107527	0.2463102162961389
451753649	[70,-90.0,20.0]	40.60547909	-73.75335818	0.17706823329875704	0.1485590358725221	0.5562523746198171	0.00014449911449556966	0.6881720430107527	0.2463102162961389
528874589	[5,-18.0,13.0]	40.599427866666666	-73.76613743333333	0.17706823329875704	0.1485590358725221	0.5562523746198171	0.00014449911449556966	0.6881720430107527	0.2463102162961389
320895102	[56,-145.0,89.0]	40.59680880769231	-73.74018585384616	0.17706823329875704	0.1485590358725221	0.5562523746198171	0.00014449911449556966	0.6881720430107527	0.2463102162961389
564141944	[34,-119.0,85.0]	40.594984777777775	-73.7482720037037	0.17706823329875704	0.1485590358725221	0.5562523746198171	0.00014449911449556966	0.6881720430107527	0.2463102162961389
564144535	[16,-96.0,80.0]	40.59363307288137	-73.7523307576271	0.17706823329875704	0.1485590358725221	0.5562523746198171	0.00014449911449556966	0.6881720430107527	0.2463102162961389
329780081	[124,-140.0,16.0]	40.61137896666666	-73.74445591666667	0.17706823329875704	0.1485590358725221	0.5562523746198171	0.00014449911449556966	0.6881720430107527	0.2463102162961389
285024977	[55,-89.0,34.0]	40.60250801111111	-73.75359598888889	0.17706823329875704	0.1485590358725221	0.5562523746198171	0.00014449911449556966	0.6881720430107527	0.2463102162961389
285026847	[67,-95.0,28.0]	40.60431934444445	-73.75244247777776	0.17706823329875704	0.1485590358725221	0.5562523746198171	0.00014449911449556966	0.6881720430107527	0.2463102162961389
285024983	[37,-90.0,53.0]	40.59856385053764	-73.75334593655914	0.17706823329875704	0.1485590358725221	0.5562523746198171	0.00014449911449556966	0.6881720430107527	0.2463102162961389
266173778	[43,-102.0,59.0]	40.5985955952381	-73.7512872857143	0.17706823329875704	0.1485590358725221	0.5562523746198171	0.00014449911449556966	0.6881720430107527	0.2463102162961389
285037762	[-74,75.0,-1.0]	40.592768751219516	-73.78271381219513	0.17706823329875704	0.1485590358725221	0.5562523746198171	0.00014449911449556966	0.6881720430107527	0.2463102162961389
285036950	[-26,5.0,21.0]	40.59537840000001	-73.77029205454545	0.17706823329875704	0.1485590358725221	0.5562523746198171	0.00014449911449556966	0.6881720430107527	0.2463102162961389
266178521	[45,-46.0,1.0]	40.60474696842105	-73.76118448947366	0.17706823329875704	0.1485590358725221	0.5562523746198171	0.00014449911449556966	0.6881720430107527	0.2463102162961389
291384444	[64,-85.0,21.0]	40.60459371428571	-73.75430482857143	0.17706823329875704	0.1485590358725221	0.5562523746198171	0.00014449911449556966	0.6881720430107527	0.2463102162961389
548450411	[13,-88.0,75.0]	40.593954665	-73.75378888000002	0.17706823329875704	0.1485590358725221	0.5562523746198171	0.00014449911449556966	0.6881720430107527	0.2463102162961389
291384447	291384447	0
285887375	291384447	5.0
285887376	291384447	5.0
285887377	291384447	4.0
320893894	291384447	4.0
629041466	291384447	5.0
266177533	291384447	3.0
616763965	291384447	3.0
266177532	291384447	3.0
266177536	291384447	3.0
285306866	291384447	4.0
266179127	291384447	3.0
266179128	291384447	3.0
285299220	291384447	4.0
285299221	291384447	4.0
285299222	291384447	3.0
564141931	291384447	3.0
248632185	291384447	1.0
248632187	291384447	2.0
605958243	291384447	3.0
605958244	291384447	3.0
605958245	291384447	3.0
605958246	291384447	3.0
605958247	291384447	3.0
605958248	291384447	3.0
285035182	291384447	4.0
266178918	291384447	3.0
285027825	291384447	2.0
285022622	291384447	3.0
285022621	291384447	3.0
285024897	291384447	2.0
285027826	291384447	2.0
564141934	291384447	4.0
59392903	291384447	4.0
568376950	291384447	4.0
430669285	291384447	4.0
266173832	291384447	3.0
266174996	291384447	3.0
266174997	291384447	3.0
266174998	291384447	4.0
266174999	291384447	3.0
266175000	291384447	3.0
266175001	291384447	3.0
266175002	291384447	3.0
266177531	291384447	3.0
266177534	291384447	3.0
320892544	291384447	4.0
350880635	291384447	3.0
285303435	291384447	2.0
451753649	291384447	2.0
528874589	291384447	3.0
320895102	291384447	4.0
564141944	291384447	4.0
564144535	291384447	4.0
329780081	291384447	3.0
285024977	291384447	2.0
285026847	291384447	0.0
285024983	291384447	3.0
266173778	291384447	3.0
285037762	291384447	5.0
285036950	291384447	4.0
266178521	291384447	3.0
291384444	291384447	0.0
548450411	291384447	3.0
285887375	285887375	0
285887376	285887375	2.0
285887377	285887375	2.0
320893894	285887375	2.0
629041466	285887375	2.0
266177533	285887375	4.0
616763965	285887375	4.0
266177532	285887375	4.0
266177536	285887375	4.0
285306866	285887375	4.0
266179127	285887375	4.0
266179128	285887375	4.0
285299220	285887375	5.0
285299221	285887375	5.0
285299222	285887375	4.0
564141931	285887375	4.0
248632185	285887375	5.0
248632187	285887375	5.0
605958243	285887375	5.0
605958244	285887375	5.0
605958245	285887375	5.0
605958246	285887375	5.0
605958247	285887375	5.0
605958248	285887375	5.0
285035182	285887375	4.0
266178918	285887375	4.0
285027825	285887375	5.0
285022622	285887375	5.0
285022621	285887375	5.0
285024897	285887375	5.0
285027826	285887375	5.0
564141934	285887375	5.0
59392903	285887375	3.0
568376950	285887375	3.0
430669285	285887375	4.0
266173832	285887375	5.0
266174996	285887375	4.0
266174997	285887375	4.0
266174998	285887375	4.0
266174999	285887375	4.0
266175000	285887375	4.0
266175001	285887375	4.0
266175002	285887375	4.0
266177531	285887375	4.0
266177534	285887375	4.0
320892544	285887375	4.0
350880635	285887375	4.0
285303435	285887375	5.0
451753649	285887375	5.0
528874589	285887375	4.0
320895102	285887375	5.0
564141944	285887375	5.0
564144535	285887375	5.0
329780081	285887375	5.0
285024977	285887375	5.0
285026847	285887375	5.0
285024983	285887375	5.0
266173778	285887375	5.0
285037762	285887375	3.0
285036950	285887375	3.0
266178521	285887375	4.0
291384444	285887375	5.0
548450411	285887375	4.0
285887376	285887376	0
285887377	285887376	1.0
320893894	285887376	1.0
629041466	285887376	1.0
266177533	285887376	4.0
616763965	285887376	4.0
266177532	285887376	4.0
266177536	285887376	4.0
285306866	285887376	4.0
266179127	285887376	4.0
266179128	285887376	4.0
285299220	285887376	5.0
285299221	285887376	5.0
285299222	285887376	5.0
564141931	285887376	4.0
248632185	285887376	5.0
248632187	285887376	5.0
605958243	285887376	5.0
605958244	285887376	5.0
605958245	285887376	5.0
605958246	285887376	5.0
605958247	285887376	5.0
605958248	285887376	5.0
285035182	285887376	4.0
266178918	285887376	4.0
285027825	285887376	5.0
285022622	285887376	5.0
285022621	285887376	5.0
285024897	285887376	5.0
285027826	285887376	5.0
564141934	285887376	5.0
59392903	285887376	3.0
568376950	285887376	3.0
430669285	285887376	4.0
266173832	285887376	5.0
266174996	285887376	4.0
266174997	285887376	4.0
266174998	285887376	4.0
266174999	285887376	4.0
266175000	285887376	4.0
266175001	285887376	4.0
266175002	285887376	4.0
266177531	285887376	4.0
266177534	285887376	4.0
320892544	285887376	4.0
350880635	285887376	4.0
285303435	285887376	5.0
451753649	285887376	5.0
528874589	285887376	4.0
320895102	285887376	5.0
564141944	285887376	5.0
564144535	285887376	5.0
329780081	285887376	5.0
285024977	285887376	4.0
285026847	285887376	5.0
285024983	285887376	5.0
266173778	285887376	5.0
285037762	285887376	2.0
285036950	285887376	4.0
266178521	285887376	4.0
291384444	285887376	5.0
548450411	285887376	4.0
285887377	285887377	0
320893894	285887377	1.0
629041466	285887377	2.0
266177533	285887377	4.0
616763965	285887377	4.0
266177532	285887377	4.0
266177536	285887377	4.0
285306866	285887377	4.0
266179127	285887377	4.0
266179128	285887377	4.0
285299220	285887377	5.0
285299221	285887377	5.0
285299222	285887377	4.0
564141931	285887377	4.0
248632185	285887377	5.0
248632187	285887377	5.0
605958243	285887377	5.0
605958244	285887377	5.0
605958245	285887377	5.0
605958246	285887377	5.0
605958247	285887377	5.0
605958248	285887377	5.0
285035182	285887377	4.0
266178918	285887377	4.0
285027825	285887377	5.0
285022622	285887377	4.0
285022621	285887377	5.0
285024897	285887377	4.0
285027826	285887377	5.0
564141934	285887377	5.0
59392903	285887377	3.0
568376950	285887377	3.0
430669285	285887377	4.0
266173832	285887377	4.0
266174996	285887377	4.0
266174997	285887377	4.0
266174998	285887377	4.0
266174999	285887377	4.0
266175000	285887377	4.0
266175001	285887377	4.0
266175002	285887377	4.0
266177531	285887377	4.0
266177534	285887377	4.0
320892544	285887377	4.0
350880635	285887377	4.0
285303435	285887377	5.0
451753649	285887377	5.0
528874589	285887377	4.0
320895102	285887377	5.0
564141944	285887377	5.0
564144535	285887377	4.0
329780081	285887377	5.0
285024977	285887377	4.0
285026847	285887377	5.0
285024983	285887377	4.0
266173778	285887377	5.0
285037762	285887377	2.0
285036950	285887377	3.0
266178521	285887377	4.0
291384444	285887377	4.0
548450411	285887377	4.0
320893894	320893894	0
629041466	320893894	2.0
266177533	320893894	3.0
616763965	320893894	4.0
266177532	320893894	4.0
266177536	320893894	4.0
285306866	320893894	4.0
266179127	320893894	4.0
266179128	320893894	4.0
285299220	320893894	5.0
285299221	320893894	5.0
285299222	320893894	4.0
564141931	320893894	4.0
248632185	320893894	5.0
248632187	320893894	5.0
605958243	320893894	5.0
605958244	320893894	5.0
605958245	320893894	5.0
605958246	320893894	5.0
605958247	320893894	5.0
605958248	320893894	5.0
285035182	320893894	3.0
266178918	320893894	4.0
285027825	320893894	4.0
285022622	320893894	4.0
285022621	320893894	5.0
285024897	320893894	4.0
285027826	320893894	5.0
564141934	320893894	5.0
59392903	320893894	3.0
568376950	320893894	3.0
430669285	320893894	4.0
266173832	320893894	4.0
266174996	320893894	4.0
266174997	320893894	4.0
266174998	320893894	4.0
266174999	320893894	4.0
266175000	320893894	4.0
266175001	320893894	4.0
266175002	320893894	4.0
266177531	320893894	3.0
266177534	320893894	4.0
320892544	320893894	4.0
350880635	320893894	4.0
285303435	320893894	4.0
451753649	320893894	4.0
528874589	320893894	4.0
320895102	320893894	5.0
564141944	320893894	4.0
564144535	320893894	4.0
329780081	320893894	5.0
285024977	320893894	4.0
285026847	320893894	4.0
285024983	320893894	4.0
266173778	320893894	4.0
285037762	320893894	2.0
285036950	320893894	3.0
266178521	320893894	4.0
291384444	320893894	4.0
548450411	320893894	4.0
629041466	629041466	0
266177533	629041466	4.0
616763965	629041466	4.0
266177532	629041466	4.0
266177536	629041466	4.0
285306866	629041466	4.0
266179127	629041466	4.0
266179128	629041466	4.0
285299220	629041466	5.0
285299221	629041466	5.0
285299222	629041466	5.0
564141931	629041466	5.0
248632185	629041466	5.0
248632187	629041466	5.0
605958243	629041466	5.0
605958244	629041466	5.0
605958245	629041466	5.0
605958246	629041466	5.0
605958247	629041466	5.0
605958248	629041466	5.0
285035182	629041466	4.0
266178918	629041466	4.0
285027825	629041466	5.0
285022622	629041466	5.0
285022621	629041466	5.0
285024897	629041466	5.0
285027826	629041466	5.0
564141934	629041466	5.0
59392903	629041466	3.0
568376950	629041466	3.0
430669285	629041466	4.0
266173832	629041466	5.0
266174996	629041466	5.0
266174997	629041466	5.0
266174998	629041466	5.0
266174999	629041466	4.0
266175000	629041466	5.0
266175001	629041466	4.0
266175002	629041466	5.0
266177531	629041466	4.0
266177534	629041466	4.0
320892544	629041466	4.0
350880635	629041466	4.0
285303435	629041466	5.0
451753649	629041466	5.0
528874589	629041466	4.0
320895102	629041466	5.0
564141944	629041466	5.0
564144535	629041466	5.0
329780081	629041466	5.0
285024977	629041466	5.0
285026847	629041466	5.0
285024983	629041466	5.0
266173778	629041466	5.0
285037762	629041466	3.0
285036950	629041466	4.0
266178521	629041466	4.0
291384444	629041466	5.0
548450411	629041466	5.0
266177533	266177533	0
616763965	266177533	0.0
266177532	266177533	1.0
266177536	266177533	1.0
285306866	266177533	3.0
266179127	266177533	2.0
266179128	266177533	2.0
285299220	266177533	4.0
285299221	266177533	4.0
285299222	266177533	4.0
564141931	266177533	4.0
248632185	266177533	4.0
248632187	266177533	4.0
605958243	266177533	4.0
605958244	266177533	4.0
605958245	266177533	4.0
605958246	266177533	4.0
605958247	266177533	4.0
605958248	266177533	4.0
285035182	266177533	2.0
266178918	266177533	2.0
285027825	266177533	4.0
285022622	266177533	4.0
285022621	266177533	4.0
285024897	266177533	3.0
285027826	266177533	4.0
564141934	266177533	4.0
59392903	266177533	3.0
568376950	266177533	3.0
430669285	266177533	2.0
266173832	266177533	4.0
266174996	266177533	4.0
266174997	266177533	3.0
266174998	266177533	3.0
266174999	266177533	3.0
266175000	266177533	3.0
266175001	266177533	3.0
266175002	266177533	3.0
266177531	266177533	0.0
266177534	266177533	2.0
320892544	266177533	3.0
350880635	266177533	2.0
285303435	266177533	3.0
451753649	266177533	3.0
528874589	266177533	1.0
320895102	266177533	4.0
564141944	266177533	4.0
564144535	266177533	4.0
329780081	266177533	4.0
285024977	266177533	3.0
285026847	266177533	3.0
285024983	266177533	4.0
266173778	266177533	4.0
285037762	266177533	4.0
285036950	266177533	2.0
266178521	266177533	3.0
291384444	266177533	3.0
548450411	266177533	4.0
616763965	616763965	0
266177532	616763965	0.0
266177536	616763965	0.0
285306866	616763965	3.0
266179127	616763965	1.0
266179128	616763965	1.0
285299220	616763965	4.0
285299221	616763965	4.0
285299222	616763965	4.0
564141931	616763965	4.0
248632185	616763965	4.0
248632187	616763965	4.0
605958243	616763965	4.0
605958244	616763965	4.0
605958245	616763965	4.0
605958246	616763965	4.0
605958247	616763965	4.0
605958248	616763965	4.0
285035182	616763965	2.0
266178918	616763965	2.0
285027825	616763965	4.0
285022622	616763965	4.0
285022621	616763965	4.0
285024897	616763965	3.0
285027826	616763965	4.0
564141934	616763965	4.0
59392903	616763965	3.0
568376950	616763965	3.0
430669285	616763965	1.0
266173832	616763965	4.0
266174996	616763965	4.0
266174997	616763965	4.0
266174998	616763965	4.0
266174999	616763965	3.0
266175000	616763965	4.0
266175001	616763965	3.0
266175002	616763965	4.0
266177531	616763965	1.0
266177534	616763965	2.0
320892544	616763965	3.0
350880635	616763965	2.0
285303435	616763965	3.0
451753649	616763965	3.0
528874589	616763965	0.0
320895102	616763965	4.0
564141944	616763965	4.0
564144535	616763965	4.0
329780081	616763965	4.0
285024977	616763965	3.0
285026847	616763965	3.0
285024983	616763965	4.0
266173778	616763965	4.0
285037762	616763965	4.0
285036950	616763965	2.0
266178521	616763965	3.0
291384444	616763965	3.0
548450411	616763965	4.0
266177532	266177532	0
266177536	266177532	0.0
285306866	266177532	3.0
266179127	266177532	1.0
266179128	266177532	1.0
285299220	266177532	4.0
285299221	266177532	4.0
285299222	266177532	4.0
564141931	266177532	4.0
248632185	266177532	4.0
248632187	266177532	4.0
605958243	266177532	4.0
605958244	266177532	4.0
605958245	266177532	4.0
605958246	266177532	4.0
605958247	266177532	4.0
605958248	266177532	4.0
285035182	266177532	2.0
266178918	266177532	2.0
285027825	266177532	4.0
285022622	266177532	4.0
285022621	266177532	4.0
285024897	266177532	3.0
285027826	266177532	4.0
564141934	266177532	4.0
59392903	266177532	3.0
568376950	266177532	3.0
430669285	266177532	1.0
266173832	266177532	4.0
266174996	266177532	4.0
266174997	266177532	4.0
266174998	266177532	4.0
266174999	266177532	3.0
266175000	266177532	4.0
266175001	266177532	3.0
266175002	266177532	4.0
266177531	266177532	1.0
266177534	266177532	2.0
320892544	266177532	3.0
350880635	266177532	3.0
285303435	266177532	3.0
451753649	266177532	3.0
528874589	266177532	0.0
320895102	266177532	4.0
564141944	266177532	4.0
564144535	266177532	4.0
329780081	266177532	4.0
285024977	266177532	3.0
285026847	266177532	3.0
285024983	266177532	4.0
266173778	266177532	4.0
285037762	266177532	4.0
285036950	266177532	2.0
266178521	266177532	3.0
291384444	266177532	3.0
548450411	266177532	4.0
266177536	266177536	0
285306866	266177536	3.0
266179127	266177536	1.0
266179128	266177536	2.0
285299220	266177536	4.0
285299221	266177536	4.0
285299222	266177536	4.0
564141931	266177536	4.0
248632185	266177536	4.0
248632187	266177536	4.0
605958243	266177536	4.0
605958244	266177536	4.0
605958245	266177536	4.0
605958246	266177536	4.0
605958247	266177536	4.0
605958248	266177536	4.0
285035182	266177536	2.0
266178918	266177536	2.0
285027825	266177536	4.0
285022622	266177536	4.0
285022621	266177536	4.0
285024897	266177536	4.0
285027826	266177536	4.0
564141934	266177536	4.0
59392903	266177536	3.0
568376950	266177536	3.0
430669285	266177536	0.0
266173832	266177536	4.0
266174996	266177536	4.0
266174997	266177536	4.0
266174998	266177536	4.0
266174999	266177536	4.0
266175000	266177536	4.0
266175001	266177536	4.0
266175002	266177536	4.0
266177531	266177536	2.0
266177534	266177536	3.0
320892544	266177536	4.0
350880635	266177536	3.0
285303435	266177536	4.0
451753649	266177536	4.0
528874589	266177536	0.0
320895102	266177536	4.0
564141944	266177536	4.0
564144535	266177536	4.0
329780081	266177536	4.0
285024977	266177536	3.0
285026847	266177536	4.0
285024983	266177536	4.0
266173778	266177536	4.0
285037762	266177536	4.0
285036950	266177536	3.0
266178521	266177536	3.0
291384444	266177536	3.0
548450411	266177536	4.0
285306866	285306866	0
266179127	285306866	4.0
266179128	285306866	3.0
285299220	285306866	4.0
285299221	285306866	4.0
285299222	285306866	3.0
564141931	285306866	3.0
248632185	285306866	4.0
248632187	285306866	4.0
605958243	285306866	5.0
605958244	285306866	5.0
605958245	285306866	5.0
605958246	285306866	5.0
605958247	285306866	5.0
605958248	285306866	5.0
285035182	285306866	3.0
266178918	285306866	4.0
285027825	285306866	4.0
285022622	285306866	3.0
285022621	285306866	4.0
285024897	285306866	4.0
285027826	285306866	4.0
564141934	285306866	4.0
59392903	285306866	3.0
568376950	285306866	4.0
430669285	285306866	4.0
266173832	285306866	3.0
266174996	285306866	3.0
266174997	285306866	3.0
266174998	285306866	3.0
266174999	285306866	3.0
266175000	285306866	3.0
266175001	285306866	3.0
266175002	285306866	3.0
266177531	285306866	3.0
266177534	285306866	2.0
320892544	285306866	2.0
350880635	285306866	3.0
285303435	285306866	3.0
451753649	285306866	4.0
528874589	285306866	3.0
320895102	285306866	4.0
564141944	285306866	4.0
564144535	285306866	3.0
329780081	285306866	5.0
285024977	285306866	4.0
285026847	285306866	4.0
285024983	285306866	3.0
266173778	285306866	3.0
285037762	285306866	4.0
285036950	285306866	3.0
266178521	285306866	4.0
291384444	285306866	3.0
548450411	285306866	3.0
266179127	266179127	0
266179128	266179127	0.0
285299220	266179127	4.0
285299221	266179127	4.0
285299222	266179127	4.0
564141931	266179127	4.0
248632185	266179127	4.0
248632187	266179127	4.0
605958243	266179127	4.0
605958244	266179127	4.0
605958245	266179127	4.0
605958246	266179127	4.0
605958247	266179127	4.0
605958248	266179127	4.0
285035182	266179127	3.0
266178918	266179127	1.0
285027825	266179127	4.0
285022622	266179127	4.0
285022621	266179127	4.0
285024897	266179127	3.0
285027826	266179127	4.0
564141934	266179127	4.0
59392903	266179127	3.0
568376950	266179127	4.0
430669285	266179127	2.0
266173832	266179127	4.0
266174996	266179127	4.0
266174997	266179127	4.0
266174998	266179127	4.0
266174999	266179127	4.0
266175000	266179127	4.0
266175001	266179127	4.0
266175002	266179127	3.0
266177531	266179127	2.0
266177534	266179127	3.0
320892544	266179127	4.0
350880635	266179127	3.0
285303435	266179127	3.0
451753649	266179127	3.0
528874589	266179127	1.0
320895102	266179127	4.0
564141944	266179127	4.0
564144535	266179127	4.0
329780081	266179127	4.0
285024977	266179127	3.0
285026847	266179127	3.0
285024983	266179127	3.0
266173778	266179127	4.0
285037762	266179127	4.0
285036950	266179127	3.0
266178521	266179127	2.0
291384444	266179127	3.0
548450411	266179127	4.0
266179128	266179128	0
285299220	266179128	4.0
285299221	266179128	4.0
285299222	266179128	4.0
564141931	266179128	4.0
248632185	266179128	4.0
248632187	266179128	4.0
605958243	266179128	4.0
605958244	266179128	4.0
605958245	266179128	4.0
605958246	266179128	4.0
605958247	266179128	4.0
605958248	266179128	4.0
285035182	266179128	3.0
266178918	266179128	1.0
285027825	266179128	3.0
285022622	266179128	4.0
285022621	266179128	4.0
285024897	266179128	3.0
285027826	266179128	4.0
564141934	266179128	4.0
59392903	266179128	3.0
568376950	266179128	4.0
430669285	266179128	2.0
266173832	266179128	4.0
266174996	266179128	4.0
266174997	266179128	4.0
266174998	266179128	4.0
266174999	266179128	4.0
266175000	266179128	4.0
266175001	266179128	4.0
266175002	266179128	3.0
266177531	266179128	2.0
266177534	266179128	3.0
320892544	266179128	4.0
350880635	266179128	3.0
285303435	266179128	3.0
451753649	266179128	3.0
528874589	266179128	1.0
320895102	266179128	4.0
564141944	266179128	4.0
564144535	266179128	4.0
329780081	266179128	4.0
285024977	266179128	3.0
285026847	266179128	3.0
285024983	266179128	3.0
266173778	266179128	4.0
285037762	266179128	4.0
285036950	266179128	3.0
266178521	266179128	2.0
291384444	266179128	3.0
548450411	266179128	4.0
285299220	285299220	0
285299221	285299220	0.0
285299222	285299220	3.0
564141931	285299220	2.0
248632185	285299220	4.0
248632187	285299220	4.0
605958243	285299220	4.0
605958244	285299220	4.0
605958245	285299220	5.0
605958246	285299220	5.0
605958247	285299220	5.0
605958248	285299220	5.0
285035182	285299220	4.0
266178918	285299220	4.0
285027825	285299220	4.0
285022622	285299220	3.0
285022621	285299220	3.0
285024897	285299220	3.0
285027826	285299220	4.0
564141934	285299220	3.0
59392903	285299220	4.0
568376950	285299220	4.0
430669285	285299220	4.0
266173832	285299220	3.0
266174996	285299220	3.0
266174997	285299220	3.0
266174998	285299220	3.0
266174999	285299220	3.0
266175000	285299220	3.0
266175001	285299220	3.0
266175002	285299220	3.0
266177531	285299220	4.0
266177534	285299220	4.0
320892544	285299220	3.0
350880635	285299220	4.0
285303435	285299220	3.0
451753649	285299220	4.0
528874589	285299220	4.0
320895102	285299220	2.0
564141944	285299220	2.0
564144535	285299220	3.0
329780081	285299220	4.0
285024977	285299220	4.0
285026847	285299220	4.0
285024983	285299220	3.0
266173778	285299220	3.0
285037762	285299220	5.0
285036950	285299220	4.0
266178521	285299220	4.0
291384444	285299220	4.0
548450411	285299220	3.0
285299221	285299221	0
285299222	285299221	3.0
564141931	285299221	2.0
248632185	285299221	4.0
248632187	285299221	3.0
605958243	285299221	4.0
605958244	285299221	4.0
605958245	285299221	5.0
605958246	285299221	4.0
605958247	285299221	4.0
605958248	285299221	5.0
285035182	285299221	4.0
266178918	285299221	4.0
285027825	285299221	4.0
285022622	285299221	3.0
285022621	285299221	3.0
285024897	285299221	3.0
285027826	285299221	4.0
564141934	285299221	3.0
59392903	285299221	4.0
568376950	285299221	4.0
430669285	285299221	4.0
266173832	285299221	3.0
266174996	285299221	3.0
266174997	285299221	3.0
266174998	285299221	3.0
266174999	285299221	3.0
266175000	285299221	2.0
266175001	285299221	3.0
266175002	285299221	3.0
266177531	285299221	4.0
266177534	285299221	4.0
320892544	285299221	3.0
350880635	285299221	4.0
285303435	285299221	3.0
451753649	285299221	4.0
528874589	285299221	4.0
320895102	285299221	2.0
564141944	285299221	2.0
564144535	285299221	2.0
329780081	285299221	4.0
285024977	285299221	3.0
285026847	285299221	4.0
285024983	285299221	3.0
266173778	285299221	3.0
285037762	285299221	5.0
285036950	285299221	4.0
266178521	285299221	4.0
291384444	285299221	4.0
548450411	285299221	3.0
285299222	285299222	0
564141931	285299222	2.0
248632185	285299222	3.0
248632187	285299222	3.0
605958243	285299222	4.0
605958244	285299222	4.0
605958245	285299222	4.0
605958246	285299222	4.0
605958247	285299222	4.0
605958248	285299222	4.0
285035182	285299222	3.0
266178918	285299222	3.0
285027825	285299222	4.0
285022622	285299222	2.0
285022621	285299222	3.0
285024897	285299222	3.0
285027826	285299222	3.0
564141934	285299222	3.0
59392903	285299222	4.0
568376950	285299222	4.0
430669285	285299222	4.0
266173832	285299222	0.0
266174996	285299222	2.0
266174997	285299222	2.0
266174998	285299222	2.0
266174999	285299222	1.0
266175000	285299222	1.0
266175001	285299222	2.0
266175002	285299222	2.0
266177531	285299222	4.0
266177534	285299222	3.0
320892544	285299222	3.0
350880635	285299222	3.0
285303435	285299222	3.0
451753649	285299222	3.0
528874589	285299222	4.0
320895102	285299222	4.0
564141944	285299222	3.0
564144535	285299222	2.0
329780081	285299222	4.0
285024977	285299222	3.0
285026847	285299222	3.0
285024983	285299222	2.0
266173778	285299222	2.0
285037762	285299222	4.0
285036950	285299222	4.0
266178521	285299222	4.0
291384444	285299222	3.0
548450411	285299222	1.0
564141931	564141931	0
248632185	564141931	3.0
248632187	564141931	3.0
605958243	564141931	4.0
605958244	564141931	5.0
605958245	564141931	4.0
605958246	564141931	4.0
605958247	564141931	4.0
605958248	564141931	4.0
285035182	564141931	3.0
266178918	564141931	3.0
285027825	564141931	4.0
285022622	564141931	1.0
285022621	564141931	3.0
285024897	564141931	3.0
285027826	564141931	4.0
564141934	564141931	3.0
59392903	564141931	4.0
568376950	564141931	4.0
430669285	564141931	4.0
266173832	564141931	2.0
266174996	564141931	2.0
266174997	564141931	2.0
266174998	564141931	2.0
266174999	564141931	1.0
266175000	564141931	1.0
266175001	564141931	2.0
266175002	564141931	2.0
266177531	564141931	4.0
266177534	564141931	3.0
320892544	564141931	3.0
350880635	564141931	3.0
285303435	564141931	3.0
451753649	564141931	4.0
528874589	564141931	4.0
320895102	564141931	3.0
564141944	564141931	2.0
564144535	564141931	0.0
329780081	564141931	4.0
285024977	564141931	3.0
285026847	564141931	3.0
285024983	564141931	2.0
266173778	564141931	2.0
285037762	564141931	4.0
285036950	564141931	4.0
266178521	564141931	4.0
291384444	564141931	3.0
548450411	564141931	2.0
248632185	248632185	0
248632187	248632185	1.0
605958243	248632185	3.0
605958244	248632185	3.0
605958245	248632185	3.0
605958246	248632185	3.0
605958247	248632185	3.0
605958248	248632185	3.0
285035182	248632185	4.0
266178918	248632185	3.0
285027825	248632185	3.0
285022622	248632185	3.0
285022621	248632185	3.0
285024897	248632185	2.0
285027826	248632185	1.0
564141934	248632185	3.0
59392903	248632185	4.0
568376950	248632185	4.0
430669285	248632185	4.0
266173832	248632185	3.0
266174996	248632185	3.0
266174997	248632185	3.0
266174998	248632185	4.0
266174999	248632185	3.0
266175000	248632185	3.0
266175001	248632185	3.0
266175002	248632185	3.0
266177531	248632185	4.0
266177534	248632185	4.0
320892544	248632185	4.0
350880635	248632185	4.0
285303435	248632185	3.0
451753649	248632185	2.0
528874589	248632185	4.0
320895102	248632185	4.0
564141944	248632185	3.0
564144535	248632185	4.0
329780081	248632185	3.0
285024977	248632185	2.0
285026847	248632185	1.0
285024983	248632185	3.0
266173778	248632185	3.0
285037762	248632185	5.0
285036950	248632185	4.0
266178521	248632185	3.0
291384444	248632185	2.0
548450411	248632185	3.0
248632187	248632187	0
605958243	248632187	3.0
605958244	248632187	3.0
605958245	248632187	3.0
605958246	248632187	3.0
605958247	248632187	3.0
605958248	248632187	3.0
285035182	248632187	4.0
266178918	248632187	3.0
285027825	248632187	3.0
285022622	248632187	3.0
285022621	248632187	3.0
285024897	248632187	3.0
285027826	248632187	1.0
564141934	248632187	3.0
59392903	248632187	4.0
568376950	248632187	4.0
430669285	248632187	4.0
266173832	248632187	3.0
266174996	248632187	4.0
266174997	248632187	4.0
266174998	248632187	4.0
266174999	248632187	3.0
266175000	248632187	4.0
266175001	248632187	4.0
266175002	248632187	3.0
266177531	248632187	4.0
266177534	248632187	4.0
320892544	248632187	4.0
350880635	248632187	4.0
285303435	248632187	3.0
451753649	248632187	3.0
528874589	248632187	4.0
320895102	248632187	4.0
564141944	248632187	4.0
564144535	248632187	4.0
329780081	248632187	3.0
285024977	248632187	2.0
285026847	248632187	1.0
285024983	248632187	3.0
266173778	248632187	3.0
285037762	248632187	5.0
285036950	248632187	4.0
266178521	248632187	3.0
291384444	248632187	3.0
548450411	248632187	4.0
605958243	605958243	0
605958244	605958243	0.0
605958245	605958243	0.0
605958246	605958243	0.0
605958247	605958243	0.0
605958248	605958243	1.0
285035182	605958243	4.0
266178918	605958243	4.0
285027825	605958243	2.0
285022622	605958243	4.0
285022621	605958243	4.0
285024897	605958243	3.0
285027826	605958243	2.0
564141934	605958243	4.0
59392903	605958243	4.0
568376950	605958243	5.0
430669285	605958243	4.0
266173832	605958243	4.0
266174996	605958243	4.0
266174997	605958243	4.0
266174998	605958243	4.0
266174999	605958243	4.0
266175000	605958243	4.0
266175001	605958243	4.0
266175002	605958243	4.0
266177531	605958243	4.0
266177534	605958243	4.0
320892544	605958243	4.0
350880635	605958243	4.0
285303435	605958243	3.0
451753649	605958243	2.0
528874589	605958243	4.0
320895102	605958243	4.0
564141944	605958243	4.0
564144535	605958243	4.0
329780081	605958243	2.0
285024977	605958243	3.0
285026847	605958243	3.0
285024983	605958243	4.0
266173778	605958243	4.0
285037762	605958243	5.0
285036950	605958243	4.0
266178521	605958243	3.0
291384444	605958243	3.0
548450411	605958243	4.0
605958244	605958244	0
605958245	605958244	0.0
605958246	605958244	0.0
605958247	605958244	0.0
605958248	605958244	1.0
285035182	605958244	4.0
266178918	605958244	4.0
285027825	605958244	2.0
285022622	605958244	4.0
285022621	605958244	4.0
285024897	605958244	3.0
285027826	605958244	2.0
564141934	605958244	4.0
59392903	605958244	4.0
568376950	605958244	5.0
430669285	605958244	4.0
266173832	605958244	4.0
266174996	605958244	4.0
266174997	605958244	4.0
266174998	605958244	4.0
266174999	605958244	4.0
266175000	605958244	4.0
266175001	605958244	4.0
266175002	605958244	4.0
266177531	605958244	4.0
266177534	605958244	4.0
320892544	605958244	4.0
350880635	605958244	4.0
285303435	605958244	4.0
451753649	605958244	3.0
528874589	605958244	4.0
320895102	605958244	4.0
564141944	605958244	5.0
564144535	605958244	5.0
329780081	605958244	2.0
285024977	605958244	3.0
285026847	605958244	3.0
285024983	605958244	4.0
266173778	605958244	4.0
285037762	605958244	5.0
285036950	605958244	4.0
266178521	605958244	4.0
291384444	605958244	3.0
548450411	605958244	4.0
605958245	605958245	0
605958246	605958245	0.0
605958247	605958245	0.0
605958248	605958245	0.0
285035182	605958245	4.0
266178918	605958245	4.0
285027825	605958245	2.0
285022622	605958245	4.0
285022621	605958245	4.0
285024897	605958245	3.0
285027826	605958245	2.0
564141934	605958245	4.0
59392903	605958245	4.0
568376950	605958245	5.0
430669285	605958245	4.0
266173832	605958245	4.0
266174996	605958245	4.0
266174997	605958245	4.0
266174998	605958245	4.0
266174999	605958245	4.0
266175000	605958245	4.0
266175001	605958245	4.0
266175002	605958245	4.0
266177531	605958245	4.0
266177534	605958245	4.0
320892544	605958245	4.0
350880635	605958245	4.0
285303435	605958245	3.0
451753649	605958245	2.0
528874589	605958245	4.0
320895102	605958245	4.0
564141944	605958245	4.0
564144535	605958245	4.0
329780081	605958245	2.0
285024977	605958245	3.0
285026847	605958245	3.0
285024983	605958245	4.0
266173778	605958245	4.0
285037762	605958245	5.0
285036950	605958245	4.0
266178521	605958245	3.0
291384444	605958245	3.0
548450411	605958245	4.0
605958246	605958246	0
605958247	605958246	0.0
605958248	605958246	1.0
285035182	605958246	4.0
266178918	605958246	4.0
285027825	605958246	2.0
285022622	605958246	4.0
285022621	605958246	4.0
285024897	605958246	3.0
285027826	605958246	2.0
564141934	605958246	4.0
59392903	605958246	4.0
568376950	605958246	5.0
430669285	605958246	4.0
266173832	605958246	4.0
266174996	605958246	4.0
266174997	605958246	4.0
266174998	605958246	4.0
266174999	605958246	4.0
266175000	605958246	4.0
266175001	605958246	4.0
266175002	605958246	4.0
266177531	605958246	4.0
266177534	605958246	4.0
320892544	605958246	4.0
350880635	605958246	4.0
285303435	605958246	3.0
451753649	605958246	2.0
528874589	605958246	4.0
320895102	605958246	4.0
564141944	605958246	4.0
564144535	605958246	4.0
329780081	605958246	2.0
285024977	605958246	3.0
285026847	605958246	3.0
285024983	605958246	4.0
266173778	605958246	4.0
285037762	605958246	5.0
285036950	605958246	4.0
266178521	605958246	3.0
291384444	605958246	3.0
548450411	605958246	4.0
605958247	605958247	0
605958248	605958247	1.0
285035182	605958247	4.0
266178918	605958247	4.0
285027825	605958247	2.0
285022622	605958247	4.0
285022621	605958247	4.0
285024897	605958247	3.0
285027826	605958247	2.0
564141934	605958247	4.0
59392903	605958247	4.0
568376950	605958247	5.0
430669285	605958247	4.0
266173832	605958247	4.0
266174996	605958247	4.0
266174997	605958247	4.0
266174998	605958247	4.0
266174999	605958247	4.0
266175000	605958247	4.0
266175001	605958247	4.0
266175002	605958247	4.0
266177531	605958247	4.0
266177534	605958247	4.0
320892544	605958247	4.0
350880635	605958247	4.0
285303435	605958247	3.0
451753649	605958247	2.0
528874589	605958247	4.0
320895102	605958247	4.0
564141944	605958247	4.0
564144535	605958247	4.0
329780081	605958247	2.0
285024977	605958247	3.0
285026847	605958247	3.0
285024983	605958247	4.0
266173778	605958247	4.0
285037762	605958247	5.0
285036950	605958247	4.0
266178521	605958247	3.0
291384444	605958247	3.0
548450411	605958247	4.0
605958248	605958248	0
285035182	605958248	4.0
266178918	605958248	4.0
285027825	605958248	2.0
285022622	605958248	4.0
285022621	605958248	4.0
285024897	605958248	4.0
285027826	605958248	3.0
564141934	605958248	4.0
59392903	605958248	4.0
568376950	605958248	5.0
430669285	605958248	4.0
266173832	605958248	4.0
266174996	605958248	4.0
266174997	605958248	4.0
266174998	605958248	4.0
266174999	605958248	4.0
266175000	605958248	4.0
266175001	605958248	4.0
266175002	605958248	4.0
266177531	605958248	4.0
266177534	605958248	4.0
320892544	605958248	4.0
350880635	605958248	4.0
285303435	605958248	4.0
451753649	605958248	3.0
528874589	605958248	4.0
320895102	605958248	4.0
564141944	605958248	4.0
564144535	605958248	4.0
329780081	605958248	2.0
285024977	605958248	3.0
285026847	605958248	3.0
285024983	605958248	4.0
266173778	605958248	4.0
285037762	605958248	5.0
285036950	605958248	4.0
266178521	605958248	4.0
291384444	605958248	3.0
548450411	605958248	4.0
285035182	285035182	0
266178918	285035182	3.0
285027825	285035182	4.0
285022622	285035182	4.0
285022621	285035182	4.0
285024897	285035182	4.0
285027826	285035182	4.0
564141934	285035182	4.0
59392903	285035182	3.0
568376950	285035182	3.0
430669285	285035182	3.0
266173832	285035182	4.0
266174996	285035182	3.0
266174997	285035182	3.0
266174998	285035182	3.0
266174999	285035182	3.0
266175000	285035182	3.0
266175001	285035182	3.0
266175002	285035182	3.0
266177531	285035182	2.0
266177534	285035182	2.0
320892544	285035182	3.0
350880635	285035182	2.0
285303435	285035182	4.0
451753649	285035182	4.0
528874589	285035182	2.0
320895102	285035182	4.0
564141944	285035182	4.0
564144535	285035182	4.0
329780081	285035182	4.0
285024977	285035182	4.0
285026847	285035182	4.0
285024983	285035182	4.0
266173778	285035182	4.0
285037762	285035182	4.0
285036950	285035182	2.0
266178521	285035182	3.0
291384444	285035182	4.0
548450411	285035182	3.0
266178918	266178918	0
285027825	266178918	3.0
285022622	266178918	4.0
285022621	266178918	4.0
285024897	266178918	3.0
285027826	266178918	3.0
564141934	266178918	4.0
59392903	266178918	3.0
568376950	266178918	4.0
430669285	266178918	2.0
266173832	266178918	4.0
266174996	266178918	3.0
266174997	266178918	3.0
266174998	266178918	3.0
266174999	266178918	3.0
266175000	266178918	3.0
266175001	266178918	3.0
266175002	266178918	3.0
266177531	266178918	2.0
266177534	266178918	2.0
320892544	266178918	3.0
350880635	266178918	2.0
285303435	266178918	3.0
451753649	266178918	3.0
528874589	266178918	2.0
320895102	266178918	4.0
564141944	266178918	4.0
564144535	266178918	4.0
329780081	266178918	4.0
285024977	266178918	3.0
285026847	266178918	3.0
285024983	266178918	3.0
266173778	266178918	3.0
285037762	266178918	4.0
285036950	266178918	3.0
266178521	266178918	2.0
291384444	266178918	3.0
548450411	266178918	3.0
285027825	285027825	0
285022622	285027825	4.0
285022621	285027825	3.0
285024897	285027825	3.0
285027826	285027825	2.0
564141934	285027825	4.0
59392903	285027825	4.0
568376950	285027825	4.0
430669285	285027825	4.0
266173832	285027825	4.0
266174996	285027825	4.0
266174997	285027825	4.0
266174998	285027825	4.0
266174999	285027825	4.0
266175000	285027825	4.0
266175001	285027825	4.0
266175002	285027825	3.0
266177531	285027825	4.0
266177534	285027825	4.0
320892544	285027825	4.0
350880635	285027825	4.0
285303435	285027825	3.0
451753649	285027825	2.0
528874589	285027825	4.0
320895102	285027825	4.0
564141944	285027825	4.0
564144535	285027825	4.0
329780081	285027825	3.0
285024977	285027825	3.0
285026847	285027825	2.0
285024983	285027825	3.0
266173778	285027825	3.0
285037762	285027825	5.0
285036950	285027825	4.0
266178521	285027825	3.0
291384444	285027825	2.0
548450411	285027825	4.0
285022622	285022622	0
285022621	285022622	3.0
285024897	285022622	3.0
285027826	285022622	4.0
564141934	285022622	4.0
59392903	285022622	4.0
568376950	285022622	4.0
430669285	285022622	4.0
266173832	285022622	2.0
266174996	285022622	2.0
266174997	285022622	3.0
266174998	285022622	3.0
266174999	285022622	2.0
266175000	285022622	2.0
266175001	285022622	3.0
266175002	285022622	2.0
266177531	285022622	4.0
266177534	285022622	3.0
320892544	285022622	3.0
350880635	285022622	4.0
285303435	285022622	2.0
451753649	285022622	4.0
528874589	285022622	4.0
320895102	285022622	3.0
564141944	285022622	2.0
564144535	285022622	2.0
329780081	285022622	4.0
285024977	285022622	3.0
285026847	285022622	3.0
285024983	285022622	2.0
266173778	285022622	1.0
285037762	285022622	5.0
285036950	285022622	4.0
266178521	285022622	4.0
291384444	285022622	3.0
548450411	285022622	2.0
285022621	285022621	0
285024897	285022621	3.0
285027826	285022621	3.0
564141934	285022621	2.0
59392903	285022621	4.0
568376950	285022621	5.0
430669285	285022621	4.0
266173832	285022621	3.0
266174996	285022621	3.0
266174997	285022621	4.0
266174998	285022621	4.0
266174999	285022621	3.0
266175000	285022621	3.0
266175001	285022621	4.0
266175002	285022621	3.0
266177531	285022621	4.0
266177534	285022621	4.0
320892544	285022621	4.0
350880635	285022621	4.0
285303435	285022621	3.0
451753649	285022621	3.0
528874589	285022621	4.0
320895102	285022621	3.0
564141944	285022621	3.0
564144535	285022621	3.0
329780081	285022621	3.0
285024977	285022621	3.0
285026847	285022621	3.0
285024983	285022621	3.0
266173778	285022621	3.0
285037762	285022621	5.0
285036950	285022621	4.0
266178521	285022621	4.0
291384444	285022621	3.0
548450411	285022621	3.0
285024897	285024897	0
285027826	285024897	3.0
564141934	285024897	4.0
59392903	285024897	4.0
568376950	285024897	4.0
430669285	285024897	4.0
266173832	285024897	3.0
266174996	285024897	3.0
266174997	285024897	3.0
266174998	285024897	3.0
266174999	285024897	2.0
266175000	285024897	3.0
266175001	285024897	3.0
266175002	285024897	2.0
266177531	285024897	4.0
266177534	285024897	3.0
320892544	285024897	4.0
350880635	285024897	3.0
285303435	285024897	1.0
451753649	285024897	3.0
528874589	285024897	3.0
320895102	285024897	4.0
564141944	285024897	3.0
564144535	285024897	3.0
329780081	285024897	3.0
285024977	285024897	1.0
285026847	285024897	2.0
285024983	285024897	2.0
266173778	285024897	2.0
285037762	285024897	5.0
285036950	285024897	4.0
266178521	285024897	3.0
291384444	285024897	2.0
548450411	285024897	3.0
285027826	285027826	0
564141934	285027826	4.0
59392903	285027826	4.0
568376950	285027826	4.0
430669285	285027826	4.0
266173832	285027826	3.0
266174996	285027826	4.0
266174997	285027826	4.0
266174998	285027826	4.0
266174999	285027826	3.0
266175000	285027826	3.0
266175001	285027826	3.0
266175002	285027826	3.0
266177531	285027826	4.0
266177534	285027826	4.0
320892544	285027826	4.0
350880635	285027826	4.0
285303435	285027826	3.0
451753649	285027826	2.0
528874589	285027826	4.0
320895102	285027826	4.0
564141944	285027826	4.0
564144535	285027826	4.0
329780081	285027826	2.0
285024977	285027826	2.0
285026847	285027826	1.0
285024983	285027826	3.0
266173778	285027826	3.0
285037762	285027826	5.0
285036950	285027826	4.0
266178521	285027826	3.0
291384444	285027826	2.0
548450411	285027826	4.0
564141934	564141934	0
59392903	564141934	5.0
568376950	564141934	5.0
430669285	564141934	5.0
266173832	564141934	4.0
266174996	564141934	3.0
266174997	564141934	4.0
266174998	564141934	4.0
266174999	564141934	3.0
266175000	564141934	3.0
266175001	564141934	4.0
266175002	564141934	4.0
266177531	564141934	4.0
266177534	564141934	4.0
320892544	564141934	4.0
350880635	564141934	4.0
285303435	564141934	4.0
451753649	564141934	4.0
528874589	564141934	4.0
320895102	564141934	3.0
564141944	564141934	3.0
564144535	564141934	4.0
329780081	564141934	4.0
285024977	564141934	3.0
285026847	564141934	3.0
285024983	564141934	4.0
266173778	564141934	3.0
285037762	564141934	5.0
285036950	564141934	4.0
266178521	564141934	4.0
291384444	564141934	4.0
548450411	564141934	3.0
59392903	59392903	0
568376950	59392903	2.0
430669285	59392903	3.0
266173832	59392903	4.0
266174996	59392903	4.0
266174997	59392903	4.0
266174998	59392903	4.0
266174999	59392903	4.0
266175000	59392903	4.0
266175001	59392903	4.0
266175002	59392903	4.0
266177531	59392903	3.0
266177534	59392903	3.0
320892544	59392903	4.0
350880635	59392903	3.0
285303435	59392903	4.0
451753649	59392903	4.0
528874589	59392903	3.0
320895102	59392903	4.0
564141944	59392903	4.0
564144535	59392903	4.0
329780081	59392903	5.0
285024977	59392903	4.0
285026847	59392903	4.0
285024983	59392903	4.0
266173778	59392903	4.0
285037762	59392903	3.0
285036950	59392903	2.0
266178521	59392903	4.0
291384444	59392903	4.0
548450411	59392903	4.0
568376950	568376950	0
430669285	568376950	4.0
266173832	568376950	4.0
266174996	568376950	4.0
266174997	568376950	4.0
266174998	568376950	4.0
266174999	568376950	4.0
266175000	568376950	4.0
266175001	568376950	4.0
266175002	568376950	4.0
266177531	568376950	3.0
266177534	568376950	3.0
320892544	568376950	4.0
350880635	568376950	3.0
285303435	568376950	4.0
451753649	568376950	4.0
528874589	568376950	3.0
320895102	568376950	5.0
564141944	568376950	4.0
564144535	568376950	4.0
329780081	568376950	5.0
285024977	568376950	4.0
285026847	568376950	4.0
285024983	568376950	4.0
266173778	568376950	4.0
285037762	568376950	3.0
285036950	568376950	2.0
266178521	568376950	4.0
291384444	568376950	4.0
548450411	568376950	4.0
430669285	430669285	0
266173832	430669285	4.0
266174996	430669285	4.0
266174997	430669285	4.0
266174998	430669285	4.0
266174999	430669285	4.0
266175000	430669285	4.0
266175001	430669285	4.0
266175002	430669285	4.0
266177531	430669285	2.0
266177534	430669285	3.0
320892544	430669285	4.0
350880635	430669285	3.0
285303435	430669285	4.0
451753649	430669285	4.0
528874589	430669285	1.0
320895102	430669285	4.0
564141944	430669285	4.0
564144535	430669285	4.0
329780081	430669285	4.0
285024977	430669285	4.0
285026847	430669285	4.0
285024983	430669285	4.0
266173778	430669285	4.0
285037762	430669285	4.0
285036950	430669285	3.0
266178521	430669285	3.0
291384444	430669285	4.0
548450411	430669285	4.0
266173832	266173832	0
266174996	266173832	2.0
266174997	266173832	2.0
266174998	266173832	3.0
266174999	266173832	2.0
266175000	266173832	2.0
266175001	266173832	2.0
266175002	266173832	2.0
266177531	266173832	4.0
266177534	266173832	3.0
320892544	266173832	3.0
350880635	266173832	3.0
285303435	266173832	3.0
451753649	266173832	3.0
528874589	266173832	4.0
320895102	266173832	4.0
564141944	266173832	3.0
564144535	266173832	2.0
329780081	266173832	4.0
285024977	266173832	3.0
285026847	266173832	3.0
285024983	266173832	2.0
266173778	266173832	2.0
285037762	266173832	5.0
285036950	266173832	4.0
266178521	266173832	4.0
291384444	266173832	3.0
548450411	266173832	2.0
266174996	266174996	0
266174997	266174996	1.0
266174998	266174996	2.0
266174999	266174996	1.0
266175000	266174996	0.0
266175001	266174996	2.0
266175002	266174996	2.0
266177531	266174996	4.0
266177534	266174996	3.0
320892544	266174996	3.0
350880635	266174996	3.0
285303435	266174996	3.0
451753649	266174996	3.0
528874589	266174996	4.0
320895102	266174996	3.0
564141944	266174996	2.0
564144535	266174996	1.0
329780081	266174996	5.0
285024977	266174996	3.0
285026847	266174996	3.0
285024983	266174996	2.0
266173778	266174996	3.0
285037762	266174996	4.0
285036950	266174996	4.0
266178521	266174996	4.0
291384444	266174996	3.0
548450411	266174996	0.0
266174997	266174997	0
266174998	266174997	2.0
266174999	266174997	1.0
266175000	266174997	1.0
266175001	266174997	2.0
266175002	266174997	2.0
266177531	266174997	4.0
266177534	266174997	3.0
320892544	266174997	3.0
350880635	266174997	3.0
285303435	266174997	3.0
451753649	266174997	4.0
528874589	266174997	4.0
320895102	266174997	3.0
564141944	266174997	3.0
564144535	266174997	1.0
329780081	266174997	5.0
285024977	266174997	3.0
285026847	266174997	3.0
285024983	266174997	3.0
266173778	266174997	3.0
285037762	266174997	4.0
285036950	266174997	4.0
266178521	266174997	4.0
291384444	266174997	4.0
548450411	266174997	0.0
266174998	266174998	0
266174999	266174998	2.0
266175000	266174998	2.0
266175001	266174998	2.0
266175002	266174998	2.0
266177531	266174998	3.0
266177534	266174998	3.0
320892544	266174998	3.0
350880635	266174998	3.0
285303435	266174998	3.0
451753649	266174998	4.0
528874589	266174998	4.0
320895102	266174998	4.0
564141944	266174998	3.0
564144535	266174998	3.0
329780081	266174998	5.0
285024977	266174998	3.0
285026847	266174998	4.0
285024983	266174998	3.0
266173778	266174998	3.0
285037762	266174998	4.0
285036950	266174998	4.0
266178521	266174998	4.0
291384444	266174998	4.0
548450411	266174998	2.0
266174999	266174999	0
266175000	266174999	1.0
266175001	266174999	1.0
266175002	266174999	1.0
266177531	266174999	3.0
266177534	266174999	3.0
320892544	266174999	3.0
350880635	266174999	3.0
285303435	266174999	2.0
451753649	266174999	3.0
528874589	266174999	4.0
320895102	266174999	3.0
564141944	266174999	2.0
564144535	266174999	2.0
329780081	266174999	4.0
285024977	266174999	3.0
285026847	266174999	3.0
285024983	266174999	2.0
266173778	266174999	2.0
285037762	266174999	4.0
285036950	266174999	3.0
266178521	266174999	4.0
291384444	266174999	3.0
548450411	266174999	1.0
266175000	266175000	0
266175001	266175000	2.0
266175002	266175000	2.0
266177531	266175000	3.0
266177534	266175000	3.0
320892544	266175000	3.0
350880635	266175000	3.0
285303435	266175000	2.0
451753649	266175000	3.0
528874589	266175000	4.0
320895102	266175000	3.0
564141944	266175000	2.0
564144535	266175000	0.0
329780081	266175000	4.0
285024977	266175000	3.0
285026847	266175000	3.0
285024983	266175000	2.0
266173778	266175000	2.0
285037762	266175000	4.0
285036950	266175000	4.0
266178521	266175000	4.0
291384444	266175000	3.0
548450411	266175000	0.0
266175001	266175001	0
266175002	266175001	1.0
266177531	266175001	3.0
266177534	266175001	3.0
320892544	266175001	2.0
350880635	266175001	3.0
285303435	266175001	2.0
451753649	266175001	4.0
528874589	266175001	3.0
320895102	266175001	3.0
564141944	266175001	3.0
564144535	266175001	2.0
329780081	266175001	5.0
285024977	266175001	3.0
285026847	266175001	3.0
285024983	266175001	2.0
266173778	266175001	2.0
285037762	266175001	4.0
285036950	266175001	3.0
266178521	266175001	3.0
291384444	266175001	3.0
548450411	266175001	2.0
266175002	266175002	0
266177531	266175002	3.0
266177534	266175002	3.0
320892544	266175002	3.0
350880635	266175002	3.0
285303435	266175002	2.0
451753649	266175002	3.0
528874589	266175002	4.0
320895102	266175002	3.0
564141944	266175002	3.0
564144535	266175002	2.0
329780081	266175002	4.0
285024977	266175002	2.0
285026847	266175002	3.0
285024983	266175002	1.0
266173778	266175002	2.0
285037762	266175002	4.0
285036950	266175002	4.0
266178521	266175002	3.0
291384444	266175002	3.0
548450411	266175002	2.0
266177531	266177531	0
266177534	266177531	2.0
320892544	266177531	3.0
350880635	266177531	2.0
285303435	266177531	4.0
451753649	266177531	3.0
528874589	266177531	1.0
320895102	266177531	4.0
564141944	266177531	4.0
564144535	266177531	4.0
329780081	266177531	4.0
285024977	266177531	3.0
285026847	266177531	4.0
285024983	266177531	4.0
266173778	266177531	4.0
285037762	266177531	4.0
285036950	266177531	2.0
266178521	266177531	3.0
291384444	266177531	3.0
548450411	266177531	4.0
266177534	266177534	0
320892544	266177534	3.0
350880635	266177534	0.0
285303435	266177534	3.0
451753649	266177534	3.0
528874589	266177534	3.0
320895102	266177534	4.0
564141944	266177534	4.0
564144535	266177534	3.0
329780081	266177534	4.0
285024977	266177534	3.0
285026847	266177534	3.0
285024983	266177534	3.0
266173778	266177534	4.0
285037762	266177534	4.0
285036950	266177534	2.0
266178521	266177534	3.0
291384444	266177534	3.0
548450411	266177534	3.0
320892544	320892544	0
350880635	320892544	3.0
285303435	320892544	3.0
451753649	320892544	4.0
528874589	320892544	3.0
320895102	320892544	4.0
564141944	320892544	3.0
564144535	320892544	3.0
329780081	320892544	5.0
285024977	320892544	4.0
285026847	320892544	4.0
285024983	320892544	3.0
266173778	320892544	3.0
285037762	320892544	4.0
285036950	320892544	3.0
266178521	320892544	3.0
291384444	320892544	3.0
548450411	320892544	3.0
350880635	350880635	0
285303435	350880635	3.0
451753649	350880635	3.0
528874589	350880635	3.0
320895102	350880635	4.0
564141944	350880635	4.0
564144535	350880635	3.0
329780081	350880635	4.0
285024977	350880635	3.0
285026847	350880635	4.0
285024983	350880635	4.0
266173778	350880635	4.0
285037762	350880635	4.0
285036950	350880635	2.0
266178521	350880635	3.0
291384444	350880635	3.0
548450411	350880635	3.0
285303435	285303435	0
451753649	285303435	3.0
528874589	285303435	3.0
320895102	285303435	4.0
564141944	285303435	3.0
564144535	285303435	3.0
329780081	285303435	4.0
285024977	285303435	1.0
285026847	285303435	2.0
285024983	285303435	1.0
266173778	285303435	1.0
285037762	285303435	5.0
285036950	285303435	4.0
266178521	285303435	3.0
291384444	285303435	2.0
548450411	285303435	3.0
451753649	451753649	0
528874589	451753649	3.0
320895102	451753649	4.0
564141944	451753649	4.0
564144535	451753649	4.0
329780081	451753649	3.0
285024977	451753649	2.0
285026847	451753649	1.0
285024983	451753649	3.0
266173778	451753649	3.0
285037762	451753649	5.0
285036950	451753649	4.0
266178521	451753649	3.0
291384444	451753649	2.0
548450411	451753649	3.0
528874589	528874589	0
320895102	528874589	4.0
564141944	528874589	4.0
564144535	528874589	4.0
329780081	528874589	4.0
285024977	528874589	3.0
285026847	528874589	3.0
285024983	528874589	4.0
266173778	528874589	4.0
285037762	528874589	4.0
285036950	528874589	2.0
266178521	528874589	3.0
291384444	528874589	3.0
548450411	528874589	4.0
320895102	320895102	0
564141944	320895102	3.0
564144535	320895102	3.0
329780081	320895102	4.0
285024977	320895102	4.0
285026847	320895102	4.0
285024983	320895102	4.0
266173778	320895102	3.0
285037762	320895102	5.0
285036950	320895102	4.0
266178521	320895102	4.0
291384444	320895102	4.0
548450411	320895102	3.0
564141944	564141944	0
564144535	564141944	2.0
329780081	564141944	5.0
285024977	564141944	3.0
285026847	564141944	3.0
285024983	564141944	3.0
266173778	564141944	3.0
285037762	564141944	5.0
285036950	564141944	4.0
266178521	564141944	4.0
291384444	564141944	4.0
548450411	564141944	2.0
564144535	564144535	0
329780081	564144535	5.0
285024977	564144535	3.0
285026847	564144535	3.0
285024983	564144535	3.0
266173778	564144535	3.0
285037762	564144535	4.0
285036950	564144535	4.0
266178521	564144535	4.0
291384444	564144535	3.0
548450411	564144535	1.0
329780081	329780081	0
285024977	329780081	3.0
285026847	329780081	3.0
285024983	329780081	4.0
266173778	329780081	4.0
285037762	329780081	5.0
285036950	329780081	5.0
266178521	329780081	4.0
291384444	329780081	3.0
548450411	329780081	5.0
285024977	285024977	0
285026847	285024977	1.0
285024983	285024977	2.0
266173778	285024977	2.0
285037762	285024977	4.0
285036950	285024977	4.0
266178521	285024977	3.0
291384444	285024977	2.0
548450411	285024977	3.0
285026847	285026847	0
285024983	285026847	2.0
266173778	285026847	3.0
285037762	285026847	5.0
285036950	285026847	4.0
266178521	285026847	3.0
291384444	285026847	0.0
548450411	285026847	3.0
285024983	285024983	0
266173778	285024983	1.0
285037762	285024983	5.0
285036950	285024983	4.0
266178521	285024983	3.0
291384444	285024983	3.0
548450411	285024983	2.0
266173778	266173778	0
285037762	266173778	5.0
285036950	266173778	4.0
266178521	266173778	3.0
291384444	266173778	3.0
548450411	266173778	2.0
285037762	285037762	0
285036950	285037762	3.0
266178521	285037762	4.0
291384444	285037762	4.0
548450411	285037762	4.0
285036950	285036950	0
266178521	285036950	3.0
291384444	285036950	4.0
548450411	285036950	4.0
266178521	266178521	0
291384444	266178521	3.0
548450411	266178521	4.0
291384444	291384444	0
548450411	291384444	3.0
548450411	548450411	0
