282951811	[39,-2.0,-37.0]	40.65993814	-73.7398989	0.12684065156192784	0.09916513608995343	0.4399965839314763	0.00032706744911910037	0.7333333333333334	0.5170212577580635
282951812	[37,0.0,-37.0]	40.65962565555555	-73.74020434444444	0.12684065156192784	0.09916513608995343	0.4399965839314763	0.00032706744911910037	0.7333333333333334	0.5170212577580635
282953809	[73,-22.0,-51.0]	40.66483995	-73.73615848333333	0.12684065156192784	0.09916513608995343	0.4399965839314763	0.00032706744911910037	0.7333333333333334	0.5170212577580635
282957113	[81,-15.0,-66.0]	40.66722681428572	-73.73741305714285	0.12684065156192784	0.09916513608995343	0.4399965839314763	0.00032706744911910037	0.7333333333333334	0.5170212577580635
387226345	[2,44.0,-46.0]	40.657094	-73.74789845	0.12684065156192784	0.09916513608995343	0.4399965839314763	0.00032706744911910037	0.7333333333333334	0.5170212577580635
405323040	[36,25.0,-61.0]	40.662055179999996	-73.74470888	0.12684065156192784	0.09916513608995343	0.4399965839314763	0.00032706744911910037	0.7333333333333334	0.5170212577580635
405323041	[35,25.0,-60.0]	40.661944840000004	-73.74462608	0.12684065156192784	0.09916513608995343	0.4399965839314763	0.00032706744911910037	0.7333333333333334	0.5170212577580635
405323042	[35,25.0,-60.0]	40.66183650000001	-73.74454726	0.12684065156192784	0.09916513608995343	0.4399965839314763	0.00032706744911910037	0.7333333333333334	0.5170212577580635
405324438	[35,24.0,-59.0]	40.661677399999995	-73.74443402	0.12684065156192784	0.09916513608995343	0.4399965839314763	0.00032706744911910037	0.7333333333333334	0.5170212577580635
405324439	[34,24.0,-58.0]	40.661568120000005	-73.74435454	0.12684065156192784	0.09916513608995343	0.4399965839314763	0.00032706744911910037	0.7333333333333334	0.5170212577580635
405324440	[34,23.0,-57.0]	40.6614618	-73.74427662000001	0.12684065156192784	0.09916513608995343	0.4399965839314763	0.00032706744911910037	0.7333333333333334	0.5170212577580635
405324441	[52,7.0,-59.0]	40.6634838	-73.7413766	0.12684065156192784	0.09916513608995343	0.4399965839314763	0.00032706744911910037	0.7333333333333334	0.5170212577580635
447695171	[8,42.0,-50.0]	40.6581123125	-73.7476204375	0.12684065156192784	0.09916513608995343	0.4399965839314763	0.00032706744911910037	0.7333333333333334	0.5170212577580635
455778927	[11,32.0,-43.0]	40.65771718	-73.7458058	0.12684065156192784	0.09916513608995343	0.4399965839314763	0.00032706744911910037	0.7333333333333334	0.5170212577580635
455778961	[48,8.0,-56.0]	40.66285756	-73.7416387	0.12684065156192784	0.09916513608995343	0.4399965839314763	0.00032706744911910037	0.7333333333333334	0.5170212577580635
455778966	[55,5.0,-60.0]	40.66384848	-73.74103360000001	0.12684065156192784	0.09916513608995343	0.4399965839314763	0.00032706744911910037	0.7333333333333334	0.5170212577580635
457096100	[93,-17.0,-76.0]	40.66942312	-73.73707058000001	0.12684065156192784	0.09916513608995343	0.4399965839314763	0.00032706744911910037	0.7333333333333334	0.5170212577580635
458611353	[102,-23.0,-79.0]	40.670634369999995	-73.73614472999999	0.12684065156192784	0.09916513608995343	0.4399965839314763	0.00032706744911910037	0.7333333333333334	0.5170212577580635
282948487	[16,-27.0,11.0]	40.652676033333336	-73.73537429333334	0.12684065156192784	0.09916513608995343	0.4399965839314763	0.00032706744911910037	0.7333333333333334	0.5170212577580635
247272042	[54,-32.0,-22.0]	40.659874978787876	-73.73449425757576	0.12684065156192784	0.09916513608995343	0.4399965839314763	0.00032706744911910037	0.7333333333333334	0.5170212577580635
282969403	[123,-22.0,-101.0]	40.675065224137924	-73.73621421724138	0.12684065156192784	0.09916513608995343	0.4399965839314763	0.00032706744911910037	0.7333333333333334	0.5170212577580635
512995226	[-85,27.0,58.0]	40.637401149999995	-73.74502459374999	0.12684065156192784	0.09916513608995343	0.4399965839314763	0.00032706744911910037	0.7333333333333334	0.5170212577580635
512997363	[-83,3.0,80.0]	40.63540681666667	-73.74065749166665	0.12684065156192784	0.09916513608995343	0.4399965839314763	0.00032706744911910037	0.7333333333333334	0.5170212577580635
445522477	[-28,9.0,19.0]	40.64736691904762	-73.74178688095238	0.12684065156192784	0.09916513608995343	0.4399965839314763	0.00032706744911910037	0.7333333333333334	0.5170212577580635
551737001	[6,42.0,-48.0]	40.657602583333336	-73.74757048333333	0.12684065156192784	0.09916513608995343	0.4399965839314763	0.00032706744911910037	0.7333333333333334	0.5170212577580635
483071942	[13,-21.0,8.0]	40.65263837142857	-73.73654471428573	0.12684065156192784	0.09916513608995343	0.4399965839314763	0.00032706744911910037	0.7333333333333334	0.5170212577580635
458751960	[74,-27.0,-47.0]	40.6645361875	-73.735271925	0.12684065156192784	0.09916513608995343	0.4399965839314763	0.00032706744911910037	0.7333333333333334	0.5170212577580635
508187754	[93,-60.0,-33.0]	40.66501063636363	-73.72953432727273	0.12684065156192784	0.09916513608995343	0.4399965839314763	0.00032706744911910037	0.7333333333333334	0.5170212577580635
451802958	[77,-16.0,-61.0]	40.66627113333333	-73.73741851666666	0.12684065156192784	0.09916513608995343	0.4399965839314763	0.00032706744911910037	0.7333333333333334	0.5170212577580635
451802959	[81,-24.0,-57.0]	40.66627534285714	-73.7359211857143	0.12684065156192784	0.09916513608995343	0.4399965839314763	0.00032706744911910037	0.7333333333333334	0.5170212577580635
453753466	[76,-8.0,-68.0]	40.666961525000005	-73.7386833	0.12684065156192784	0.09916513608995343	0.4399965839314763	0.00032706744911910037	0.7333333333333334	0.5170212577580635
496498015	[122,-38.0,-84.0]	40.67323983	-73.73343337000001	0.12684065156192784	0.09916513608995343	0.4399965839314763	0.00032706744911910037	0.7333333333333334	0.5170212577580635
508187752	[88,-38.0,-50.0]	40.66627818	-73.73333647999999	0.12684065156192784	0.09916513608995343	0.4399965839314763	0.00032706744911910037	0.7333333333333334	0.5170212577580635
508519899	[101,-64.0,-37.0]	40.6662374	-73.72875549999999	0.12684065156192784	0.09916513608995343	0.4399965839314763	0.00032706744911910037	0.7333333333333334	0.5170212577580635
510868418	[142,-66.0,-76.0]	40.674494474999996	-73.72841743749998	0.12684065156192784	0.09916513608995343	0.4399965839314763	0.00032706744911910037	0.7333333333333334	0.5170212577580635
405332395	[49,-92.0,43.0]	40.652721676	-73.72390578000001	0.12684065156192784	0.09916513608995343	0.4399965839314763	0.00032706744911910037	0.7333333333333334	0.5170212577580635
405332399	[51,-89.0,38.0]	40.65353821428571	-73.7244008	0.12684065156192784	0.09916513608995343	0.4399965839314763	0.00032706744911910037	0.7333333333333334	0.5170212577580635
88176556	[67,-86.0,19.0]	40.65701294666666	-73.72492896	0.12684065156192784	0.09916513608995343	0.4399965839314763	0.00032706744911910037	0.7333333333333334	0.5170212577580635
458751957	[76,-26.0,-50.0]	40.66500981428572	-73.73548678571429	0.12684065156192784	0.09916513608995343	0.4399965839314763	0.00032706744911910037	0.7333333333333334	0.5170212577580635
405332396	[49,-89.0,40.0]	40.65305562	-73.72436424000001	0.12684065156192784	0.09916513608995343	0.4399965839314763	0.00032706744911910037	0.7333333333333334	0.5170212577580635
405332397	[51,-89.0,38.0]	40.653472380000004	-73.72425731999999	0.12684065156192784	0.09916513608995343	0.4399965839314763	0.00032706744911910037	0.7333333333333334	0.5170212577580635
452902559	[48,-88.0,40.0]	40.65297674	-73.7244939	0.12684065156192784	0.09916513608995343	0.4399965839314763	0.00032706744911910037	0.7333333333333334	0.5170212577580635
282954116	[74,-29.0,-45.0]	40.66430535	-73.73496451666668	0.12684065156192784	0.09916513608995343	0.4399965839314763	0.00032706744911910037	0.7333333333333334	0.5170212577580635
282956785	[90,-22.0,-68.0]	40.668347457142865	-73.73631085714285	0.12684065156192784	0.09916513608995343	0.4399965839314763	0.00032706744911910037	0.7333333333333334	0.5170212577580635
247270166	[54,-76.0,22.0]	40.65538043333333	-73.72668503333334	0.12684065156192784	0.09916513608995343	0.4399965839314763	0.00032706744911910037	0.7333333333333334	0.5170212577580635
282951811	282951811	0
282951812	282951811	0.0
282953809	282951811	2.0
282957113	282951811	3.0
387226345	282951811	3.0
405323040	282951811	3.0
405323041	282951811	3.0
405323042	282951811	3.0
405324438	282951811	3.0
405324439	282951811	3.0
405324440	282951811	3.0
405324441	282951811	2.0
447695171	282951811	3.0
455778927	282951811	2.0
455778961	282951811	2.0
455778966	282951811	2.0
457096100	282951811	4.0
458611353	282951811	4.0
282948487	282951811	3.0
247272042	282951811	2.0
282969403	282951811	4.0
512995226	282951811	4.0
512997363	282951811	5.0
445522477	282951811	4.0
551737001	282951811	3.0
483071942	282951811	3.0
458751960	282951811	3.0
508187754	282951811	4.0
451802958	282951811	3.0
451802959	282951811	3.0
453753466	282951811	4.0
496498015	282951811	4.0
508187752	282951811	3.0
508519899	282951811	4.0
510868418	282951811	4.0
405332395	282951811	4.0
405332399	282951811	4.0
88176556	282951811	4.0
458751957	282951811	2.0
405332396	282951811	4.0
405332397	282951811	4.0
452902559	282951811	4.0
282954116	282951811	2.0
282956785	282951811	3.0
247270166	282951811	3.0
282951812	282951812	0
282953809	282951812	2.0
282957113	282951812	3.0
387226345	282951812	3.0
405323040	282951812	3.0
405323041	282951812	3.0
405323042	282951812	3.0
405324438	282951812	3.0
405324439	282951812	3.0
405324440	282951812	3.0
405324441	282951812	2.0
447695171	282951812	2.0
455778927	282951812	2.0
455778961	282951812	2.0
455778966	282951812	2.0
457096100	282951812	4.0
458611353	282951812	4.0
282948487	282951812	3.0
247272042	282951812	2.0
282969403	282951812	4.0
512995226	282951812	4.0
512997363	282951812	5.0
445522477	282951812	4.0
551737001	282951812	2.0
483071942	282951812	3.0
458751960	282951812	3.0
508187754	282951812	4.0
451802958	282951812	3.0
451802959	282951812	3.0
453753466	282951812	4.0
496498015	282951812	4.0
508187752	282951812	3.0
508519899	282951812	4.0
510868418	282951812	4.0
405332395	282951812	4.0
405332399	282951812	4.0
88176556	282951812	4.0
458751957	282951812	2.0
405332396	282951812	4.0
405332397	282951812	4.0
452902559	282951812	4.0
282954116	282951812	2.0
282956785	282951812	3.0
247270166	282951812	3.0
282953809	282953809	0
282957113	282953809	2.0
387226345	282953809	3.0
405323040	282953809	3.0
405323041	282953809	3.0
405323042	282953809	3.0
405324438	282953809	3.0
405324439	282953809	3.0
405324440	282953809	3.0
405324441	282953809	2.0
447695171	282953809	3.0
455778927	282953809	3.0
455778961	282953809	2.0
455778966	282953809	2.0
457096100	282953809	3.0
458611353	282953809	3.0
282948487	282953809	3.0
247272042	282953809	2.0
282969403	282953809	3.0
512995226	282953809	5.0
512997363	282953809	5.0
445522477	282953809	4.0
551737001	282953809	3.0
483071942	282953809	4.0
458751960	282953809	1.0
508187754	282953809	2.0
451802958	282953809	1.0
451802959	282953809	1.0
453753466	282953809	4.0
496498015	282953809	3.0
508187752	282953809	2.0
508519899	282953809	3.0
510868418	282953809	4.0
405332395	282953809	4.0
405332399	282953809	4.0
88176556	282953809	4.0
458751957	282953809	0.0
405332396	282953809	4.0
405332397	282953809	4.0
452902559	282953809	4.0
282954116	282953809	1.0
282956785	282953809	2.0
247270166	282953809	3.0
282957113	282957113	0
387226345	282957113	3.0
405323040	282957113	3.0
405323041	282957113	3.0
405323042	282957113	3.0
405324438	282957113	3.0
405324439	282957113	3.0
405324440	282957113	3.0
405324441	282957113	2.0
447695171	282957113	3.0
455778927	282957113	3.0
455778961	282957113	2.0
455778966	282957113	2.0
457096100	282957113	3.0
458611353	282957113	3.0
282948487	282957113	4.0
247272042	282957113	3.0
282969403	282957113	3.0
512995226	282957113	5.0
512997363	282957113	5.0
445522477	282957113	4.0
551737001	282957113	3.0
483071942	282957113	4.0
458751960	282957113	2.0
508187754	282957113	3.0
451802958	282957113	1.0
451802959	282957113	1.0
453753466	282957113	3.0
496498015	282957113	2.0
508187752	282957113	2.0
508519899	282957113	3.0
510868418	282957113	3.0
405332395	282957113	4.0
405332399	282957113	4.0
88176556	282957113	4.0
458751957	282957113	1.0
405332396	282957113	4.0
405332397	282957113	4.0
452902559	282957113	4.0
282954116	282957113	2.0
282956785	282957113	0.0
247270166	282957113	4.0
387226345	387226345	0
405323040	387226345	2.0
405323041	387226345	2.0
405323042	387226345	2.0
405324438	387226345	2.0
405324439	387226345	2.0
405324440	387226345	2.0
405324441	387226345	3.0
447695171	387226345	0.0
455778927	387226345	0.0
455778961	387226345	3.0
455778966	387226345	3.0
457096100	387226345	4.0
458611353	387226345	4.0
282948487	387226345	3.0
247272042	387226345	3.0
282969403	387226345	4.0
512995226	387226345	4.0
512997363	387226345	4.0
445522477	387226345	3.0
551737001	387226345	0.0
483071942	387226345	3.0
458751960	387226345	4.0
508187754	387226345	4.0
451802958	387226345	4.0
451802959	387226345	4.0
453753466	387226345	4.0
496498015	387226345	4.0
508187752	387226345	4.0
508519899	387226345	4.0
510868418	387226345	4.0
405332395	387226345	4.0
405332399	387226345	4.0
88176556	387226345	4.0
458751957	387226345	3.0
405332396	387226345	4.0
405332397	387226345	4.0
452902559	387226345	4.0
282954116	387226345	4.0
282956785	387226345	4.0
247270166	387226345	4.0
405323040	405323040	0
405323041	405323040	0.0
405323042	405323040	0.0
405324438	405323040	0.0
405324439	405323040	0.0
405324440	405323040	0.0
405324441	405323040	3.0
447695171	405323040	2.0
455778927	405323040	3.0
455778961	405323040	3.0
455778966	405323040	3.0
457096100	405323040	5.0
458611353	405323040	4.0
282948487	405323040	4.0
247272042	405323040	4.0
282969403	405323040	4.0
512995226	405323040	5.0
512997363	405323040	5.0
445522477	405323040	4.0
551737001	405323040	2.0
483071942	405323040	4.0
458751960	405323040	3.0
508187754	405323040	4.0
451802958	405323040	3.0
451802959	405323040	3.0
453753466	405323040	5.0
496498015	405323040	4.0
508187752	405323040	4.0
508519899	405323040	4.0
510868418	405323040	4.0
405332395	405323040	4.0
405332399	405323040	4.0
88176556	405323040	4.0
458751957	405323040	3.0
405332396	405323040	4.0
405332397	405323040	4.0
452902559	405323040	4.0
282954116	405323040	3.0
282956785	405323040	3.0
247270166	405323040	4.0
405323041	405323041	0
405323042	405323041	0.0
405324438	405323041	0.0
405324439	405323041	0.0
405324440	405323041	0.0
405324441	405323041	3.0
447695171	405323041	2.0
455778927	405323041	3.0
455778961	405323041	3.0
455778966	405323041	3.0
457096100	405323041	5.0
458611353	405323041	4.0
282948487	405323041	4.0
247272042	405323041	4.0
282969403	405323041	4.0
512995226	405323041	5.0
512997363	405323041	5.0
445522477	405323041	4.0
551737001	405323041	2.0
483071942	405323041	4.0
458751960	405323041	3.0
508187754	405323041	4.0
451802958	405323041	3.0
451802959	405323041	3.0
453753466	405323041	5.0
496498015	405323041	4.0
508187752	405323041	4.0
508519899	405323041	4.0
510868418	405323041	4.0
405332395	405323041	4.0
405332399	405323041	4.0
88176556	405323041	4.0
458751957	405323041	3.0
405332396	405323041	4.0
405332397	405323041	4.0
452902559	405323041	4.0
282954116	405323041	3.0
282956785	405323041	3.0
247270166	405323041	4.0
405323042	405323042	0
405324438	405323042	0.0
405324439	405323042	0.0
405324440	405323042	0.0
405324441	405323042	3.0
447695171	405323042	2.0
455778927	405323042	3.0
455778961	405323042	3.0
455778966	405323042	3.0
457096100	405323042	5.0
458611353	405323042	4.0
282948487	405323042	4.0
247272042	405323042	4.0
282969403	405323042	4.0
512995226	405323042	5.0
512997363	405323042	5.0
445522477	405323042	4.0
551737001	405323042	2.0
483071942	405323042	4.0
458751960	405323042	3.0
508187754	405323042	4.0
451802958	405323042	3.0
451802959	405323042	3.0
453753466	405323042	4.0
496498015	405323042	4.0
508187752	405323042	4.0
508519899	405323042	4.0
510868418	405323042	4.0
405332395	405323042	4.0
405332399	405323042	4.0
88176556	405323042	4.0
458751957	405323042	3.0
405332396	405323042	4.0
405332397	405323042	4.0
452902559	405323042	4.0
282954116	405323042	3.0
282956785	405323042	3.0
247270166	405323042	4.0
405324438	405324438	0
405324439	405324438	0.0
405324440	405324438	0.0
405324441	405324438	3.0
447695171	405324438	2.0
455778927	405324438	3.0
455778961	405324438	3.0
455778966	405324438	3.0
457096100	405324438	5.0
458611353	405324438	4.0
282948487	405324438	4.0
247272042	405324438	4.0
282969403	405324438	4.0
512995226	405324438	5.0
512997363	405324438	5.0
445522477	405324438	4.0
551737001	405324438	2.0
483071942	405324438	4.0
458751960	405324438	3.0
508187754	405324438	4.0
451802958	405324438	3.0
451802959	405324438	3.0
453753466	405324438	4.0
496498015	405324438	4.0
508187752	405324438	4.0
508519899	405324438	4.0
510868418	405324438	4.0
405332395	405324438	4.0
405332399	405324438	4.0
88176556	405324438	4.0
458751957	405324438	3.0
405332396	405324438	4.0
405332397	405324438	4.0
452902559	405324438	4.0
282954116	405324438	3.0
282956785	405324438	3.0
247270166	405324438	4.0
405324439	405324439	0
405324440	405324439	0.0
405324441	405324439	3.0
447695171	405324439	2.0
455778927	405324439	3.0
455778961	405324439	3.0
455778966	405324439	3.0
457096100	405324439	5.0
458611353	405324439	4.0
282948487	405324439	4.0
247272042	405324439	4.0
282969403	405324439	4.0
512995226	405324439	5.0
512997363	405324439	5.0
445522477	405324439	4.0
551737001	405324439	2.0
483071942	405324439	4.0
458751960	405324439	3.0
508187754	405324439	4.0
451802958	405324439	3.0
451802959	405324439	3.0
453753466	405324439	4.0
496498015	405324439	4.0
508187752	405324439	4.0
508519899	405324439	4.0
510868418	405324439	4.0
405332395	405324439	4.0
405332399	405324439	4.0
88176556	405324439	4.0
458751957	405324439	3.0
405332396	405324439	4.0
405332397	405324439	4.0
452902559	405324439	4.0
282954116	405324439	3.0
282956785	405324439	3.0
247270166	405324439	4.0
405324440	405324440	0
405324441	405324440	3.0
447695171	405324440	2.0
455778927	405324440	3.0
455778961	405324440	3.0
455778966	405324440	3.0
457096100	405324440	4.0
458611353	405324440	4.0
282948487	405324440	4.0
247272042	405324440	4.0
282969403	405324440	4.0
512995226	405324440	5.0
512997363	405324440	5.0
445522477	405324440	4.0
551737001	405324440	2.0
483071942	405324440	4.0
458751960	405324440	3.0
508187754	405324440	4.0
451802958	405324440	3.0
451802959	405324440	3.0
453753466	405324440	4.0
496498015	405324440	4.0
508187752	405324440	4.0
508519899	405324440	4.0
510868418	405324440	4.0
405332395	405324440	4.0
405332399	405324440	4.0
88176556	405324440	4.0
458751957	405324440	3.0
405332396	405324440	4.0
405332397	405324440	4.0
452902559	405324440	4.0
282954116	405324440	3.0
282956785	405324440	3.0
247270166	405324440	4.0
405324441	405324441	0
447695171	405324441	3.0
455778927	405324441	3.0
455778961	405324441	0.0
455778966	405324441	0.0
457096100	405324441	3.0
458611353	405324441	3.0
282948487	405324441	4.0
247272042	405324441	2.0
282969403	405324441	3.0
512995226	405324441	4.0
512997363	405324441	5.0
445522477	405324441	4.0
551737001	405324441	3.0
483071942	405324441	3.0
458751960	405324441	2.0
508187754	405324441	3.0
451802958	405324441	2.0
451802959	405324441	2.0
453753466	405324441	4.0
496498015	405324441	3.0
508187752	405324441	3.0
508519899	405324441	3.0
510868418	405324441	4.0
405332395	405324441	4.0
405332399	405324441	4.0
88176556	405324441	4.0
458751957	405324441	2.0
405332396	405324441	4.0
405332397	405324441	4.0
452902559	405324441	4.0
282954116	405324441	2.0
282956785	405324441	2.0
247270166	405324441	4.0
447695171	447695171	0
455778927	447695171	0.0
455778961	447695171	3.0
455778966	447695171	3.0
457096100	447695171	4.0
458611353	447695171	4.0
282948487	447695171	3.0
247272042	447695171	3.0
282969403	447695171	4.0
512995226	447695171	4.0
512997363	447695171	4.0
445522477	447695171	3.0
551737001	447695171	0.0
483071942	447695171	3.0
458751960	447695171	4.0
508187754	447695171	4.0
451802958	447695171	4.0
451802959	447695171	4.0
453753466	447695171	4.0
496498015	447695171	4.0
508187752	447695171	4.0
508519899	447695171	4.0
510868418	447695171	4.0
405332395	447695171	4.0
405332399	447695171	4.0
88176556	447695171	4.0
458751957	447695171	3.0
405332396	447695171	4.0
405332397	447695171	4.0
452902559	447695171	4.0
282954116	447695171	4.0
282956785	447695171	4.0
247270166	447695171	4.0
455778927	455778927	0
455778961	455778927	2.0
455778966	455778927	3.0
457096100	455778927	4.0
458611353	455778927	4.0
282948487	455778927	3.0
247272042	455778927	3.0
282969403	455778927	4.0
512995226	455778927	4.0
512997363	455778927	4.0
445522477	455778927	3.0
551737001	455778927	0.0
483071942	455778927	3.0
458751960	455778927	3.0
508187754	455778927	4.0
451802958	455778927	3.0
451802959	455778927	3.0
453753466	455778927	4.0
496498015	455778927	4.0
508187752	455778927	4.0
508519899	455778927	4.0
510868418	455778927	4.0
405332395	455778927	4.0
405332399	455778927	4.0
88176556	455778927	4.0
458751957	455778927	3.0
405332396	455778927	4.0
405332397	455778927	4.0
452902559	455778927	4.0
282954116	455778927	3.0
282956785	455778927	3.0
247270166	455778927	4.0
455778961	455778961	0
455778966	455778961	0.0
457096100	455778961	4.0
458611353	455778961	3.0
282948487	455778961	3.0
247272042	455778961	2.0
282969403	455778961	4.0
512995226	455778961	4.0
512997363	455778961	5.0
445522477	455778961	4.0
551737001	455778961	3.0
483071942	455778961	3.0
458751960	455778961	3.0
508187754	455778961	3.0
451802958	455778961	2.0
451802959	455778961	2.0
453753466	455778961	4.0
496498015	455778961	3.0
508187752	455778961	3.0
508519899	455778961	3.0
510868418	455778961	4.0
405332395	455778961	4.0
405332399	455778961	4.0
88176556	455778961	4.0
458751957	455778961	2.0
405332396	455778961	4.0
405332397	455778961	4.0
452902559	455778961	4.0
282954116	455778961	3.0
282956785	455778961	2.0
247270166	455778961	4.0
455778966	455778966	0
457096100	455778966	3.0
458611353	455778966	3.0
282948487	455778966	4.0
247272042	455778966	2.0
282969403	455778966	3.0
512995226	455778966	4.0
512997363	455778966	5.0
445522477	455778966	4.0
551737001	455778966	3.0
483071942	455778966	3.0
458751960	455778966	2.0
508187754	455778966	3.0
451802958	455778966	2.0
451802959	455778966	2.0
453753466	455778966	4.0
496498015	455778966	3.0
508187752	455778966	3.0
508519899	455778966	3.0
510868418	455778966	4.0
405332395	455778966	4.0
405332399	455778966	4.0
88176556	455778966	4.0
458751957	455778966	2.0
405332396	455778966	4.0
405332397	455778966	4.0
452902559	455778966	4.0
282954116	455778966	2.0
282956785	455778966	2.0
247270166	455778966	4.0
457096100	457096100	0
458611353	457096100	0.0
282948487	457096100	4.0
247272042	457096100	4.0
282969403	457096100	3.0
512995226	457096100	5.0
512997363	457096100	5.0
445522477	457096100	5.0
551737001	457096100	4.0
483071942	457096100	4.0
458751960	457096100	3.0
508187754	457096100	4.0
451802958	457096100	3.0
451802959	457096100	3.0
453753466	457096100	1.0
496498015	457096100	2.0
508187752	457096100	3.0
508519899	457096100	3.0
510868418	457096100	3.0
405332395	457096100	4.0
405332399	457096100	4.0
88176556	457096100	4.0
458751957	457096100	3.0
405332396	457096100	4.0
405332397	457096100	4.0
452902559	457096100	4.0
282954116	457096100	3.0
282956785	457096100	3.0
247270166	457096100	4.0
458611353	458611353	0
282948487	458611353	4.0
247272042	458611353	4.0
282969403	458611353	3.0
512995226	458611353	5.0
512997363	458611353	5.0
445522477	458611353	5.0
551737001	458611353	4.0
483071942	458611353	4.0
458751960	458611353	3.0
508187754	458611353	4.0
451802958	458611353	3.0
451802959	458611353	3.0
453753466	458611353	2.0
496498015	458611353	2.0
508187752	458611353	3.0
508519899	458611353	3.0
510868418	458611353	3.0
405332395	458611353	4.0
405332399	458611353	4.0
88176556	458611353	4.0
458751957	458611353	3.0
405332396	458611353	4.0
405332397	458611353	4.0
452902559	458611353	4.0
282954116	458611353	3.0
282956785	458611353	2.0
247270166	458611353	4.0
282948487	282948487	0
247272042	282948487	3.0
282969403	282948487	4.0
512995226	282948487	4.0
512997363	282948487	4.0
445522477	282948487	4.0
551737001	282948487	3.0
483071942	282948487	0.0
458751960	282948487	4.0
508187754	282948487	4.0
451802958	282948487	4.0
451802959	282948487	4.0
453753466	282948487	5.0
496498015	282948487	4.0
508187752	282948487	4.0
508519899	282948487	4.0
510868418	282948487	4.0
405332395	282948487	3.0
405332399	282948487	3.0
88176556	282948487	4.0
458751957	282948487	4.0
405332396	282948487	3.0
405332397	282948487	3.0
452902559	282948487	3.0
282954116	282948487	4.0
282956785	282948487	4.0
247270166	282948487	3.0
247272042	247272042	0
282969403	247272042	4.0
512995226	247272042	5.0
512997363	247272042	5.0
445522477	247272042	4.0
551737001	247272042	3.0
483071942	247272042	3.0
458751960	247272042	2.0
508187754	247272042	3.0
451802958	247272042	3.0
451802959	247272042	3.0
453753466	247272042	4.0
496498015	247272042	4.0
508187752	247272042	3.0
508519899	247272042	3.0
510868418	247272042	4.0
405332395	247272042	3.0
405332399	247272042	3.0
88176556	247272042	3.0
458751957	247272042	3.0
405332396	247272042	3.0
405332397	247272042	3.0
452902559	247272042	3.0
282954116	247272042	2.0
282956785	247272042	3.0
247270166	247272042	3.0
282969403	282969403	0
512995226	282969403	5.0
512997363	282969403	5.0
445522477	282969403	5.0
551737001	282969403	4.0
483071942	282969403	4.0
458751960	282969403	3.0
508187754	282969403	4.0
451802958	282969403	3.0
451802959	282969403	3.0
453753466	282969403	3.0
496498015	282969403	1.0
508187752	282969403	3.0
508519899	282969403	4.0
510868418	282969403	3.0
405332395	282969403	4.0
405332399	282969403	4.0
88176556	282969403	4.0
458751957	282969403	3.0
405332396	282969403	4.0
405332397	282969403	4.0
452902559	282969403	4.0
282954116	282969403	3.0
282956785	282969403	3.0
247270166	282969403	4.0
512995226	512995226	0
512997363	512995226	3.0
445522477	512995226	3.0
551737001	512995226	4.0
483071942	512995226	4.0
458751960	512995226	5.0
508187754	512995226	5.0
451802958	512995226	5.0
451802959	512995226	5.0
453753466	512995226	5.0
496498015	512995226	5.0
508187752	512995226	5.0
508519899	512995226	5.0
510868418	512995226	5.0
405332395	512995226	5.0
405332399	512995226	5.0
88176556	512995226	5.0
458751957	512995226	5.0
405332396	512995226	5.0
405332397	512995226	5.0
452902559	512995226	5.0
282954116	512995226	5.0
282956785	512995226	5.0
247270166	512995226	5.0
512997363	512997363	0
445522477	512997363	3.0
551737001	512997363	4.0
483071942	512997363	4.0
458751960	512997363	5.0
508187754	512997363	5.0
451802958	512997363	5.0
451802959	512997363	5.0
453753466	512997363	5.0
496498015	512997363	5.0
508187752	512997363	5.0
508519899	512997363	5.0
510868418	512997363	5.0
405332395	512997363	5.0
405332399	512997363	5.0
88176556	512997363	5.0
458751957	512997363	5.0
405332396	512997363	5.0
405332397	512997363	5.0
452902559	512997363	5.0
282954116	512997363	5.0
282956785	512997363	5.0
247270166	512997363	5.0
445522477	445522477	0
551737001	445522477	3.0
483071942	445522477	3.0
458751960	445522477	4.0
508187754	445522477	4.0
451802958	445522477	4.0
451802959	445522477	4.0
453753466	445522477	5.0
496498015	445522477	5.0
508187752	445522477	4.0
508519899	445522477	5.0
510868418	445522477	5.0
405332395	445522477	5.0
405332399	445522477	5.0
88176556	445522477	5.0
458751957	445522477	4.0
405332396	445522477	5.0
405332397	445522477	5.0
452902559	445522477	5.0
282954116	445522477	4.0
282956785	445522477	4.0
247270166	445522477	4.0
551737001	551737001	0
483071942	551737001	3.0
458751960	551737001	4.0
508187754	551737001	4.0
451802958	551737001	4.0
451802959	551737001	4.0
453753466	551737001	4.0
496498015	551737001	4.0
508187752	551737001	4.0
508519899	551737001	4.0
510868418	551737001	4.0
405332395	551737001	4.0
405332399	551737001	4.0
88176556	551737001	4.0
458751957	551737001	3.0
405332396	551737001	4.0
405332397	551737001	4.0
452902559	551737001	4.0
282954116	551737001	4.0
282956785	551737001	4.0
247270166	551737001	4.0
483071942	483071942	0
458751960	483071942	4.0
508187754	483071942	4.0
451802958	483071942	4.0
451802959	483071942	4.0
453753466	483071942	5.0
496498015	483071942	4.0
508187752	483071942	4.0
508519899	483071942	4.0
510868418	483071942	4.0
405332395	483071942	3.0
405332399	483071942	3.0
88176556	483071942	4.0
458751957	483071942	4.0
405332396	483071942	3.0
405332397	483071942	3.0
452902559	483071942	3.0
282954116	483071942	4.0
282956785	483071942	4.0
247270166	483071942	3.0
458751960	458751960	0
508187754	458751960	2.0
451802958	458751960	1.0
451802959	458751960	1.0
453753466	458751960	4.0
496498015	458751960	3.0
508187752	458751960	2.0
508519899	458751960	3.0
510868418	458751960	4.0
405332395	458751960	4.0
405332399	458751960	4.0
88176556	458751960	3.0
458751957	458751960	1.0
405332396	458751960	4.0
405332397	458751960	4.0
452902559	458751960	4.0
282954116	458751960	0.0
282956785	458751960	2.0
247270166	458751960	3.0
508187754	508187754	0
451802958	508187754	2.0
451802959	508187754	2.0
453753466	508187754	4.0
496498015	508187754	3.0
508187752	508187754	3.0
508519899	508187754	2.0
510868418	508187754	3.0
405332395	508187754	4.0
405332399	508187754	3.0
88176556	508187754	3.0
458751957	508187754	2.0
405332396	508187754	3.0
405332397	508187754	3.0
452902559	508187754	4.0
282954116	508187754	2.0
282956785	508187754	3.0
247270166	508187754	3.0
451802958	451802958	0
451802959	451802958	0.0
453753466	451802958	3.0
496498015	451802958	3.0
508187752	451802958	2.0
508519899	451802958	3.0
510868418	451802958	4.0
405332395	451802958	4.0
405332399	451802958	4.0
88176556	451802958	4.0
458751957	451802958	1.0
405332396	451802958	4.0
405332397	451802958	4.0
452902559	451802958	4.0
282954116	451802958	1.0
282956785	451802958	2.0
247270166	451802958	3.0
451802959	451802959	0
453753466	451802959	3.0
496498015	451802959	3.0
508187752	451802959	1.0
508519899	451802959	3.0
510868418	451802959	3.0
405332395	451802959	4.0
405332399	451802959	4.0
88176556	451802959	4.0
458751957	451802959	0.0
405332396	451802959	4.0
405332397	451802959	4.0
452902559	451802959	4.0
282954116	451802959	1.0
282956785	451802959	1.0
247270166	451802959	3.0
453753466	453753466	0
496498015	453753466	3.0
508187752	453753466	4.0
508519899	453753466	4.0
510868418	453753466	3.0
405332395	453753466	5.0
405332399	453753466	5.0
88176556	453753466	5.0
458751957	453753466	4.0
405332396	453753466	5.0
405332397	453753466	5.0
452902559	453753466	5.0
282954116	453753466	4.0
282956785	453753466	3.0
247270166	453753466	4.0
496498015	496498015	0
508187752	496498015	3.0
508519899	496498015	3.0
510868418	496498015	2.0
405332395	496498015	4.0
405332399	496498015	4.0
88176556	496498015	4.0
458751957	496498015	3.0
405332396	496498015	4.0
405332397	496498015	4.0
452902559	496498015	4.0
282954116	496498015	3.0
282956785	496498015	2.0
247270166	496498015	4.0
508187752	508187752	0
508519899	508187752	2.0
510868418	508187752	3.0
405332395	508187752	4.0
405332399	508187752	4.0
88176556	508187752	4.0
458751957	508187752	2.0
405332396	508187752	4.0
405332397	508187752	4.0
452902559	508187752	4.0
282954116	508187752	2.0
282956785	508187752	2.0
247270166	508187752	4.0
508519899	508519899	0
510868418	508519899	3.0
405332395	508519899	4.0
405332399	508519899	4.0
88176556	508519899	3.0
458751957	508519899	3.0
405332396	508519899	4.0
405332397	508519899	4.0
452902559	508519899	4.0
282954116	508519899	3.0
282956785	508519899	3.0
247270166	508519899	3.0
510868418	510868418	0
405332395	510868418	4.0
405332399	510868418	4.0
88176556	510868418	4.0
458751957	510868418	4.0
405332396	510868418	4.0
405332397	510868418	4.0
452902559	510868418	4.0
282954116	510868418	4.0
282956785	510868418	3.0
247270166	510868418	4.0
405332395	405332395	0
405332399	405332395	0.0
88176556	405332395	3.0
458751957	405332395	4.0
405332396	405332395	0.0
405332397	405332395	0.0
452902559	405332395	0.0
282954116	405332395	4.0
282956785	405332395	4.0
247270166	405332395	2.0
405332399	405332399	0
88176556	405332399	3.0
458751957	405332399	4.0
405332396	405332399	0.0
405332397	405332399	0.0
452902559	405332399	0.0
282954116	405332399	3.0
282956785	405332399	4.0
247270166	405332399	1.0
88176556	88176556	0
458751957	88176556	4.0
405332396	88176556	3.0
405332397	88176556	3.0
452902559	88176556	3.0
282954116	88176556	3.0
282956785	88176556	4.0
247270166	88176556	2.0
458751957	458751957	0
405332396	458751957	4.0
405332397	458751957	4.0
452902559	458751957	4.0
282954116	458751957	1.0
282956785	458751957	2.0
247270166	458751957	3.0
405332396	405332396	0
405332397	405332396	0.0
452902559	405332396	0.0
282954116	405332396	3.0
282956785	405332396	4.0
247270166	405332396	1.0
405332397	405332397	0
452902559	405332397	0.0
282954116	405332397	4.0
282956785	405332397	4.0
247270166	405332397	1.0
452902559	452902559	0
282954116	452902559	4.0
282956785	452902559	4.0
247270166	452902559	1.0
282954116	282954116	0
282956785	282954116	2.0
247270166	282954116	3.0
282956785	282956785	0
247270166	282956785	4.0
247270166	247270166	0
