35580417	[-70,46.0,24.0]	40.62318175000001	-74.14599381428573	0.062354880230616694	0.11445965155260417	0.21759499291820636	2.0263308802091024e-05	0.7139784946236559	0.3758577031705136
35788984	[-27,37.0,-10.0]	40.63117014	-74.14433055999999	0.062354880230616694	0.11445965155260417	0.21759499291820636	2.0263308802091024e-05	0.7139784946236559	0.3758577031705136
147969896	[-1,27.0,-26.0]	40.6354553	-74.14254288	0.062354880230616694	0.11445965155260417	0.21759499291820636	2.0263308802091024e-05	0.7139784946236559	0.3758577031705136
147969898	[4,20.0,-24.0]	40.63574174	-74.14128164	0.062354880230616694	0.11445965155260417	0.21759499291820636	2.0263308802091024e-05	0.7139784946236559	0.3758577031705136
147969912	[4,24.0,-28.0]	40.636080142857146	-74.14209977142856	0.062354880230616694	0.11445965155260417	0.21759499291820636	2.0263308802091024e-05	0.7139784946236559	0.3758577031705136
200719117	[-39,-19.0,58.0]	40.62284975555556	-74.13445656666666	0.062354880230616694	0.11445965155260417	0.21759499291820636	2.0263308802091024e-05	0.7139784946236559	0.3758577031705136
245573261	[-28,40.0,-12.0]	40.6311982631579	-74.14488485789474	0.062354880230616694	0.11445965155260417	0.21759499291820636	2.0263308802091024e-05	0.7139784946236559	0.3758577031705136
34989561	[-5,26.0,-21.0]	40.634491516666664	-74.14242581666667	0.062354880230616694	0.11445965155260417	0.21759499291820636	2.0263308802091024e-05	0.7139784946236559	0.3758577031705136
245572238	[34,-30.0,-4.0]	40.63665467307692	-74.13243980384615	0.062354880230616694	0.11445965155260417	0.21759499291820636	2.0263308802091024e-05	0.7139784946236559	0.3758577031705136
245572240	[35,-4.0,-31.0]	40.63952301111111	-74.13703924444445	0.062354880230616694	0.11445965155260417	0.21759499291820636	2.0263308802091024e-05	0.7139784946236559	0.3758577031705136
35580454	[-57,38.0,19.0]	40.625133275	-74.14446850833333	0.062354880230616694	0.11445965155260417	0.21759499291820636	2.0263308802091024e-05	0.7139784946236559	0.3758577031705136
285975389	[-48,18.0,30.0]	40.6247860125	-74.14088842500001	0.062354880230616694	0.11445965155260417	0.21759499291820636	2.0263308802091024e-05	0.7139784946236559	0.3758577031705136
285975388	[-41,6.0,35.0]	40.625053182051275	-74.13889655641027	0.062354880230616694	0.11445965155260417	0.21759499291820636	2.0263308802091024e-05	0.7139784946236559	0.3758577031705136
35578834	[38,-33.0,-5.0]	40.63722595	-74.131828	0.062354880230616694	0.11445965155260417	0.21759499291820636	2.0263308802091024e-05	0.7139784946236559	0.3758577031705136
245572237	[42,-38.0,-4.0]	40.63754973076924	-74.13111326153847	0.062354880230616694	0.11445965155260417	0.21759499291820636	2.0263308802091024e-05	0.7139784946236559	0.3758577031705136
35275282	[47,-13.0,-34.0]	40.641212640000006	-74.13538381999999	0.062354880230616694	0.11445965155260417	0.21759499291820636	2.0263308802091024e-05	0.7139784946236559	0.3758577031705136
247216395	[-17,-34.0,51.0]	40.625946587499996	-74.13168068125	0.062354880230616694	0.11445965155260417	0.21759499291820636	2.0263308802091024e-05	0.7139784946236559	0.3758577031705136
247225508	[-30,36.0,-6.0]	40.630419970000005	-74.14420378	0.062354880230616694	0.11445965155260417	0.21759499291820636	2.0263308802091024e-05	0.7139784946236559	0.3758577031705136
245801505	[14,-39.0,25.0]	40.63167756666667	-74.13081666666668	0.062354880230616694	0.11445965155260417	0.21759499291820636	2.0263308802091024e-05	0.7139784946236559	0.3758577031705136
245572241	[42,-36.0,-6.0]	40.63766733076923	-74.1313968	0.062354880230616694	0.11445965155260417	0.21759499291820636	2.0263308802091024e-05	0.7139784946236559	0.3758577031705136
247239151	[-61,40.0,21.0]	40.62444668	-74.14475146	0.062354880230616694	0.11445965155260417	0.21759499291820636	2.0263308802091024e-05	0.7139784946236559	0.3758577031705136
247220687	[-39,-21.0,60.0]	40.622777177777785	-74.1339803	0.062354880230616694	0.11445965155260417	0.21759499291820636	2.0263308802091024e-05	0.7139784946236559	0.3758577031705136
245572248	[33,3.0,-36.0]	40.63989456363637	-74.1382881	0.062354880230616694	0.11445965155260417	0.21759499291820636	2.0263308802091024e-05	0.7139784946236559	0.3758577031705136
245572313	[36,1.0,-37.0]	40.64027414	-74.13796564	0.062354880230616694	0.11445965155260417	0.21759499291820636	2.0263308802091024e-05	0.7139784946236559	0.3758577031705136
245572342	[38,0.0,-38.0]	40.64062836	-74.13774193999998	0.062354880230616694	0.11445965155260417	0.21759499291820636	2.0263308802091024e-05	0.7139784946236559	0.3758577031705136
245572383	[41,-6.0,-35.0]	40.6406061	-74.13676778333333	0.062354880230616694	0.11445965155260417	0.21759499291820636	2.0263308802091024e-05	0.7139784946236559	0.3758577031705136
245572400	[35,2.0,-37.0]	40.640139057142854	-74.13812169999999	0.062354880230616694	0.11445965155260417	0.21759499291820636	2.0263308802091024e-05	0.7139784946236559	0.3758577031705136
245572404	[37,-1.0,-36.0]	40.64035044285714	-74.13752388571429	0.062354880230616694	0.11445965155260417	0.21759499291820636	2.0263308802091024e-05	0.7139784946236559	0.3758577031705136
245572301	[41,-4.0,-37.0]	40.64085988	-74.13699696	0.062354880230616694	0.11445965155260417	0.21759499291820636	2.0263308802091024e-05	0.7139784946236559	0.3758577031705136
245572329	[47,-16.0,-31.0]	40.640856459999995	-74.13481532	0.062354880230616694	0.11445965155260417	0.21759499291820636	2.0263308802091024e-05	0.7139784946236559	0.3758577031705136
245572330	[49,-21.0,-28.0]	40.64077006	-74.13399164	0.062354880230616694	0.11445965155260417	0.21759499291820636	2.0263308802091024e-05	0.7139784946236559	0.3758577031705136
245572410	[54,-23.0,-31.0]	40.64159898571428	-74.13360850000001	0.062354880230616694	0.11445965155260417	0.21759499291820636	2.0263308802091024e-05	0.7139784946236559	0.3758577031705136
35580417	35580417	0
35788984	35580417	3.0
147969896	35580417	4.0
147969898	35580417	4.0
147969912	35580417	4.0
200719117	35580417	3.0
245573261	35580417	3.0
34989561	35580417	4.0
245572238	35580417	4.0
245572240	35580417	4.0
35580454	35580417	2.0
285975389	35580417	2.0
285975388	35580417	3.0
35578834	35580417	4.0
245572237	35580417	4.0
35275282	35580417	4.0
247216395	35580417	3.0
247225508	35580417	3.0
245801505	35580417	4.0
245572241	35580417	4.0
247239151	35580417	1.0
247220687	35580417	3.0
245572248	35580417	4.0
245572313	35580417	4.0
245572342	35580417	4.0
245572383	35580417	4.0
245572400	35580417	4.0
245572404	35580417	4.0
245572301	35580417	4.0
245572329	35580417	4.0
245572330	35580417	4.0
245572410	35580417	4.0
35788984	35788984	0
147969896	35788984	2.0
147969898	35788984	2.0
147969912	35788984	2.0
200719117	35788984	4.0
245573261	35788984	1.0
34989561	35788984	2.0
245572238	35788984	3.0
245572240	35788984	4.0
35580454	35788984	3.0
285975389	35788984	3.0
285975388	35788984	3.0
35578834	35788984	4.0
245572237	35788984	4.0
35275282	35788984	4.0
247216395	35788984	4.0
247225508	35788984	0.0
245801505	35788984	4.0
245572241	35788984	4.0
247239151	35788984	3.0
247220687	35788984	4.0
245572248	35788984	4.0
245572313	35788984	4.0
245572342	35788984	4.0
245572383	35788984	4.0
245572400	35788984	4.0
245572404	35788984	4.0
245572301	35788984	4.0
245572329	35788984	4.0
245572330	35788984	4.0
245572410	35788984	4.0
147969896	147969896	0
147969898	147969896	1.0
147969912	147969896	0.0
200719117	147969896	4.0
245573261	147969896	2.0
34989561	147969896	0.0
245572238	147969896	3.0
245572240	147969896	3.0
35580454	147969896	3.0
285975389	147969896	4.0
285975388	147969896	4.0
35578834	147969896	3.0
245572237	147969896	3.0
35275282	147969896	3.0
247216395	147969896	4.0
247225508	147969896	2.0
245801505	147969896	3.0
245572241	147969896	3.0
247239151	147969896	4.0
247220687	147969896	4.0
245572248	147969896	2.0
245572313	147969896	3.0
245572342	147969896	3.0
245572383	147969896	3.0
245572400	147969896	3.0
245572404	147969896	3.0
245572301	147969896	3.0
245572329	147969896	3.0
245572330	147969896	3.0
245572410	147969896	3.0
147969898	147969898	0
147969912	147969898	1.0
200719117	147969898	4.0
245573261	147969898	3.0
34989561	147969898	1.0
245572238	147969898	3.0
245572240	147969898	2.0
35580454	147969898	4.0
285975389	147969898	4.0
285975388	147969898	4.0
35578834	147969898	3.0
245572237	147969898	3.0
35275282	147969898	3.0
247216395	147969898	4.0
247225508	147969898	2.0
245801505	147969898	3.0
245572241	147969898	3.0
247239151	147969898	4.0
247220687	147969898	4.0
245572248	147969898	2.0
245572313	147969898	2.0
245572342	147969898	2.0
245572383	147969898	2.0
245572400	147969898	2.0
245572404	147969898	2.0
245572301	147969898	2.0
245572329	147969898	3.0
245572330	147969898	3.0
245572410	147969898	3.0
147969912	147969912	0
200719117	147969912	4.0
245573261	147969912	2.0
34989561	147969912	0.0
245572238	147969912	3.0
245572240	147969912	3.0
35580454	147969912	3.0
285975389	147969912	4.0
285975388	147969912	4.0
35578834	147969912	3.0
245572237	147969912	3.0
35275282	147969912	3.0
247216395	147969912	4.0
247225508	147969912	2.0
245801505	147969912	3.0
245572241	147969912	3.0
247239151	147969912	4.0
247220687	147969912	4.0
245572248	147969912	2.0
245572313	147969912	3.0
245572342	147969912	3.0
245572383	147969912	3.0
245572400	147969912	2.0
245572404	147969912	3.0
245572301	147969912	3.0
245572329	147969912	3.0
245572330	147969912	3.0
245572410	147969912	3.0
200719117	200719117	0
245573261	200719117	4.0
34989561	200719117	4.0
245572238	200719117	4.0
245572240	200719117	4.0
35580454	200719117	3.0
285975389	200719117	2.0
285975388	200719117	2.0
35578834	200719117	4.0
245572237	200719117	4.0
35275282	200719117	4.0
247216395	200719117	3.0
247225508	200719117	4.0
245801505	200719117	3.0
245572241	200719117	4.0
247239151	200719117	3.0
247220687	200719117	0.0
245572248	200719117	4.0
245572313	200719117	4.0
245572342	200719117	4.0
245572383	200719117	4.0
245572400	200719117	4.0
245572404	200719117	4.0
245572301	200719117	4.0
245572329	200719117	4.0
245572330	200719117	4.0
245572410	200719117	4.0
245573261	245573261	0
34989561	245573261	3.0
245572238	245573261	3.0
245572240	245573261	4.0
35580454	245573261	3.0
285975389	245573261	3.0
285975388	245573261	3.0
35578834	245573261	4.0
245572237	245573261	4.0
35275282	245573261	4.0
247216395	245573261	3.0
247225508	245573261	0.0
245801505	245573261	3.0
245572241	245573261	4.0
247239151	245573261	3.0
247220687	245573261	4.0
245572248	245573261	3.0
245572313	245573261	3.0
245572342	245573261	4.0
245572383	245573261	4.0
245572400	245573261	3.0
245572404	245573261	4.0
245572301	245573261	4.0
245572329	245573261	4.0
245572330	245573261	4.0
245572410	245573261	4.0
34989561	34989561	0
245572238	34989561	3.0
245572240	34989561	3.0
35580454	34989561	4.0
285975389	34989561	4.0
285975388	34989561	4.0
35578834	34989561	3.0
245572237	34989561	3.0
35275282	34989561	3.0
247216395	34989561	4.0
247225508	34989561	3.0
245801505	34989561	4.0
245572241	34989561	3.0
247239151	34989561	4.0
247220687	34989561	4.0
245572248	34989561	3.0
245572313	34989561	3.0
245572342	34989561	3.0
245572383	34989561	3.0
245572400	34989561	3.0
245572404	34989561	3.0
245572301	34989561	3.0
245572329	34989561	3.0
245572330	34989561	3.0
245572410	34989561	3.0
245572238	245572238	0
245572240	245572238	2.0
35580454	245572238	4.0
285975389	245572238	4.0
285975388	245572238	4.0
35578834	245572238	0.0
245572237	245572238	1.0
35275282	245572238	3.0
247216395	245572238	3.0
247225508	245572238	3.0
245801505	245572238	3.0
245572241	245572238	0.0
247239151	245572238	4.0
247220687	245572238	4.0
245572248	245572238	3.0
245572313	245572238	3.0
245572342	245572238	3.0
245572383	245572238	3.0
245572400	245572238	3.0
245572404	245572238	3.0
245572301	245572238	3.0
245572329	245572238	3.0
245572330	245572238	3.0
245572410	245572238	3.0
245572240	245572240	0
35580454	245572240	4.0
285975389	245572240	4.0
285975388	245572240	4.0
35578834	245572240	2.0
245572237	245572240	2.0
35275282	245572240	1.0
247216395	245572240	4.0
247225508	245572240	4.0
245801505	245572240	4.0
245572241	245572240	2.0
247239151	245572240	4.0
247220687	245572240	4.0
245572248	245572240	1.0
245572313	245572240	0.0
245572342	245572240	0.0
245572383	245572240	0.0
245572400	245572240	1.0
245572404	245572240	0.0
245572301	245572240	0.0
245572329	245572240	1.0
245572330	245572240	1.0
245572410	245572240	1.0
35580454	35580454	0
285975389	35580454	2.0
285975388	35580454	2.0
35578834	35580454	4.0
245572237	35580454	4.0
35275282	35580454	4.0
247216395	35580454	3.0
247225508	35580454	2.0
245801505	35580454	4.0
245572241	35580454	4.0
247239151	35580454	0.0
247220687	35580454	3.0
245572248	35580454	4.0
245572313	35580454	4.0
245572342	35580454	4.0
245572383	35580454	4.0
245572400	35580454	4.0
245572404	35580454	4.0
245572301	35580454	4.0
245572329	35580454	4.0
245572330	35580454	4.0
245572410	35580454	4.0
285975389	285975389	0
285975388	285975389	1.0
35578834	285975389	4.0
245572237	285975389	4.0
35275282	285975389	4.0
247216395	285975389	3.0
247225508	285975389	3.0
245801505	285975389	3.0
245572241	285975389	4.0
247239151	285975389	2.0
247220687	285975389	2.0
245572248	285975389	4.0
245572313	285975389	4.0
245572342	285975389	4.0
245572383	285975389	4.0
245572400	285975389	4.0
245572404	285975389	4.0
245572301	285975389	4.0
245572329	285975389	4.0
245572330	285975389	4.0
245572410	285975389	4.0
285975388	285975388	0
35578834	285975388	4.0
245572237	285975388	4.0
35275282	285975388	4.0
247216395	285975388	3.0
247225508	285975388	3.0
245801505	285975388	3.0
245572241	285975388	4.0
247239151	285975388	2.0
247220687	285975388	2.0
245572248	285975388	4.0
245572313	285975388	4.0
245572342	285975388	4.0
245572383	285975388	4.0
245572400	285975388	4.0
245572404	285975388	4.0
245572301	285975388	4.0
245572329	285975388	4.0
245572330	285975388	4.0
245572410	285975388	4.0
35578834	35578834	0
245572237	35578834	0.0
35275282	35578834	2.0
247216395	35578834	3.0
247225508	35578834	4.0
245801505	35578834	3.0
245572241	35578834	0.0
247239151	35578834	4.0
247220687	35578834	4.0
245572248	35578834	3.0
245572313	35578834	3.0
245572342	35578834	3.0
245572383	35578834	3.0
245572400	35578834	3.0
245572404	35578834	3.0
245572301	35578834	3.0
245572329	35578834	2.0
245572330	35578834	2.0
245572410	35578834	3.0
245572237	245572237	0
35275282	245572237	3.0
247216395	245572237	3.0
247225508	245572237	4.0
245801505	245572237	3.0
245572241	245572237	0.0
247239151	245572237	4.0
247220687	245572237	4.0
245572248	245572237	3.0
245572313	245572237	3.0
245572342	245572237	3.0
245572383	245572237	3.0
245572400	245572237	3.0
245572404	245572237	3.0
245572301	245572237	3.0
245572329	245572237	2.0
245572330	245572237	2.0
245572410	245572237	3.0
35275282	35275282	0
247216395	35275282	4.0
247225508	35275282	4.0
245801505	35275282	3.0
245572241	35275282	2.0
247239151	35275282	4.0
247220687	35275282	4.0
245572248	35275282	2.0
245572313	35275282	1.0
245572342	35275282	1.0
245572383	35275282	1.0
245572400	35275282	2.0
245572404	35275282	1.0
245572301	35275282	1.0
245572329	35275282	0.0
245572330	35275282	0.0
245572410	35275282	0.0
247216395	247216395	0
247225508	247216395	3.0
245801505	247216395	2.0
245572241	247216395	3.0
247239151	247216395	3.0
247220687	247216395	3.0
245572248	247216395	4.0
245572313	247216395	4.0
245572342	247216395	4.0
245572383	247216395	4.0
245572400	247216395	4.0
245572404	247216395	4.0
245572301	247216395	4.0
245572329	247216395	4.0
245572330	247216395	4.0
245572410	247216395	4.0
247225508	247225508	0
245801505	247225508	4.0
245572241	247225508	4.0
247239151	247225508	3.0
247220687	247225508	4.0
245572248	247225508	4.0
245572313	247225508	4.0
245572342	247225508	4.0
245572383	247225508	4.0
245572400	247225508	4.0
245572404	247225508	4.0
245572301	247225508	4.0
245572329	247225508	4.0
245572330	247225508	4.0
245572410	247225508	4.0
245801505	245801505	0
245572241	245801505	3.0
247239151	245801505	4.0
247220687	245801505	3.0
245572248	245801505	4.0
245572313	245801505	4.0
245572342	245801505	4.0
245572383	245801505	3.0
245572400	245801505	4.0
245572404	245801505	4.0
245572301	245801505	3.0
245572329	245801505	3.0
245572330	245801505	3.0
245572410	245801505	3.0
245572241	245572241	0
247239151	245572241	4.0
247220687	245572241	4.0
245572248	245572241	3.0
245572313	245572241	3.0
245572342	245572241	3.0
245572383	245572241	3.0
245572400	245572241	3.0
245572404	245572241	3.0
245572301	245572241	3.0
245572329	245572241	2.0
245572330	245572241	2.0
245572410	245572241	3.0
247239151	247239151	0
247220687	247239151	3.0
245572248	247239151	4.0
245572313	247239151	4.0
245572342	247239151	4.0
245572383	247239151	4.0
245572400	247239151	4.0
245572404	247239151	4.0
245572301	247239151	4.0
245572329	247239151	4.0
245572330	247239151	4.0
245572410	247239151	4.0
247220687	247220687	0
245572248	247220687	5.0
245572313	247220687	4.0
245572342	247220687	4.0
245572383	247220687	4.0
245572400	247220687	4.0
245572404	247220687	4.0
245572301	247220687	4.0
245572329	247220687	4.0
245572330	247220687	4.0
245572410	247220687	4.0
245572248	245572248	0
245572313	245572248	0.0
245572342	245572248	0.0
245572383	245572248	0.0
245572400	245572248	0.0
245572404	245572248	0.0
245572301	245572248	0.0
245572329	245572248	1.0
245572330	245572248	1.0
245572410	245572248	2.0
245572313	245572313	0
245572342	245572313	0.0
245572383	245572313	0.0
245572400	245572313	0.0
245572404	245572313	0.0
245572301	245572313	0.0
245572329	245572313	1.0
245572330	245572313	1.0
245572410	245572313	2.0
245572342	245572342	0
245572383	245572342	0.0
245572400	245572342	0.0
245572404	245572342	0.0
245572301	245572342	0.0
245572329	245572342	1.0
245572330	245572342	1.0
245572410	245572342	1.0
245572383	245572383	0
245572400	245572383	0.0
245572404	245572383	0.0
245572301	245572383	0.0
245572329	245572383	1.0
245572330	245572383	1.0
245572410	245572383	1.0
245572400	245572400	0
245572404	245572400	0.0
245572301	245572400	0.0
245572329	245572400	1.0
245572330	245572400	1.0
245572410	245572400	2.0
245572404	245572404	0
245572301	245572404	0.0
245572329	245572404	1.0
245572330	245572404	1.0
245572410	245572404	1.0
245572301	245572301	0
245572329	245572301	1.0
245572330	245572301	1.0
245572410	245572301	1.0
245572329	245572329	0
245572330	245572329	0.0
245572410	245572329	0.0
245572330	245572330	0
245572410	245572330	0.0
245572410	245572410	0
