643861444	[6,-37.0,31.0]	40.81584867142857	-73.92230015714287	0.06106535435825052	0.306881625088173	0.258376126580123	0.006109080345652963	0.653763440860215	0.1797922919599458
643861446	[-9,-20.0,29.0]	40.81458308333333	-73.92543225	0.06106535435825052	0.306881625088173	0.258376126580123	0.006109080345652963	0.653763440860215	0.1797922919599458
277268741	[14,16.0,-30.0]	40.822884099999996	-73.93187925999999	0.06106535435825052	0.306881625088173	0.258376126580123	0.006109080345652963	0.653763440860215	0.1797922919599458
277268742	[14,16.0,-30.0]	40.82289366	-73.93170772	0.06106535435825052	0.306881625088173	0.258376126580123	0.006109080345652963	0.653763440860215	0.1797922919599458
277268743	[15,14.0,-29.0]	40.822904140000006	-73.93153466000001	0.06106535435825052	0.306881625088173	0.258376126580123	0.006109080345652963	0.653763440860215	0.1797922919599458
277268744	[15,14.0,-29.0]	40.82291258	-73.93136132	0.06106535435825052	0.306881625088173	0.258376126580123	0.006109080345652963	0.653763440860215	0.1797922919599458
277268745	[15,17.0,-32.0]	40.82321896	-73.93190886	0.06106535435825052	0.306881625088173	0.258376126580123	0.006109080345652963	0.653763440860215	0.1797922919599458
277268746	[16,15.0,-31.0]	40.82322708	-73.93173572	0.06106535435825052	0.306881625088173	0.258376126580123	0.006109080345652963	0.653763440860215	0.1797922919599458
277268747	[16,15.0,-31.0]	40.82323473999999	-73.93156339999999	0.06106535435825052	0.306881625088173	0.258376126580123	0.006109080345652963	0.653763440860215	0.1797922919599458
277268748	[17,13.0,-30.0]	40.82324358	-73.93139042	0.06106535435825052	0.306881625088173	0.258376126580123	0.006109080345652963	0.653763440860215	0.1797922919599458
277268749	[18,14.0,-32.0]	40.8235736	-73.93141766000001	0.06106535435825052	0.306881625088173	0.258376126580123	0.006109080345652963	0.653763440860215	0.1797922919599458
277268750	[18,15.0,-33.0]	40.8235672	-73.93156438	0.06106535435825052	0.306881625088173	0.258376126580123	0.006109080345652963	0.653763440860215	0.1797922919599458
277268751	[17,16.0,-33.0]	40.823558580000004	-73.93173618	0.06106535435825052	0.306881625088173	0.258376126580123	0.006109080345652963	0.653763440860215	0.1797922919599458
277268752	[17,17.0,-34.0]	40.823549459999995	-73.93193833999999	0.06106535435825052	0.306881625088173	0.258376126580123	0.006109080345652963	0.653763440860215	0.1797922919599458
277268753	[20,14.0,-34.0]	40.823902620000005	-73.93141966	0.06106535435825052	0.306881625088173	0.258376126580123	0.006109080345652963	0.653763440860215	0.1797922919599458
277268754	[19,15.0,-34.0]	40.82389454	-73.93159244	0.06106535435825052	0.306881625088173	0.258376126580123	0.006109080345652963	0.653763440860215	0.1797922919599458
277268755	[19,16.0,-35.0]	40.823885159999996	-73.93179183999999	0.06106535435825052	0.306881625088173	0.258376126580123	0.006109080345652963	0.653763440860215	0.1797922919599458
277268756	[18,17.0,-35.0]	40.82387842	-73.93193938	0.06106535435825052	0.306881625088173	0.258376126580123	0.006109080345652963	0.653763440860215	0.1797922919599458
277747303	[22,-14.0,-8.0]	40.821461855555555	-73.92648208888889	0.06106535435825052	0.306881625088173	0.258376126580123	0.006109080345652963	0.653763440860215	0.1797922919599458
277747304	[25,-14.0,-11.0]	40.822148075	-73.926537025	0.06106535435825052	0.306881625088173	0.258376126580123	0.006109080345652963	0.653763440860215	0.1797922919599458
277747308	[20,-14.0,-6.0]	40.8211511	-73.92642927142857	0.06106535435825052	0.306881625088173	0.258376126580123	0.006109080345652963	0.653763440860215	0.1797922919599458
365518739	[34,-36.0,2.0]	40.821674063636365	-73.92269465454545	0.06106535435825052	0.306881625088173	0.258376126580123	0.006109080345652963	0.653763440860215	0.1797922919599458
643861443	[23,-25.0,2.0]	40.82057136	-73.92442192000001	0.06106535435825052	0.306881625088173	0.258376126580123	0.006109080345652963	0.653763440860215	0.1797922919599458
182916835	[45,5.0,-50.0]	40.82823964000001	-73.9298786	0.06106535435825052	0.306881625088173	0.258376126580123	0.006109080345652963	0.653763440860215	0.1797922919599458
182916836	[48,-6.0,-42.0]	40.82771176999999	-73.92785560000002	0.06106535435825052	0.306881625088173	0.258376126580123	0.006109080345652963	0.653763440860215	0.1797922919599458
182916838	[46,6.0,-52.0]	40.82837668	-73.92998331999999	0.06106535435825052	0.306881625088173	0.258376126580123	0.006109080345652963	0.653763440860215	0.1797922919599458
182916839	[39,5.0,-44.0]	40.826976499999994	-73.92984618	0.06106535435825052	0.306881625088173	0.258376126580123	0.006109080345652963	0.653763440860215	0.1797922919599458
182916840	[39,7.0,-46.0]	40.827089459999996	-73.93018409999999	0.06106535435825052	0.306881625088173	0.258376126580123	0.006109080345652963	0.653763440860215	0.1797922919599458
182917382	[47,0.0,-47.0]	40.82811624	-73.92894976	0.06106535435825052	0.306881625088173	0.258376126580123	0.006109080345652963	0.653763440860215	0.1797922919599458
182918142	[48,2.0,-50.0]	40.828408	-73.92941330000001	0.06106535435825052	0.306881625088173	0.258376126580123	0.006109080345652963	0.653763440860215	0.1797922919599458
182921095	[40,6.0,-46.0]	40.827218040000005	-73.92999796000001	0.06106535435825052	0.306881625088173	0.258376126580123	0.006109080345652963	0.653763440860215	0.1797922919599458
182927474	[39,8.0,-47.0]	40.827315684615385	-73.93040675384616	0.06106535435825052	0.306881625088173	0.258376126580123	0.006109080345652963	0.653763440860215	0.1797922919599458
277736454	[75,-40.0,-35.0]	40.8296523388889	-73.92195113333334	0.06106535435825052	0.306881625088173	0.258376126580123	0.006109080345652963	0.653763440860215	0.1797922919599458
570789604	[40,-11.0,-29.0]	40.82538658181819	-73.92697244545455	0.06106535435825052	0.306881625088173	0.258376126580123	0.006109080345652963	0.653763440860215	0.1797922919599458
316222665	[51,-71.0,20.0]	40.821580600000004	-73.91623222000001	0.06106535435825052	0.306881625088173	0.258376126580123	0.006109080345652963	0.653763440860215	0.1797922919599458
275269245	[4,-11.0,7.0]	40.81802746666667	-73.92700573333335	0.06106535435825052	0.306881625088173	0.258376126580123	0.006109080345652963	0.653763440860215	0.1797922919599458
275276736	[7,-35.0,28.0]	40.81620909473685	-73.92268595263161	0.06106535435825052	0.306881625088173	0.258376126580123	0.006109080345652963	0.653763440860215	0.1797922919599458
275298529	[32,-56.0,24.0]	40.81919956666667	-73.91912296666666	0.06106535435825052	0.306881625088173	0.258376126580123	0.006109080345652963	0.653763440860215	0.1797922919599458
275299514	[13,-8.0,-5.0]	40.82021021	-73.92748725999999	0.06106535435825052	0.306881625088173	0.258376126580123	0.006109080345652963	0.653763440860215	0.1797922919599458
275317517	[64,-95.0,31.0]	40.82186697777777	-73.91057066666666	0.06106535435825052	0.306881625088173	0.258376126580123	0.006109080345652963	0.653763440860215	0.1797922919599458
255480856	[33,19.0,-52.0]	40.82709766	-73.93237921999999	0.06106535435825052	0.306881625088173	0.258376126580123	0.006109080345652963	0.653763440860215	0.1797922919599458
562642205	[-2,-26.0,28.0]	40.81536990769231	-73.92437996923077	0.06106535435825052	0.306881625088173	0.258376126580123	0.006109080345652963	0.653763440860215	0.1797922919599458
255477273	[30,-2.0,-28.0]	40.824295166666666	-73.92869317777777	0.06106535435825052	0.306881625088173	0.258376126580123	0.006109080345652963	0.653763440860215	0.1797922919599458
255480858	[22,-3.0,-19.0]	40.82268624	-73.92839441999999	0.06106535435825052	0.306881625088173	0.258376126580123	0.006109080345652963	0.653763440860215	0.1797922919599458
255480859	[19,-3.0,-16.0]	40.82200533333333	-73.92855885	0.06106535435825052	0.306881625088173	0.258376126580123	0.006109080345652963	0.653763440860215	0.1797922919599458
275300135	[19,5.0,-24.0]	40.82288847272728	-73.92985825	0.06106535435825052	0.306881625088173	0.258376126580123	0.006109080345652963	0.653763440860215	0.1797922919599458
365518741	[25,-23.0,-2.0]	40.82121392500001	-73.92490647499997	0.06106535435825052	0.306881625088173	0.258376126580123	0.006109080345652963	0.653763440860215	0.1797922919599458
255477256	[36,7.0,-43.0]	40.82654818888889	-73.93022896666668	0.06106535435825052	0.306881625088173	0.258376126580123	0.006109080345652963	0.653763440860215	0.1797922919599458
255477267	[27,17.0,-44.0]	40.82563972857144	-73.93197924285712	0.06106535435825052	0.306881625088173	0.258376126580123	0.006109080345652963	0.653763440860215	0.1797922919599458
255477271	[23,17.0,-40.0]	40.82486465555556	-73.93204387777779	0.06106535435825052	0.306881625088173	0.258376126580123	0.006109080345652963	0.653763440860215	0.1797922919599458
423896820	[52,7.0,-59.0]	40.82977367714286	-73.93010717142857	0.06106535435825052	0.306881625088173	0.258376126580123	0.006109080345652963	0.653763440860215	0.1797922919599458
565419878	[61,-33.0,-28.0]	40.82750426875	-73.92318833124999	0.06106535435825052	0.306881625088173	0.258376126580123	0.006109080345652963	0.653763440860215	0.1797922919599458
577984855	[58,-48.0,-10.0]	40.825371785714296	-73.92043793571428	0.06106535435825052	0.306881625088173	0.258376126580123	0.006109080345652963	0.653763440860215	0.1797922919599458
310891343	[66,-95.0,29.0]	40.82222585	-73.91164565	0.06106535435825052	0.306881625088173	0.258376126580123	0.006109080345652963	0.653763440860215	0.1797922919599458
316153085	[56,-72.0,16.0]	40.822515744444445	-73.91611973333333	0.06106535435825052	0.306881625088173	0.258376126580123	0.006109080345652963	0.653763440860215	0.1797922919599458
275299560	[7,-3.0,-4.0]	40.8195438125	-73.9283708875	0.06106535435825052	0.306881625088173	0.258376126580123	0.006109080345652963	0.653763440860215	0.1797922919599458
275323619	[72,-64.0,-8.0]	40.826631975	-73.91753053125001	0.06106535435825052	0.306881625088173	0.258376126580123	0.006109080345652963	0.653763440860215	0.1797922919599458
275299524	[9,-13.0,4.0]	40.81894975	-73.92661201	0.06106535435825052	0.306881625088173	0.258376126580123	0.006109080345652963	0.653763440860215	0.1797922919599458
275300098	[13,6.0,-19.0]	40.82175732608696	-73.92998967391304	0.06106535435825052	0.306881625088173	0.258376126580123	0.006109080345652963	0.653763440860215	0.1797922919599458
275300099	[22,7.0,-29.0]	40.82373253928571	-73.93024235714287	0.06106535435825052	0.306881625088173	0.258376126580123	0.006109080345652963	0.653763440860215	0.1797922919599458
643861449	[7,-8.0,1.0]	40.819016000000005	-73.92749569090908	0.06106535435825052	0.306881625088173	0.258376126580123	0.006109080345652963	0.653763440860215	0.1797922919599458
275296308	[19,-50.0,31.0]	40.81720883333333	-73.92015915	0.06106535435825052	0.306881625088173	0.258376126580123	0.006109080345652963	0.653763440860215	0.1797922919599458
275314496	[60,-67.0,7.0]	40.82385526666667	-73.91707170000001	0.06106535435825052	0.306881625088173	0.258376126580123	0.006109080345652963	0.653763440860215	0.1797922919599458
275276994	[6,-26.0,20.0]	40.816996114000005	-73.92444041399999	0.06106535435825052	0.306881625088173	0.258376126580123	0.006109080345652963	0.653763440860215	0.1797922919599458
275276735	[5,-44.0,39.0]	40.81494245555555	-73.92120134444446	0.06106535435825052	0.306881625088173	0.258376126580123	0.006109080345652963	0.653763440860215	0.1797922919599458
275314820	[58,-58.0,0.0]	40.824414688888886	-73.91872467777777	0.06106535435825052	0.306881625088173	0.258376126580123	0.006109080345652963	0.653763440860215	0.1797922919599458
275313987	[65,-80.0,15.0]	40.82351361	-73.91483506	0.06106535435825052	0.306881625088173	0.258376126580123	0.006109080345652963	0.653763440860215	0.1797922919599458
275317414	[63,-95.0,32.0]	40.82160988	-73.91002602	0.06106535435825052	0.306881625088173	0.258376126580123	0.006109080345652963	0.653763440860215	0.1797922919599458
643861444	643861444	0
643861446	643861444	3.0
277268741	643861444	4.0
277268742	643861444	4.0
277268743	643861444	4.0
277268744	643861444	4.0
277268745	643861444	4.0
277268746	643861444	4.0
277268747	643861444	4.0
277268748	643861444	4.0
277268749	643861444	4.0
277268750	643861444	4.0
277268751	643861444	4.0
277268752	643861444	4.0
277268753	643861444	4.0
277268754	643861444	4.0
277268755	643861444	4.0
277268756	643861444	4.0
277747303	643861444	4.0
277747304	643861444	4.0
277747308	643861444	4.0
365518739	643861444	3.0
643861443	643861444	4.0
182916835	643861444	4.0
182916836	643861444	4.0
182916838	643861444	4.0
182916839	643861444	4.0
182916840	643861444	4.0
182917382	643861444	4.0
182918142	643861444	4.0
182921095	643861444	4.0
182927474	643861444	4.0
277736454	643861444	4.0
570789604	643861444	4.0
316222665	643861444	3.0
275269245	643861444	3.0
275276736	643861444	2.0
275298529	643861444	3.0
275299514	643861444	4.0
275317517	643861444	3.0
255480856	643861444	4.0
562642205	643861444	2.0
255477273	643861444	4.0
255480858	643861444	4.0
255480859	643861444	4.0
275300135	643861444	4.0
365518741	643861444	4.0
255477256	643861444	4.0
255477267	643861444	4.0
255477271	643861444	4.0
423896820	643861444	4.0
565419878	643861444	4.0
577984855	643861444	4.0
310891343	643861444	3.0
316153085	643861444	3.0
275299560	643861444	3.0
275323619	643861444	4.0
275299524	643861444	3.0
275300098	643861444	4.0
275300099	643861444	4.0
643861449	643861444	3.0
275296308	643861444	2.0
275314496	643861444	3.0
275276994	643861444	3.0
275276735	643861444	2.0
275314820	643861444	4.0
275313987	643861444	3.0
275317414	643861444	3.0
643861446	643861446	0
277268741	643861446	4.0
277268742	643861446	4.0
277268743	643861446	4.0
277268744	643861446	4.0
277268745	643861446	4.0
277268746	643861446	4.0
277268747	643861446	4.0
277268748	643861446	4.0
277268749	643861446	4.0
277268750	643861446	4.0
277268751	643861446	4.0
277268752	643861446	4.0
277268753	643861446	4.0
277268754	643861446	4.0
277268755	643861446	4.0
277268756	643861446	4.0
277747303	643861446	3.0
277747304	643861446	4.0
277747308	643861446	3.0
365518739	643861446	3.0
643861443	643861446	3.0
182916835	643861446	4.0
182916836	643861446	4.0
182916838	643861446	4.0
182916839	643861446	4.0
182916840	643861446	4.0
182917382	643861446	4.0
182918142	643861446	4.0
182921095	643861446	4.0
182927474	643861446	4.0
277736454	643861446	4.0
570789604	643861446	4.0
316222665	643861446	4.0
275269245	643861446	2.0
275276736	643861446	2.0
275298529	643861446	3.0
275299514	643861446	3.0
275317517	643861446	4.0
255480856	643861446	4.0
562642205	643861446	0.0
255477273	643861446	3.0
255480858	643861446	3.0
255480859	643861446	3.0
275300135	643861446	3.0
365518741	643861446	3.0
255477256	643861446	4.0
255477267	643861446	4.0
255477271	643861446	4.0
423896820	643861446	4.0
565419878	643861446	4.0
577984855	643861446	4.0
310891343	643861446	4.0
316153085	643861446	4.0
275299560	643861446	3.0
275323619	643861446	4.0
275299524	643861446	2.0
275300098	643861446	3.0
275300099	643861446	4.0
643861449	643861446	3.0
275296308	643861446	3.0
275314496	643861446	4.0
275276994	643861446	1.0
275276735	643861446	2.0
275314820	643861446	3.0
275313987	643861446	4.0
275317414	643861446	4.0
277268741	277268741	0
277268742	277268741	0.0
277268743	277268741	0.0
277268744	277268741	0.0
277268745	277268741	0.0
277268746	277268741	0.0
277268747	277268741	0.0
277268748	277268741	0.0
277268749	277268741	0.0
277268750	277268741	0.0
277268751	277268741	0.0
277268752	277268741	0.0
277268753	277268741	0.0
277268754	277268741	0.0
277268755	277268741	0.0
277268756	277268741	0.0
277747303	277268741	4.0
277747304	277268741	4.0
277747308	277268741	4.0
365518739	277268741	4.0
643861443	277268741	4.0
182916835	277268741	3.0
182916836	277268741	3.0
182916838	277268741	2.0
182916839	277268741	3.0
182916840	277268741	3.0
182917382	277268741	3.0
182918142	277268741	3.0
182921095	277268741	3.0
182927474	277268741	3.0
277736454	277268741	4.0
570789604	277268741	3.0
316222665	277268741	4.0
275269245	277268741	4.0
275276736	277268741	4.0
275298529	277268741	4.0
275299514	277268741	4.0
275317517	277268741	4.0
255480856	277268741	3.0
562642205	277268741	4.0
255477273	277268741	3.0
255480858	277268741	4.0
255480859	277268741	4.0
275300135	277268741	3.0
365518741	277268741	4.0
255477256	277268741	3.0
255477267	277268741	3.0
255477271	277268741	3.0
423896820	277268741	3.0
565419878	277268741	3.0
577984855	277268741	4.0
310891343	277268741	4.0
316153085	277268741	4.0
275299560	277268741	4.0
275323619	277268741	4.0
275299524	277268741	4.0
275300098	277268741	4.0
275300099	277268741	3.0
643861449	277268741	4.0
275296308	277268741	4.0
275314496	277268741	4.0
275276994	277268741	4.0
275276735	277268741	4.0
275314820	277268741	4.0
275313987	277268741	4.0
275317414	277268741	4.0
277268742	277268742	0
277268743	277268742	0.0
277268744	277268742	0.0
277268745	277268742	0.0
277268746	277268742	0.0
277268747	277268742	0.0
277268748	277268742	0.0
277268749	277268742	0.0
277268750	277268742	0.0
277268751	277268742	0.0
277268752	277268742	0.0
277268753	277268742	0.0
277268754	277268742	0.0
277268755	277268742	0.0
277268756	277268742	0.0
277747303	277268742	4.0
277747304	277268742	4.0
277747308	277268742	4.0
365518739	277268742	4.0
643861443	277268742	4.0
182916835	277268742	3.0
182916836	277268742	3.0
182916838	277268742	2.0
182916839	277268742	3.0
182916840	277268742	3.0
182917382	277268742	3.0
182918142	277268742	3.0
182921095	277268742	3.0
182927474	277268742	3.0
277736454	277268742	4.0
570789604	277268742	3.0
316222665	277268742	4.0
275269245	277268742	4.0
275276736	277268742	4.0
275298529	277268742	4.0
275299514	277268742	4.0
275317517	277268742	4.0
255480856	277268742	3.0
562642205	277268742	4.0
255477273	277268742	3.0
255480858	277268742	4.0
255480859	277268742	4.0
275300135	277268742	3.0
365518741	277268742	4.0
255477256	277268742	3.0
255477267	277268742	3.0
255477271	277268742	3.0
423896820	277268742	3.0
565419878	277268742	3.0
577984855	277268742	4.0
310891343	277268742	4.0
316153085	277268742	4.0
275299560	277268742	4.0
275323619	277268742	4.0
275299524	277268742	4.0
275300098	277268742	4.0
275300099	277268742	3.0
643861449	277268742	4.0
275296308	277268742	4.0
275314496	277268742	4.0
275276994	277268742	4.0
275276735	277268742	4.0
275314820	277268742	4.0
275313987	277268742	4.0
275317414	277268742	4.0
277268743	277268743	0
277268744	277268743	0.0
277268745	277268743	0.0
277268746	277268743	0.0
277268747	277268743	0.0
277268748	277268743	0.0
277268749	277268743	0.0
277268750	277268743	0.0
277268751	277268743	0.0
277268752	277268743	0.0
277268753	277268743	0.0
277268754	277268743	0.0
277268755	277268743	0.0
277268756	277268743	0.0
277747303	277268743	4.0
277747304	277268743	4.0
277747308	277268743	4.0
365518739	277268743	4.0
643861443	277268743	4.0
182916835	277268743	3.0
182916836	277268743	3.0
182916838	277268743	2.0
182916839	277268743	3.0
182916840	277268743	3.0
182917382	277268743	3.0
182918142	277268743	3.0
182921095	277268743	3.0
182927474	277268743	3.0
277736454	277268743	4.0
570789604	277268743	3.0
316222665	277268743	4.0
275269245	277268743	4.0
275276736	277268743	4.0
275298529	277268743	4.0
275299514	277268743	4.0
275317517	277268743	4.0
255480856	277268743	3.0
562642205	277268743	4.0
255477273	277268743	3.0
255480858	277268743	4.0
255480859	277268743	4.0
275300135	277268743	3.0
365518741	277268743	4.0
255477256	277268743	3.0
255477267	277268743	3.0
255477271	277268743	3.0
423896820	277268743	3.0
565419878	277268743	3.0
577984855	277268743	4.0
310891343	277268743	4.0
316153085	277268743	4.0
275299560	277268743	4.0
275323619	277268743	4.0
275299524	277268743	4.0
275300098	277268743	4.0
275300099	277268743	3.0
643861449	277268743	4.0
275296308	277268743	4.0
275314496	277268743	4.0
275276994	277268743	4.0
275276735	277268743	4.0
275314820	277268743	4.0
275313987	277268743	4.0
275317414	277268743	4.0
277268744	277268744	0
277268745	277268744	0.0
277268746	277268744	0.0
277268747	277268744	0.0
277268748	277268744	0.0
277268749	277268744	0.0
277268750	277268744	0.0
277268751	277268744	0.0
277268752	277268744	0.0
277268753	277268744	0.0
277268754	277268744	0.0
277268755	277268744	0.0
277268756	277268744	0.0
277747303	277268744	4.0
277747304	277268744	4.0
277747308	277268744	4.0
365518739	277268744	4.0
643861443	277268744	4.0
182916835	277268744	3.0
182916836	277268744	3.0
182916838	277268744	2.0
182916839	277268744	3.0
182916840	277268744	3.0
182917382	277268744	3.0
182918142	277268744	3.0
182921095	277268744	3.0
182927474	277268744	3.0
277736454	277268744	4.0
570789604	277268744	3.0
316222665	277268744	4.0
275269245	277268744	4.0
275276736	277268744	4.0
275298529	277268744	4.0
275299514	277268744	4.0
275317517	277268744	4.0
255480856	277268744	3.0
562642205	277268744	4.0
255477273	277268744	3.0
255480858	277268744	4.0
255480859	277268744	4.0
275300135	277268744	3.0
365518741	277268744	4.0
255477256	277268744	3.0
255477267	277268744	3.0
255477271	277268744	3.0
423896820	277268744	3.0
565419878	277268744	3.0
577984855	277268744	4.0
310891343	277268744	4.0
316153085	277268744	4.0
275299560	277268744	4.0
275323619	277268744	4.0
275299524	277268744	4.0
275300098	277268744	4.0
275300099	277268744	3.0
643861449	277268744	4.0
275296308	277268744	4.0
275314496	277268744	4.0
275276994	277268744	4.0
275276735	277268744	4.0
275314820	277268744	4.0
275313987	277268744	4.0
275317414	277268744	4.0
277268745	277268745	0
277268746	277268745	0.0
277268747	277268745	0.0
277268748	277268745	0.0
277268749	277268745	0.0
277268750	277268745	0.0
277268751	277268745	0.0
277268752	277268745	0.0
277268753	277268745	0.0
277268754	277268745	0.0
277268755	277268745	0.0
277268756	277268745	0.0
277747303	277268745	4.0
277747304	277268745	4.0
277747308	277268745	4.0
365518739	277268745	4.0
643861443	277268745	4.0
182916835	277268745	3.0
182916836	277268745	3.0
182916838	277268745	2.0
182916839	277268745	3.0
182916840	277268745	3.0
182917382	277268745	2.0
182918142	277268745	2.0
182921095	277268745	3.0
182927474	277268745	3.0
277736454	277268745	4.0
570789604	277268745	3.0
316222665	277268745	4.0
275269245	277268745	4.0
275276736	277268745	4.0
275298529	277268745	4.0
275299514	277268745	4.0
275317517	277268745	4.0
255480856	277268745	3.0
562642205	277268745	4.0
255477273	277268745	3.0
255480858	277268745	4.0
255480859	277268745	4.0
275300135	277268745	3.0
365518741	277268745	4.0
255477256	277268745	3.0
255477267	277268745	3.0
255477271	277268745	3.0
423896820	277268745	3.0
565419878	277268745	3.0
577984855	277268745	4.0
310891343	277268745	4.0
316153085	277268745	4.0
275299560	277268745	4.0
275323619	277268745	4.0
275299524	277268745	4.0
275300098	277268745	4.0
275300099	277268745	3.0
643861449	277268745	4.0
275296308	277268745	4.0
275314496	277268745	4.0
275276994	277268745	4.0
275276735	277268745	4.0
275314820	277268745	4.0
275313987	277268745	4.0
275317414	277268745	4.0
277268746	277268746	0
277268747	277268746	0.0
277268748	277268746	0.0
277268749	277268746	0.0
277268750	277268746	0.0
277268751	277268746	0.0
277268752	277268746	0.0
277268753	277268746	0.0
277268754	277268746	0.0
277268755	277268746	0.0
277268756	277268746	0.0
277747303	277268746	4.0
277747304	277268746	4.0
277747308	277268746	4.0
365518739	277268746	4.0
643861443	277268746	4.0
182916835	277268746	3.0
182916836	277268746	3.0
182916838	277268746	2.0
182916839	277268746	3.0
182916840	277268746	3.0
182917382	277268746	2.0
182918142	277268746	2.0
182921095	277268746	3.0
182927474	277268746	3.0
277736454	277268746	4.0
570789604	277268746	3.0
316222665	277268746	4.0
275269245	277268746	4.0
275276736	277268746	4.0
275298529	277268746	4.0
275299514	277268746	4.0
275317517	277268746	4.0
255480856	277268746	3.0
562642205	277268746	4.0
255477273	277268746	3.0
255480858	277268746	4.0
255480859	277268746	4.0
275300135	277268746	3.0
365518741	277268746	4.0
255477256	277268746	3.0
255477267	277268746	3.0
255477271	277268746	3.0
423896820	277268746	3.0
565419878	277268746	3.0
577984855	277268746	4.0
310891343	277268746	4.0
316153085	277268746	4.0
275299560	277268746	4.0
275323619	277268746	4.0
275299524	277268746	4.0
275300098	277268746	4.0
275300099	277268746	3.0
643861449	277268746	4.0
275296308	277268746	4.0
275314496	277268746	4.0
275276994	277268746	4.0
275276735	277268746	4.0
275314820	277268746	4.0
275313987	277268746	4.0
275317414	277268746	4.0
277268747	277268747	0
277268748	277268747	0.0
277268749	277268747	0.0
277268750	277268747	0.0
277268751	277268747	0.0
277268752	277268747	0.0
277268753	277268747	0.0
277268754	277268747	0.0
277268755	277268747	0.0
277268756	277268747	0.0
277747303	277268747	4.0
277747304	277268747	4.0
277747308	277268747	4.0
365518739	277268747	4.0
643861443	277268747	4.0
182916835	277268747	3.0
182916836	277268747	3.0
182916838	277268747	2.0
182916839	277268747	3.0
182916840	277268747	3.0
182917382	277268747	2.0
182918142	277268747	2.0
182921095	277268747	3.0
182927474	277268747	3.0
277736454	277268747	4.0
570789604	277268747	3.0
316222665	277268747	4.0
275269245	277268747	4.0
275276736	277268747	4.0
275298529	277268747	4.0
275299514	277268747	4.0
275317517	277268747	4.0
255480856	277268747	3.0
562642205	277268747	4.0
255477273	277268747	3.0
255480858	277268747	4.0
255480859	277268747	4.0
275300135	277268747	3.0
365518741	277268747	4.0
255477256	277268747	3.0
255477267	277268747	3.0
255477271	277268747	3.0
423896820	277268747	3.0
565419878	277268747	3.0
577984855	277268747	4.0
310891343	277268747	4.0
316153085	277268747	4.0
275299560	277268747	4.0
275323619	277268747	4.0
275299524	277268747	4.0
275300098	277268747	4.0
275300099	277268747	3.0
643861449	277268747	4.0
275296308	277268747	4.0
275314496	277268747	4.0
275276994	277268747	4.0
275276735	277268747	4.0
275314820	277268747	4.0
275313987	277268747	4.0
275317414	277268747	4.0
277268748	277268748	0
277268749	277268748	0.0
277268750	277268748	0.0
277268751	277268748	0.0
277268752	277268748	0.0
277268753	277268748	0.0
277268754	277268748	0.0
277268755	277268748	0.0
277268756	277268748	0.0
277747303	277268748	4.0
277747304	277268748	4.0
277747308	277268748	4.0
365518739	277268748	4.0
643861443	277268748	4.0
182916835	277268748	3.0
182916836	277268748	3.0
182916838	277268748	2.0
182916839	277268748	3.0
182916840	277268748	3.0
182917382	277268748	2.0
182918142	277268748	2.0
182921095	277268748	3.0
182927474	277268748	3.0
277736454	277268748	4.0
570789604	277268748	3.0
316222665	277268748	4.0
275269245	277268748	4.0
275276736	277268748	4.0
275298529	277268748	4.0
275299514	277268748	4.0
275317517	277268748	4.0
255480856	277268748	3.0
562642205	277268748	4.0
255477273	277268748	3.0
255480858	277268748	4.0
255480859	277268748	4.0
275300135	277268748	3.0
365518741	277268748	4.0
255477256	277268748	3.0
255477267	277268748	3.0
255477271	277268748	3.0
423896820	277268748	3.0
565419878	277268748	3.0
577984855	277268748	4.0
310891343	277268748	4.0
316153085	277268748	4.0
275299560	277268748	4.0
275323619	277268748	4.0
275299524	277268748	4.0
275300098	277268748	4.0
275300099	277268748	3.0
643861449	277268748	4.0
275296308	277268748	4.0
275314496	277268748	4.0
275276994	277268748	4.0
275276735	277268748	4.0
275314820	277268748	4.0
275313987	277268748	4.0
275317414	277268748	4.0
277268749	277268749	0
277268750	277268749	0.0
277268751	277268749	0.0
277268752	277268749	0.0
277268753	277268749	0.0
277268754	277268749	0.0
277268755	277268749	0.0
277268756	277268749	0.0
277747303	277268749	4.0
277747304	277268749	4.0
277747308	277268749	4.0
365518739	277268749	4.0
643861443	277268749	4.0
182916835	277268749	3.0
182916836	277268749	3.0
182916838	277268749	2.0
182916839	277268749	3.0
182916840	277268749	3.0
182917382	277268749	2.0
182918142	277268749	2.0
182921095	277268749	3.0
182927474	277268749	3.0
277736454	277268749	4.0
570789604	277268749	3.0
316222665	277268749	4.0
275269245	277268749	4.0
275276736	277268749	4.0
275298529	277268749	4.0
275299514	277268749	4.0
275317517	277268749	4.0
255480856	277268749	3.0
562642205	277268749	4.0
255477273	277268749	3.0
255480858	277268749	4.0
255480859	277268749	4.0
275300135	277268749	3.0
365518741	277268749	4.0
255477256	277268749	3.0
255477267	277268749	3.0
255477271	277268749	3.0
423896820	277268749	3.0
565419878	277268749	3.0
577984855	277268749	4.0
310891343	277268749	4.0
316153085	277268749	4.0
275299560	277268749	4.0
275323619	277268749	4.0
275299524	277268749	4.0
275300098	277268749	4.0
275300099	277268749	3.0
643861449	277268749	4.0
275296308	277268749	4.0
275314496	277268749	4.0
275276994	277268749	4.0
275276735	277268749	4.0
275314820	277268749	4.0
275313987	277268749	4.0
275317414	277268749	4.0
277268750	277268750	0
277268751	277268750	0.0
277268752	277268750	0.0
277268753	277268750	0.0
277268754	277268750	0.0
277268755	277268750	0.0
277268756	277268750	0.0
277747303	277268750	4.0
277747304	277268750	4.0
277747308	277268750	4.0
365518739	277268750	4.0
643861443	277268750	4.0
182916835	277268750	3.0
182916836	277268750	3.0
182916838	277268750	2.0
182916839	277268750	3.0
182916840	277268750	3.0
182917382	277268750	2.0
182918142	277268750	2.0
182921095	277268750	3.0
182927474	277268750	3.0
277736454	277268750	4.0
570789604	277268750	3.0
316222665	277268750	4.0
275269245	277268750	4.0
275276736	277268750	4.0
275298529	277268750	4.0
275299514	277268750	4.0
275317517	277268750	4.0
255480856	277268750	3.0
562642205	277268750	4.0
255477273	277268750	3.0
255480858	277268750	4.0
255480859	277268750	4.0
275300135	277268750	3.0
365518741	277268750	4.0
255477256	277268750	3.0
255477267	277268750	3.0
255477271	277268750	3.0
423896820	277268750	3.0
565419878	277268750	3.0
577984855	277268750	4.0
310891343	277268750	4.0
316153085	277268750	4.0
275299560	277268750	4.0
275323619	277268750	4.0
275299524	277268750	4.0
275300098	277268750	4.0
275300099	277268750	3.0
643861449	277268750	4.0
275296308	277268750	4.0
275314496	277268750	4.0
275276994	277268750	4.0
275276735	277268750	4.0
275314820	277268750	4.0
275313987	277268750	4.0
275317414	277268750	4.0
277268751	277268751	0
277268752	277268751	0.0
277268753	277268751	0.0
277268754	277268751	0.0
277268755	277268751	0.0
277268756	277268751	0.0
277747303	277268751	4.0
277747304	277268751	4.0
277747308	277268751	4.0
365518739	277268751	4.0
643861443	277268751	4.0
182916835	277268751	3.0
182916836	277268751	3.0
182916838	277268751	2.0
182916839	277268751	3.0
182916840	277268751	3.0
182917382	277268751	2.0
182918142	277268751	2.0
182921095	277268751	3.0
182927474	277268751	3.0
277736454	277268751	4.0
570789604	277268751	3.0
316222665	277268751	4.0
275269245	277268751	4.0
275276736	277268751	4.0
275298529	277268751	4.0
275299514	277268751	4.0
275317517	277268751	4.0
255480856	277268751	3.0
562642205	277268751	4.0
255477273	277268751	3.0
255480858	277268751	4.0
255480859	277268751	4.0
275300135	277268751	3.0
365518741	277268751	4.0
255477256	277268751	3.0
255477267	277268751	3.0
255477271	277268751	3.0
423896820	277268751	3.0
565419878	277268751	3.0
577984855	277268751	4.0
310891343	277268751	4.0
316153085	277268751	4.0
275299560	277268751	4.0
275323619	277268751	4.0
275299524	277268751	4.0
275300098	277268751	4.0
275300099	277268751	3.0
643861449	277268751	4.0
275296308	277268751	4.0
275314496	277268751	4.0
275276994	277268751	4.0
275276735	277268751	4.0
275314820	277268751	4.0
275313987	277268751	4.0
275317414	277268751	4.0
277268752	277268752	0
277268753	277268752	0.0
277268754	277268752	0.0
277268755	277268752	0.0
277268756	277268752	0.0
277747303	277268752	4.0
277747304	277268752	4.0
277747308	277268752	4.0
365518739	277268752	4.0
643861443	277268752	4.0
182916835	277268752	3.0
182916836	277268752	3.0
182916838	277268752	2.0
182916839	277268752	3.0
182916840	277268752	3.0
182917382	277268752	2.0
182918142	277268752	2.0
182921095	277268752	3.0
182927474	277268752	3.0
277736454	277268752	4.0
570789604	277268752	3.0
316222665	277268752	4.0
275269245	277268752	4.0
275276736	277268752	4.0
275298529	277268752	4.0
275299514	277268752	4.0
275317517	277268752	4.0
255480856	277268752	3.0
562642205	277268752	4.0
255477273	277268752	3.0
255480858	277268752	4.0
255480859	277268752	4.0
275300135	277268752	3.0
365518741	277268752	4.0
255477256	277268752	3.0
255477267	277268752	3.0
255477271	277268752	3.0
423896820	277268752	3.0
565419878	277268752	3.0
577984855	277268752	4.0
310891343	277268752	4.0
316153085	277268752	4.0
275299560	277268752	4.0
275323619	277268752	4.0
275299524	277268752	4.0
275300098	277268752	4.0
275300099	277268752	3.0
643861449	277268752	4.0
275296308	277268752	4.0
275314496	277268752	4.0
275276994	277268752	4.0
275276735	277268752	4.0
275314820	277268752	4.0
275313987	277268752	4.0
275317414	277268752	4.0
277268753	277268753	0
277268754	277268753	0.0
277268755	277268753	0.0
277268756	277268753	0.0
277747303	277268753	4.0
277747304	277268753	4.0
277747308	277268753	4.0
365518739	277268753	4.0
643861443	277268753	4.0
182916835	277268753	3.0
182916836	277268753	3.0
182916838	277268753	2.0
182916839	277268753	3.0
182916840	277268753	3.0
182917382	277268753	2.0
182918142	277268753	2.0
182921095	277268753	3.0
182927474	277268753	3.0
277736454	277268753	3.0
570789604	277268753	3.0
316222665	277268753	4.0
275269245	277268753	4.0
275276736	277268753	4.0
275298529	277268753	4.0
275299514	277268753	4.0
275317517	277268753	4.0
255480856	277268753	3.0
562642205	277268753	4.0
255477273	277268753	3.0
255480858	277268753	3.0
255480859	277268753	4.0
275300135	277268753	3.0
365518741	277268753	4.0
255477256	277268753	3.0
255477267	277268753	3.0
255477271	277268753	3.0
423896820	277268753	3.0
565419878	277268753	3.0
577984855	277268753	4.0
310891343	277268753	4.0
316153085	277268753	4.0
275299560	277268753	4.0
275323619	277268753	4.0
275299524	277268753	4.0
275300098	277268753	3.0
275300099	277268753	3.0
643861449	277268753	4.0
275296308	277268753	4.0
275314496	277268753	4.0
275276994	277268753	4.0
275276735	277268753	4.0
275314820	277268753	4.0
275313987	277268753	4.0
275317414	277268753	4.0
277268754	277268754	0
277268755	277268754	0.0
277268756	277268754	0.0
277747303	277268754	4.0
277747304	277268754	4.0
277747308	277268754	4.0
365518739	277268754	4.0
643861443	277268754	4.0
182916835	277268754	3.0
182916836	277268754	3.0
182916838	277268754	2.0
182916839	277268754	3.0
182916840	277268754	3.0
182917382	277268754	2.0
182918142	277268754	2.0
182921095	277268754	3.0
182927474	277268754	3.0
277736454	277268754	3.0
570789604	277268754	3.0
316222665	277268754	4.0
275269245	277268754	4.0
275276736	277268754	4.0
275298529	277268754	4.0
275299514	277268754	4.0
275317517	277268754	4.0
255480856	277268754	3.0
562642205	277268754	4.0
255477273	277268754	3.0
255480858	277268754	3.0
255480859	277268754	4.0
275300135	277268754	3.0
365518741	277268754	4.0
255477256	277268754	3.0
255477267	277268754	3.0
255477271	277268754	3.0
423896820	277268754	3.0
565419878	277268754	3.0
577984855	277268754	4.0
310891343	277268754	4.0
316153085	277268754	4.0
275299560	277268754	4.0
275323619	277268754	4.0
275299524	277268754	4.0
275300098	277268754	3.0
275300099	277268754	3.0
643861449	277268754	4.0
275296308	277268754	4.0
275314496	277268754	4.0
275276994	277268754	4.0
275276735	277268754	4.0
275314820	277268754	4.0
275313987	277268754	4.0
275317414	277268754	4.0
277268755	277268755	0
277268756	277268755	0.0
277747303	277268755	4.0
277747304	277268755	4.0
277747308	277268755	4.0
365518739	277268755	4.0
643861443	277268755	4.0
182916835	277268755	3.0
182916836	277268755	3.0
182916838	277268755	2.0
182916839	277268755	3.0
182916840	277268755	3.0
182917382	277268755	2.0
182918142	277268755	2.0
182921095	277268755	3.0
182927474	277268755	3.0
277736454	277268755	3.0
570789604	277268755	3.0
316222665	277268755	4.0
275269245	277268755	4.0
275276736	277268755	4.0
275298529	277268755	4.0
275299514	277268755	4.0
275317517	277268755	4.0
255480856	277268755	3.0
562642205	277268755	4.0
255477273	277268755	3.0
255480858	277268755	3.0
255480859	277268755	4.0
275300135	277268755	3.0
365518741	277268755	4.0
255477256	277268755	3.0
255477267	277268755	3.0
255477271	277268755	3.0
423896820	277268755	3.0
565419878	277268755	3.0
577984855	277268755	4.0
310891343	277268755	4.0
316153085	277268755	4.0
275299560	277268755	4.0
275323619	277268755	4.0
275299524	277268755	4.0
275300098	277268755	3.0
275300099	277268755	3.0
643861449	277268755	4.0
275296308	277268755	4.0
275314496	277268755	4.0
275276994	277268755	4.0
275276735	277268755	4.0
275314820	277268755	4.0
275313987	277268755	4.0
275317414	277268755	4.0
277268756	277268756	0
277747303	277268756	4.0
277747304	277268756	4.0
277747308	277268756	4.0
365518739	277268756	4.0
643861443	277268756	4.0
182916835	277268756	3.0
182916836	277268756	3.0
182916838	277268756	2.0
182916839	277268756	3.0
182916840	277268756	3.0
182917382	277268756	2.0
182918142	277268756	2.0
182921095	277268756	3.0
182927474	277268756	3.0
277736454	277268756	3.0
570789604	277268756	3.0
316222665	277268756	4.0
275269245	277268756	4.0
275276736	277268756	4.0
275298529	277268756	4.0
275299514	277268756	4.0
275317517	277268756	4.0
255480856	277268756	3.0
562642205	277268756	4.0
255477273	277268756	3.0
255480858	277268756	3.0
255480859	277268756	4.0
275300135	277268756	3.0
365518741	277268756	4.0
255477256	277268756	3.0
255477267	277268756	3.0
255477271	277268756	3.0
423896820	277268756	3.0
565419878	277268756	3.0
577984855	277268756	4.0
310891343	277268756	4.0
316153085	277268756	4.0
275299560	277268756	4.0
275323619	277268756	4.0
275299524	277268756	4.0
275300098	277268756	3.0
275300099	277268756	3.0
643861449	277268756	4.0
275296308	277268756	4.0
275314496	277268756	4.0
275276994	277268756	4.0
275276735	277268756	4.0
275314820	277268756	4.0
275313987	277268756	4.0
275317414	277268756	4.0
277747303	277747303	0
277747304	277747303	2.0
277747308	277747303	0.0
365518739	277747303	3.0
643861443	277747303	0.0
182916835	277747303	4.0
182916836	277747303	3.0
182916838	277747303	3.0
182916839	277747303	3.0
182916840	277747303	3.0
182917382	277747303	3.0
182918142	277747303	3.0
182921095	277747303	3.0
182927474	277747303	3.0
277736454	277747303	3.0
570789604	277747303	3.0
316222665	277747303	4.0
275269245	277747303	2.0
275276736	277747303	3.0
275298529	277747303	3.0
275299514	277747303	1.0
275317517	277747303	4.0
255480856	277747303	3.0
562642205	277747303	3.0
255477273	277747303	2.0
255480858	277747303	2.0
255480859	277747303	2.0
275300135	277747303	2.0
365518741	277747303	0.0
255477256	277747303	3.0
255477267	277747303	3.0
255477271	277747303	3.0
423896820	277747303	3.0
565419878	277747303	3.0
577984855	277747303	3.0
310891343	277747303	4.0
316153085	277747303	3.0
275299560	277747303	1.0
275323619	277747303	3.0
275299524	277747303	1.0
275300098	277747303	2.0
275300099	277747303	3.0
643861449	277747303	1.0
275296308	277747303	3.0
275314496	277747303	3.0
275276994	277747303	2.0
275276735	277747303	3.0
275314820	277747303	3.0
275313987	277747303	3.0
275317414	277747303	4.0
277747304	277747304	0
277747308	277747304	2.0
365518739	277747304	3.0
643861443	277747304	2.0
182916835	277747304	3.0
182916836	277747304	2.0
182916838	277747304	3.0
182916839	277747304	2.0
182916840	277747304	3.0
182917382	277747304	3.0
182918142	277747304	3.0
182921095	277747304	3.0
182927474	277747304	3.0
277736454	277747304	3.0
570789604	277747304	2.0
316222665	277747304	4.0
275269245	277747304	3.0
275276736	277747304	3.0
275298529	277747304	3.0
275299514	277747304	1.0
275317517	277747304	4.0
255480856	277747304	3.0
562642205	277747304	3.0
255477273	277747304	1.0
255480858	277747304	1.0
255480859	277747304	2.0
275300135	277747304	2.0
365518741	277747304	2.0
255477256	277747304	2.0
255477267	277747304	3.0
255477271	277747304	3.0
423896820	277747304	3.0
565419878	277747304	3.0
577984855	277747304	3.0
310891343	277747304	4.0
316153085	277747304	3.0
275299560	277747304	1.0
275323619	277747304	4.0
275299524	277747304	2.0
275300098	277747304	2.0
275300099	277747304	3.0
643861449	277747304	2.0
275296308	277747304	3.0
275314496	277747304	3.0
275276994	277747304	3.0
275276735	277747304	4.0
275314820	277747304	3.0
275313987	277747304	3.0
275317414	277747304	4.0
277747308	277747308	0
365518739	277747308	3.0
643861443	277747308	0.0
182916835	277747308	4.0
182916836	277747308	3.0
182916838	277747308	3.0
182916839	277747308	3.0
182916840	277747308	3.0
182917382	277747308	3.0
182918142	277747308	3.0
182921095	277747308	3.0
182927474	277747308	3.0
277736454	277747308	3.0
570789604	277747308	3.0
316222665	277747308	4.0
275269245	277747308	2.0
275276736	277747308	3.0
275298529	277747308	3.0
275299514	277747308	1.0
275317517	277747308	4.0
255480856	277747308	3.0
562642205	277747308	3.0
255477273	277747308	2.0
255480858	277747308	2.0
255480859	277747308	2.0
275300135	277747308	2.0
365518741	277747308	0.0
255477256	277747308	3.0
255477267	277747308	3.0
255477271	277747308	3.0
423896820	277747308	3.0
565419878	277747308	3.0
577984855	277747308	3.0
310891343	277747308	4.0
316153085	277747308	3.0
275299560	277747308	1.0
275323619	277747308	3.0
275299524	277747308	1.0
275300098	277747308	2.0
275300099	277747308	3.0
643861449	277747308	1.0
275296308	277747308	3.0
275314496	277747308	3.0
275276994	277747308	3.0
275276735	277747308	3.0
275314820	277747308	3.0
275313987	277747308	3.0
275317414	277747308	4.0
365518739	365518739	0
643861443	365518739	3.0
182916835	365518739	4.0
182916836	365518739	3.0
182916838	365518739	4.0
182916839	365518739	4.0
182916840	365518739	4.0
182917382	365518739	4.0
182918142	365518739	4.0
182921095	365518739	4.0
182927474	365518739	4.0
277736454	365518739	3.0
570789604	365518739	3.0
316222665	365518739	3.0
275269245	365518739	3.0
275276736	365518739	3.0
275298529	365518739	2.0
275299514	365518739	3.0
275317517	365518739	3.0
255480856	365518739	4.0
562642205	365518739	3.0
255477273	365518739	4.0
255480858	365518739	4.0
255480859	365518739	3.0
275300135	365518739	4.0
365518741	365518739	3.0
255477256	365518739	4.0
255477267	365518739	4.0
255477271	365518739	4.0
423896820	365518739	4.0
565419878	365518739	3.0
577984855	365518739	3.0
310891343	365518739	3.0
316153085	365518739	2.0
275299560	365518739	3.0
275323619	365518739	2.0
275299524	365518739	3.0
275300098	365518739	3.0
275300099	365518739	4.0
643861449	365518739	3.0
275296308	365518739	3.0
275314496	365518739	2.0
275276994	365518739	3.0
275276735	365518739	3.0
275314820	365518739	2.0
275313987	365518739	3.0
275317414	365518739	3.0
643861443	643861443	0
182916835	643861443	4.0
182916836	643861443	3.0
182916838	643861443	3.0
182916839	643861443	3.0
182916840	643861443	3.0
182917382	643861443	3.0
182918142	643861443	3.0
182921095	643861443	3.0
182927474	643861443	3.0
277736454	643861443	3.0
570789604	643861443	3.0
316222665	643861443	4.0
275269245	643861443	2.0
275276736	643861443	3.0
275298529	643861443	3.0
275299514	643861443	2.0
275317517	643861443	4.0
255480856	643861443	4.0
562642205	643861443	3.0
255477273	643861443	3.0
255480858	643861443	2.0
255480859	643861443	3.0
275300135	643861443	2.0
365518741	643861443	0.0
255477256	643861443	3.0
255477267	643861443	3.0
255477271	643861443	3.0
423896820	643861443	3.0
565419878	643861443	3.0
577984855	643861443	3.0
310891343	643861443	4.0
316153085	643861443	3.0
275299560	643861443	2.0
275323619	643861443	3.0
275299524	643861443	1.0
275300098	643861443	2.0
275300099	643861443	3.0
643861449	643861443	1.0
275296308	643861443	3.0
275314496	643861443	3.0
275276994	643861443	3.0
275276735	643861443	4.0
275314820	643861443	3.0
275313987	643861443	3.0
275317414	643861443	4.0
182916835	182916835	0
182916836	182916835	2.0
182916838	182916835	0.0
182916839	182916835	2.0
182916840	182916835	2.0
182917382	182916835	1.0
182918142	182916835	1.0
182921095	182916835	2.0
182927474	182916835	2.0
277736454	182916835	3.0
570789604	182916835	3.0
316222665	182916835	4.0
275269245	182916835	4.0
275276736	182916835	4.0
275298529	182916835	4.0
275299514	182916835	3.0
275317517	182916835	4.0
255480856	182916835	3.0
562642205	182916835	4.0
255477273	182916835	3.0
255480858	182916835	3.0
255480859	182916835	3.0
275300135	182916835	3.0
365518741	182916835	4.0
255477256	182916835	2.0
255477267	182916835	3.0
255477271	182916835	4.0
423896820	182916835	1.0
565419878	182916835	3.0
577984855	182916835	3.0
310891343	182916835	4.0
316153085	182916835	4.0
275299560	182916835	4.0
275323619	182916835	4.0
275299524	182916835	4.0
275300098	182916835	3.0
275300099	182916835	3.0
643861449	182916835	4.0
275296308	182916835	4.0
275314496	182916835	4.0
275276994	182916835	4.0
275276735	182916835	4.0
275314820	182916835	3.0
275313987	182916835	4.0
275317414	182916835	4.0
182916836	182916836	0
182916838	182916836	1.0
182916839	182916836	3.0
182916840	182916836	3.0
182917382	182916836	1.0
182918142	182916836	1.0
182921095	182916836	3.0
182927474	182916836	2.0
277736454	182916836	3.0
570789604	182916836	1.0
316222665	182916836	4.0
275269245	182916836	4.0
275276736	182916836	4.0
275298529	182916836	4.0
275299514	182916836	3.0
275317517	182916836	4.0
255480856	182916836	3.0
562642205	182916836	4.0
255477273	182916836	2.0
255480858	182916836	3.0
255480859	182916836	3.0
275300135	182916836	2.0
365518741	182916836	3.0
255477256	182916836	3.0
255477267	182916836	3.0
255477271	182916836	3.0
423896820	182916836	2.0
565419878	182916836	2.0
577984855	182916836	2.0
310891343	182916836	4.0
316153085	182916836	3.0
275299560	182916836	3.0
275323619	182916836	3.0
275299524	182916836	3.0
275300098	182916836	3.0
275300099	182916836	3.0
643861449	182916836	3.0
275296308	182916836	4.0
275314496	182916836	3.0
275276994	182916836	4.0
275276735	182916836	4.0
275314820	182916836	3.0
275313987	182916836	3.0
275317414	182916836	4.0
182916838	182916838	0
182916839	182916838	2.0
182916840	182916838	2.0
182917382	182916838	0.0
182918142	182916838	0.0
182921095	182916838	2.0
182927474	182916838	2.0
277736454	182916838	3.0
570789604	182916838	2.0
316222665	182916838	4.0
275269245	182916838	4.0
275276736	182916838	4.0
275298529	182916838	4.0
275299514	182916838	3.0
275317517	182916838	4.0
255480856	182916838	2.0
562642205	182916838	4.0
255477273	182916838	3.0
255480858	182916838	3.0
255480859	182916838	3.0
275300135	182916838	3.0
365518741	182916838	3.0
255477256	182916838	2.0
255477267	182916838	2.0
255477271	182916838	3.0
423896820	182916838	2.0
565419878	182916838	2.0
577984855	182916838	3.0
310891343	182916838	4.0
316153085	182916838	4.0
275299560	182916838	4.0
275323619	182916838	3.0
275299524	182916838	3.0
275300098	182916838	3.0
275300099	182916838	3.0
643861449	182916838	3.0
275296308	182916838	4.0
275314496	182916838	3.0
275276994	182916838	4.0
275276735	182916838	4.0
275314820	182916838	3.0
275313987	182916838	3.0
275317414	182916838	4.0
182916839	182916839	0
182916840	182916839	0.0
182917382	182916839	2.0
182918142	182916839	2.0
182921095	182916839	0.0
182927474	182916839	0.0
277736454	182916839	3.0
570789604	182916839	2.0
316222665	182916839	4.0
275269245	182916839	3.0
275276736	182916839	4.0
275298529	182916839	4.0
275299514	182916839	3.0
275317517	182916839	4.0
255480856	182916839	3.0
562642205	182916839	4.0
255477273	182916839	2.0
255480858	182916839	2.0
255480859	182916839	2.0
275300135	182916839	2.0
365518741	182916839	3.0
255477256	182916839	0.0
255477267	182916839	3.0
255477271	182916839	2.0
423896820	182916839	2.0
565419878	182916839	3.0
577984855	182916839	3.0
310891343	182916839	4.0
316153085	182916839	4.0
275299560	182916839	3.0
275323619	182916839	4.0
275299524	182916839	3.0
275300098	182916839	2.0
275300099	182916839	2.0
643861449	182916839	3.0
275296308	182916839	4.0
275314496	182916839	4.0
275276994	182916839	4.0
275276735	182916839	4.0
275314820	182916839	4.0
275313987	182916839	4.0
275317414	182916839	4.0
182916840	182916840	0
182917382	182916840	2.0
182918142	182916840	2.0
182921095	182916840	0.0
182927474	182916840	0.0
277736454	182916840	3.0
570789604	182916840	2.0
316222665	182916840	4.0
275269245	182916840	3.0
275276736	182916840	4.0
275298529	182916840	4.0
275299514	182916840	3.0
275317517	182916840	4.0
255480856	182916840	3.0
562642205	182916840	4.0
255477273	182916840	2.0
255480858	182916840	2.0
255480859	182916840	2.0
275300135	182916840	2.0
365518741	182916840	3.0
255477256	182916840	0.0
255477267	182916840	3.0
255477271	182916840	4.0
423896820	182916840	2.0
565419878	182916840	3.0
577984855	182916840	3.0
310891343	182916840	4.0
316153085	182916840	4.0
275299560	182916840	3.0
275323619	182916840	4.0
275299524	182916840	3.0
275300098	182916840	2.0
275300099	182916840	1.0
643861449	182916840	3.0
275296308	182916840	4.0
275314496	182916840	4.0
275276994	182916840	4.0
275276735	182916840	4.0
275314820	182916840	4.0
275313987	182916840	4.0
275317414	182916840	4.0
182917382	182917382	0
182918142	182917382	0.0
182921095	182917382	2.0
182927474	182917382	2.0
277736454	182917382	3.0
570789604	182917382	2.0
316222665	182917382	4.0
275269245	182917382	4.0
275276736	182917382	4.0
275298529	182917382	4.0
275299514	182917382	3.0
275317517	182917382	4.0
255480856	182917382	3.0
562642205	182917382	4.0
255477273	182917382	3.0
255480858	182917382	3.0
255480859	182917382	3.0
275300135	182917382	3.0
365518741	182917382	3.0
255477256	182917382	3.0
255477267	182917382	2.0
255477271	182917382	3.0
423896820	182917382	2.0
565419878	182917382	2.0
577984855	182917382	3.0
310891343	182917382	4.0
316153085	182917382	3.0
275299560	182917382	3.0
275323619	182917382	3.0
275299524	182917382	3.0
275300098	182917382	3.0
275300099	182917382	3.0
643861449	182917382	4.0
275296308	182917382	4.0
275314496	182917382	3.0
275276994	182917382	4.0
275276735	182917382	4.0
275314820	182917382	3.0
275313987	182917382	3.0
275317414	182917382	4.0
182918142	182918142	0
182921095	182918142	2.0
182927474	182918142	2.0
277736454	182918142	3.0
570789604	182918142	2.0
316222665	182918142	4.0
275269245	182918142	4.0
275276736	182918142	4.0
275298529	182918142	4.0
275299514	182918142	3.0
275317517	182918142	4.0
255480856	182918142	3.0
562642205	182918142	4.0
255477273	182918142	3.0
255480858	182918142	3.0
255480859	182918142	3.0
275300135	182918142	3.0
365518741	182918142	3.0
255477256	182918142	3.0
255477267	182918142	2.0
255477271	182918142	3.0
423896820	182918142	2.0
565419878	182918142	2.0
577984855	182918142	3.0
310891343	182918142	4.0
316153085	182918142	3.0
275299560	182918142	3.0
275323619	182918142	3.0
275299524	182918142	3.0
275300098	182918142	3.0
275300099	182918142	3.0
643861449	182918142	4.0
275296308	182918142	4.0
275314496	182918142	3.0
275276994	182918142	4.0
275276735	182918142	4.0
275314820	182918142	3.0
275313987	182918142	3.0
275317414	182918142	4.0
182921095	182921095	0
182927474	182921095	0.0
277736454	182921095	3.0
570789604	182921095	2.0
316222665	182921095	4.0
275269245	182921095	3.0
275276736	182921095	4.0
275298529	182921095	4.0
275299514	182921095	3.0
275317517	182921095	4.0
255480856	182921095	3.0
562642205	182921095	4.0
255477273	182921095	2.0
255480858	182921095	2.0
255480859	182921095	2.0
275300135	182921095	2.0
365518741	182921095	3.0
255477256	182921095	0.0
255477267	182921095	3.0
255477271	182921095	4.0
423896820	182921095	2.0
565419878	182921095	3.0
577984855	182921095	3.0
310891343	182921095	4.0
316153085	182921095	4.0
275299560	182921095	3.0
275323619	182921095	4.0
275299524	182921095	3.0
275300098	182921095	2.0
275300099	182921095	1.0
643861449	182921095	3.0
275296308	182921095	4.0
275314496	182921095	4.0
275276994	182921095	4.0
275276735	182921095	4.0
275314820	182921095	4.0
275313987	182921095	4.0
275317414	182921095	4.0
182927474	182927474	0
277736454	182927474	4.0
570789604	182927474	2.0
316222665	182927474	4.0
275269245	182927474	3.0
275276736	182927474	4.0
275298529	182927474	4.0
275299514	182927474	3.0
275317517	182927474	4.0
255480856	182927474	2.0
562642205	182927474	4.0
255477273	182927474	2.0
255480858	182927474	2.0
255480859	182927474	3.0
275300135	182927474	2.0
365518741	182927474	3.0
255477256	182927474	0.0
255477267	182927474	2.0
255477271	182927474	3.0
423896820	182927474	1.0
565419878	182927474	3.0
577984855	182927474	3.0
310891343	182927474	4.0
316153085	182927474	4.0
275299560	182927474	3.0
275323619	182927474	4.0
275299524	182927474	3.0
275300098	182927474	3.0
275300099	182927474	2.0
643861449	182927474	3.0
275296308	182927474	4.0
275314496	182927474	4.0
275276994	182927474	4.0
275276735	182927474	4.0
275314820	182927474	4.0
275313987	182927474	4.0
275317414	182927474	4.0
277736454	277736454	0
570789604	277736454	3.0
316222665	277736454	4.0
275269245	277736454	4.0
275276736	277736454	4.0
275298529	277736454	4.0
275299514	277736454	3.0
275317517	277736454	4.0
255480856	277736454	4.0
562642205	277736454	4.0
255477273	277736454	3.0
255480858	277736454	3.0
255480859	277736454	3.0
275300135	277736454	3.0
365518741	277736454	3.0
255477256	277736454	3.0
255477267	277736454	4.0
255477271	277736454	3.0
423896820	277736454	2.0
565419878	277736454	2.0
577984855	277736454	3.0
310891343	277736454	4.0
316153085	277736454	3.0
275299560	277736454	3.0
275323619	277736454	3.0
275299524	277736454	4.0
275300098	277736454	3.0
275300099	277736454	4.0
643861449	277736454	3.0
275296308	277736454	4.0
275314496	277736454	3.0
275276994	277736454	4.0
275276735	277736454	4.0
275314820	277736454	3.0
275313987	277736454	3.0
275317414	277736454	4.0
570789604	570789604	0
316222665	570789604	4.0
275269245	570789604	3.0
275276736	570789604	3.0
275298529	570789604	4.0
275299514	570789604	2.0
275317517	570789604	4.0
255480856	570789604	3.0
562642205	570789604	4.0
255477273	570789604	1.0
255480858	570789604	2.0
255480859	570789604	2.0
275300135	570789604	2.0
365518741	570789604	3.0
255477256	570789604	2.0
255477267	570789604	3.0
255477271	570789604	2.0
423896820	570789604	2.0
565419878	570789604	2.0
577984855	570789604	3.0
310891343	570789604	4.0
316153085	570789604	3.0
275299560	570789604	2.0
275323619	570789604	3.0
275299524	570789604	3.0
275300098	570789604	2.0
275300099	570789604	3.0
643861449	570789604	3.0
275296308	570789604	4.0
275314496	570789604	3.0
275276994	570789604	3.0
275276735	570789604	4.0
275314820	570789604	3.0
275313987	570789604	3.0
275317414	570789604	4.0
316222665	316222665	0
275269245	316222665	4.0
275276736	316222665	3.0
275298529	316222665	2.0
275299514	316222665	4.0
275317517	316222665	2.0
255480856	316222665	4.0
562642205	316222665	4.0
255477273	316222665	4.0
255480858	316222665	4.0
255480859	316222665	4.0
275300135	316222665	4.0
365518741	316222665	4.0
255477256	316222665	4.0
255477267	316222665	4.0
255477271	316222665	4.0
423896820	316222665	4.0
565419878	316222665	3.0
577984855	316222665	3.0
310891343	316222665	2.0
316153085	316222665	1.0
275299560	316222665	4.0
275323619	316222665	2.0
275299524	316222665	4.0
275300098	316222665	4.0
275300099	316222665	4.0
643861449	316222665	4.0
275296308	316222665	3.0
275314496	316222665	1.0
275276994	316222665	4.0
275276735	316222665	3.0
275314820	316222665	2.0
275313987	316222665	2.0
275317414	316222665	2.0
275269245	275269245	0
275276736	275269245	2.0
275298529	275269245	3.0
275299514	275269245	2.0
275317517	275269245	4.0
255480856	275269245	3.0
562642205	275269245	2.0
255477273	275269245	3.0
255480858	275269245	2.0
255480859	275269245	2.0
275300135	275269245	2.0
365518741	275269245	2.0
255477256	275269245	3.0
255477267	275269245	3.0
255477271	275269245	3.0
423896820	275269245	3.0
565419878	275269245	4.0
577984855	275269245	4.0
310891343	275269245	4.0
316153085	275269245	4.0
275299560	275269245	1.0
275323619	275269245	4.0
275299524	275269245	0.0
275300098	275269245	2.0
275300099	275269245	4.0
643861449	275269245	1.0
275296308	275269245	3.0
275314496	275269245	4.0
275276994	275269245	2.0
275276735	275269245	3.0
275314820	275269245	3.0
275313987	275269245	4.0
275317414	275269245	4.0
275276736	275276736	0
275298529	275276736	3.0
275299514	275276736	2.0
275317517	275276736	3.0
255480856	275276736	4.0
562642205	275276736	1.0
255477273	275276736	3.0
255480858	275276736	4.0
255480859	275276736	3.0
275300135	275276736	3.0
365518741	275276736	3.0
255477256	275276736	4.0
255477267	275276736	3.0
255477271	275276736	4.0
423896820	275276736	4.0
565419878	275276736	4.0
577984855	275276736	4.0
310891343	275276736	3.0
316153085	275276736	3.0
275299560	275276736	2.0
275323619	275276736	4.0
275299524	275276736	2.0
275300098	275276736	3.0
275300099	275276736	4.0
643861449	275276736	2.0
275296308	275276736	2.0
275314496	275276736	3.0
275276994	275276736	2.0
275276735	275276736	2.0
275314820	275276736	3.0
275313987	275276736	3.0
275317414	275276736	3.0
275298529	275298529	0
275299514	275298529	3.0
275317517	275298529	3.0
255480856	275298529	4.0
562642205	275298529	3.0
255477273	275298529	4.0
255480858	275298529	4.0
255480859	275298529	4.0
275300135	275298529	4.0
365518741	275298529	3.0
255477256	275298529	4.0
255477267	275298529	4.0
255477271	275298529	4.0
423896820	275298529	4.0
565419878	275298529	4.0
577984855	275298529	4.0
310891343	275298529	3.0
316153085	275298529	2.0
275299560	275298529	3.0
275323619	275298529	3.0
275299524	275298529	3.0
275300098	275298529	3.0
275300099	275298529	4.0
643861449	275298529	3.0
275296308	275298529	2.0
275314496	275298529	2.0
275276994	275298529	3.0
275276735	275298529	3.0
275314820	275298529	3.0
275313987	275298529	3.0
275317414	275298529	3.0
275299514	275299514	0
275317517	275299514	4.0
255480856	275299514	3.0
562642205	275299514	3.0
255477273	275299514	2.0
255480858	275299514	2.0
255480859	275299514	2.0
275300135	275299514	1.0
365518741	275299514	2.0
255477256	275299514	3.0
255477267	275299514	3.0
255477271	275299514	3.0
423896820	275299514	3.0
565419878	275299514	3.0
577984855	275299514	4.0
310891343	275299514	4.0
316153085	275299514	4.0
275299560	275299514	0.0
275323619	275299514	4.0
275299524	275299514	1.0
275300098	275299514	1.0
275300099	275299514	3.0
643861449	275299514	2.0
275296308	275299514	3.0
275314496	275299514	4.0
275276994	275299514	3.0
275276735	275299514	3.0
275314820	275299514	4.0
275313987	275299514	4.0
275317414	275299514	4.0
275317517	275317517	0
255480856	275317517	4.0
562642205	275317517	4.0
255477273	275317517	4.0
255480858	275317517	4.0
255480859	275317517	4.0
275300135	275317517	4.0
365518741	275317517	4.0
255477256	275317517	4.0
255477267	275317517	4.0
255477271	275317517	4.0
423896820	275317517	4.0
565419878	275317517	3.0
577984855	275317517	3.0
310891343	275317517	0.0
316153085	275317517	2.0
275299560	275317517	4.0
275323619	275317517	3.0
275299524	275317517	4.0
275300098	275317517	4.0
275300099	275317517	4.0
643861449	275317517	4.0
275296308	275317517	3.0
275314496	275317517	2.0
275276994	275317517	4.0
275276735	275317517	3.0
275314820	275317517	3.0
275313987	275317517	2.0
275317414	275317517	1.0
255480856	255480856	0
562642205	255480856	4.0
255477273	255480856	3.0
255480858	255480856	3.0
255480859	255480856	3.0
275300135	255480856	3.0
365518741	255480856	3.0
255477256	255480856	3.0
255477267	255480856	1.0
255477271	255480856	3.0
423896820	255480856	3.0
565419878	255480856	3.0
577984855	255480856	4.0
310891343	255480856	4.0
316153085	255480856	4.0
275299560	255480856	3.0
275323619	255480856	4.0
275299524	255480856	3.0
275300098	255480856	3.0
275300099	255480856	3.0
643861449	255480856	3.0
275296308	255480856	4.0
275314496	255480856	4.0
275276994	255480856	4.0
275276735	255480856	4.0
275314820	255480856	4.0
275313987	255480856	4.0
275317414	255480856	4.0
562642205	562642205	0
255477273	562642205	3.0
255480858	562642205	3.0
255480859	562642205	3.0
275300135	562642205	3.0
365518741	562642205	3.0
255477256	562642205	4.0
255477267	562642205	4.0
255477271	562642205	4.0
423896820	562642205	4.0
565419878	562642205	4.0
577984855	562642205	4.0
310891343	562642205	4.0
316153085	562642205	4.0
275299560	562642205	2.0
275323619	562642205	4.0
275299524	562642205	2.0
275300098	562642205	3.0
275300099	562642205	4.0
643861449	562642205	2.0
275296308	562642205	2.0
275314496	562642205	4.0
275276994	562642205	1.0
275276735	562642205	2.0
275314820	562642205	3.0
275313987	562642205	4.0
275317414	562642205	4.0
255477273	255477273	0
255480858	255477273	2.0
255480859	255477273	2.0
275300135	255477273	1.0
365518741	255477273	2.0
255477256	255477273	2.0
255477267	255477273	3.0
255477271	255477273	2.0
423896820	255477273	3.0
565419878	255477273	3.0
577984855	255477273	3.0
310891343	255477273	4.0
316153085	255477273	4.0
275299560	255477273	2.0
275323619	255477273	3.0
275299524	255477273	3.0
275300098	255477273	1.0
275300099	255477273	3.0
643861449	255477273	2.0
275296308	255477273	3.0
275314496	255477273	4.0
275276994	255477273	3.0
275276735	255477273	4.0
275314820	255477273	3.0
275313987	255477273	4.0
275317414	255477273	4.0
255480858	255480858	0
255480859	255480858	2.0
275300135	255480858	1.0
365518741	255480858	2.0
255477256	255480858	2.0
255477267	255480858	3.0
255477271	255480858	2.0
423896820	255480858	3.0
565419878	255480858	3.0
577984855	255480858	3.0
310891343	255480858	4.0
316153085	255480858	4.0
275299560	255480858	2.0
275323619	255480858	3.0
275299524	255480858	2.0
275300098	255480858	2.0
275300099	255480858	3.0
643861449	255480858	2.0
275296308	255480858	3.0
275314496	255480858	4.0
275276994	255480858	3.0
275276735	255480858	4.0
275314820	255480858	3.0
275313987	255480858	4.0
275317414	255480858	4.0
255480859	255480859	0
275300135	255480859	1.0
365518741	255480859	2.0
255477256	255480859	2.0
255477267	255480859	3.0
255477271	255480859	2.0
423896820	255480859	3.0
565419878	255480859	3.0
577984855	255480859	3.0
310891343	255480859	4.0
316153085	255480859	4.0
275299560	255480859	2.0
275323619	255480859	4.0
275299524	255480859	2.0
275300098	255480859	0.0
275300099	255480859	3.0
643861449	255480859	2.0
275296308	255480859	3.0
275314496	255480859	4.0
275276994	255480859	3.0
275276735	255480859	4.0
275314820	255480859	3.0
275313987	255480859	4.0
275317414	255480859	4.0
275300135	275300135	0
365518741	275300135	2.0
255477256	275300135	2.0
255477267	275300135	3.0
255477271	275300135	2.0
423896820	275300135	3.0
565419878	275300135	3.0
577984855	275300135	3.0
310891343	275300135	4.0
316153085	275300135	4.0
275299560	275300135	2.0
275323619	275300135	3.0
275299524	275300135	2.0
275300098	275300135	1.0
275300099	275300135	3.0
643861449	275300135	2.0
275296308	275300135	3.0
275314496	275300135	4.0
275276994	275300135	3.0
275276735	275300135	4.0
275314820	275300135	3.0
275313987	275300135	4.0
275317414	275300135	4.0
365518741	365518741	0
255477256	365518741	3.0
255477267	365518741	3.0
255477271	365518741	3.0
423896820	365518741	3.0
565419878	365518741	3.0
577984855	365518741	3.0
310891343	365518741	4.0
316153085	365518741	3.0
275299560	365518741	2.0
275323619	365518741	3.0
275299524	365518741	1.0
275300098	365518741	2.0
275300099	365518741	3.0
643861449	365518741	1.0
275296308	365518741	3.0
275314496	365518741	3.0
275276994	365518741	3.0
275276735	365518741	4.0
275314820	365518741	3.0
275313987	365518741	3.0
275317414	365518741	4.0
255477256	255477256	0
255477267	255477256	3.0
255477271	255477256	2.0
423896820	255477256	2.0
565419878	255477256	3.0
577984855	255477256	3.0
310891343	255477256	4.0
316153085	255477256	4.0
275299560	255477256	3.0
275323619	255477256	4.0
275299524	255477256	3.0
275300098	255477256	2.0
275300099	255477256	2.0
643861449	255477256	3.0
275296308	255477256	4.0
275314496	255477256	4.0
275276994	255477256	3.0
275276735	255477256	4.0
275314820	255477256	4.0
275313987	255477256	4.0
275317414	255477256	4.0
255477267	255477267	0
255477271	255477267	3.0
423896820	255477267	3.0
565419878	255477267	3.0
577984855	255477267	4.0
310891343	255477267	4.0
316153085	255477267	4.0
275299560	255477267	3.0
275323619	255477267	4.0
275299524	255477267	3.0
275300098	255477267	3.0
275300099	255477267	3.0
643861449	255477267	3.0
275296308	255477267	4.0
275314496	255477267	4.0
275276994	255477267	3.0
275276735	255477267	4.0
275314820	255477267	4.0
275313987	255477267	4.0
275317414	255477267	4.0
255477271	255477271	0
423896820	255477271	3.0
565419878	255477271	3.0
577984855	255477271	3.0
310891343	255477271	4.0
316153085	255477271	4.0
275299560	255477271	3.0
275323619	255477271	4.0
275299524	255477271	3.0
275300098	255477271	2.0
275300099	255477271	3.0
643861449	255477271	3.0
275296308	255477271	4.0
275314496	255477271	4.0
275276994	255477271	3.0
275276735	255477271	4.0
275314820	255477271	4.0
275313987	255477271	4.0
275317414	255477271	4.0
423896820	423896820	0
565419878	423896820	2.0
577984855	423896820	3.0
310891343	423896820	4.0
316153085	423896820	4.0
275299560	423896820	3.0
275323619	423896820	3.0
275299524	423896820	4.0
275300098	423896820	3.0
275300099	423896820	2.0
643861449	423896820	3.0
275296308	423896820	4.0
275314496	423896820	3.0
275276994	423896820	4.0
275276735	423896820	4.0
275314820	423896820	3.0
275313987	423896820	3.0
275317414	423896820	4.0
565419878	565419878	0
577984855	565419878	2.0
310891343	565419878	3.0
316153085	565419878	3.0
275299560	565419878	3.0
275323619	565419878	2.0
275299524	565419878	3.0
275300098	565419878	3.0
275300099	565419878	4.0
643861449	565419878	3.0
275296308	565419878	3.0
275314496	565419878	3.0
275276994	565419878	4.0
275276735	565419878	4.0
275314820	565419878	2.0
275313987	565419878	3.0
275317414	565419878	4.0
577984855	577984855	0
310891343	577984855	3.0
316153085	577984855	3.0
275299560	577984855	3.0
275323619	577984855	2.0
275299524	577984855	3.0
275300098	577984855	3.0
275300099	577984855	4.0
643861449	577984855	3.0
275296308	577984855	3.0
275314496	577984855	2.0
275276994	577984855	4.0
275276735	577984855	4.0
275314820	577984855	1.0
275313987	577984855	2.0
275317414	577984855	3.0
310891343	310891343	0
316153085	310891343	2.0
275299560	310891343	4.0
275323619	310891343	3.0
275299524	310891343	4.0
275300098	310891343	4.0
275300099	310891343	4.0
643861449	310891343	4.0
275296308	310891343	3.0
275314496	310891343	2.0
275276994	310891343	4.0
275276735	310891343	3.0
275314820	310891343	3.0
275313987	310891343	1.0
275317414	310891343	1.0
316153085	316153085	0
275299560	316153085	4.0
275323619	316153085	3.0
275299524	316153085	3.0
275300098	316153085	4.0
275300099	316153085	4.0
643861449	316153085	4.0
275296308	316153085	3.0
275314496	316153085	2.0
275276994	316153085	4.0
275276735	316153085	3.0
275314820	316153085	1.0
275313987	316153085	1.0
275317414	316153085	2.0
275299560	275299560	0
275323619	275299560	4.0
275299524	275299560	0.0
275300098	275299560	2.0
275300099	275299560	3.0
643861449	275299560	1.0
275296308	275299560	3.0
275314496	275299560	4.0
275276994	275299560	2.0
275276735	275299560	3.0
275314820	275299560	3.0
275313987	275299560	4.0
275317414	275299560	4.0
275323619	275323619	0
275299524	275323619	3.0
275300098	275323619	3.0
275300099	275323619	4.0
643861449	275323619	4.0
275296308	275323619	3.0
275314496	275323619	2.0
275276994	275323619	3.0
275276735	275323619	4.0
275314820	275323619	1.0
275313987	275323619	2.0
275317414	275323619	3.0
275299524	275299524	0
275300098	275299524	2.0
275300099	275299524	4.0
643861449	275299524	0.0
275296308	275299524	2.0
275314496	275299524	4.0
275276994	275299524	2.0
275276735	275299524	3.0
275314820	275299524	3.0
275313987	275299524	4.0
275317414	275299524	4.0
275300098	275300098	0
275300099	275300098	3.0
643861449	275300098	2.0
275296308	275300098	3.0
275314496	275300098	4.0
275276994	275300098	3.0
275276735	275300098	4.0
275314820	275300098	3.0
275313987	275300098	4.0
275317414	275300098	4.0
275300099	275300099	0
643861449	275300099	3.0
275296308	275300099	4.0
275314496	275300099	4.0
275276994	275300099	4.0
275276735	275300099	4.0
275314820	275300099	4.0
275313987	275300099	4.0
275317414	275300099	4.0
643861449	643861449	0
275296308	643861449	3.0
275314496	643861449	4.0
275276994	643861449	2.0
275276735	643861449	3.0
275314820	643861449	3.0
275313987	643861449	4.0
275317414	643861449	4.0
275296308	275296308	0
275314496	275296308	3.0
275276994	275296308	2.0
275276735	275296308	3.0
275314820	275296308	3.0
275313987	275296308	3.0
275317414	275296308	3.0
275314496	275314496	0
275276994	275314496	4.0
275276735	275314496	4.0
275314820	275314496	2.0
275313987	275314496	2.0
275317414	275314496	3.0
275276994	275276994	0
275276735	275276994	3.0
275314820	275276994	3.0
275313987	275276994	4.0
275317414	275276994	4.0
275276735	275276735	0
275314820	275276735	4.0
275313987	275276735	3.0
275317414	275276735	3.0
275314820	275314820	0
275313987	275314820	2.0
275317414	275314820	3.0
275313987	275313987	0
275317414	275313987	3.0
275317414	275317414	0
