182916837	[-41,-7.0,48.0]	40.82974434166666	-73.92628383888889	0.05812492756157113	0.5131598911550631	0.19337704340603773	0.007184389201799725	0.5849462365591398	0.18243955129396974
277748773	[-31,-11.0,42.0]	40.831378281250004	-73.92538113125	0.05812492756157113	0.5131598911550631	0.19337704340603773	0.007184389201799725	0.5849462365591398	0.18243955129396974
277748781	[-27,-16.0,43.0]	40.83175828	-73.92461406000001	0.05812492756157113	0.5131598911550631	0.19337704340603773	0.007184389201799725	0.5849462365591398	0.18243955129396974
277748782	[-28,-15.0,43.0]	40.831546679999995	-73.92474157999999	0.05812492756157113	0.5131598911550631	0.19337704340603773	0.007184389201799725	0.5849462365591398	0.18243955129396974
277748734	[-15,-19.0,34.0]	40.83392998	-73.92411614	0.05812492756157113	0.5131598911550631	0.19337704340603773	0.007184389201799725	0.5849462365591398	0.18243955129396974
277748735	[-11,-22.0,33.0]	40.834335942857145	-73.92360771428572	0.05812492756157113	0.5131598911550631	0.19337704340603773	0.007184389201799725	0.5849462365591398	0.18243955129396974
277748736	[-11,-24.0,35.0]	40.83415252857143	-73.92315959999999	0.05812492756157113	0.5131598911550631	0.19337704340603773	0.007184389201799725	0.5849462365591398	0.18243955129396974
277748754	[-19,-17.0,36.0]	40.83325953333334	-73.92444978333334	0.05812492756157113	0.5131598911550631	0.19337704340603773	0.007184389201799725	0.5849462365591398	0.18243955129396974
277748757	[-17,-23.0,40.0]	40.8330019375	-73.9234833375	0.05812492756157113	0.5131598911550631	0.19337704340603773	0.007184389201799725	0.5849462365591398	0.18243955129396974
277748758	[-14,-24.0,38.0]	40.83348335	-73.92313254999999	0.05812492756157113	0.5131598911550631	0.19337704340603773	0.007184389201799725	0.5849462365591398	0.18243955129396974
316100715	[49,-44.0,-5.0]	40.844448388888885	-73.91956312222221	0.05812492756157113	0.5131598911550631	0.19337704340603773	0.007184389201799725	0.5849462365591398	0.18243955129396974
275344895	[-28,-5.0,33.0]	40.83265700588236	-73.92649105882353	0.05812492756157113	0.5131598911550631	0.19337704340603773	0.007184389201799725	0.5849462365591398	0.18243955129396974
275343284	[6,-45.0,39.0]	40.835566861904766	-73.91952667142857	0.05812492756157113	0.5131598911550631	0.19337704340603773	0.007184389201799725	0.5849462365591398	0.18243955129396974
275344065	[-7,-23.0,30.0]	40.83508362631579	-73.92327963684211	0.05812492756157113	0.5131598911550631	0.19337704340603773	0.007184389201799725	0.5849462365591398	0.18243955129396974
275351154	[8,-18.0,10.0]	40.83869757142857	-73.9242351857143	0.05812492756157113	0.5131598911550631	0.19337704340603773	0.007184389201799725	0.5849462365591398	0.18243955129396974
275352246	[9,-9.0,0.0]	40.83978223571428	-73.92589647499999	0.05812492756157113	0.5131598911550631	0.19337704340603773	0.007184389201799725	0.5849462365591398	0.18243955129396974
562636095	[7,-45.0,38.0]	40.83567730833334	-73.91959801666665	0.05812492756157113	0.5131598911550631	0.19337704340603773	0.007184389201799725	0.5849462365591398	0.18243955129396974
276244485	[40,-32.0,-8.0]	40.843770766666665	-73.92182691666669	0.05812492756157113	0.5131598911550631	0.19337704340603773	0.007184389201799725	0.5849462365591398	0.18243955129396974
276244544	[42,-39.0,-3.0]	40.84350483076923	-73.92063157307692	0.05812492756157113	0.5131598911550631	0.19337704340603773	0.007184389201799725	0.5849462365591398	0.18243955129396974
276129138	[39,-64.0,25.0]	40.840392653333325	-73.91582024333336	0.05812492756157113	0.5131598911550631	0.19337704340603773	0.007184389201799725	0.5849462365591398	0.18243955129396974
255480864	[-26,-24.0,50.0]	40.831174833333336	-73.92321917777777	0.05812492756157113	0.5131598911550631	0.19337704340603773	0.007184389201799725	0.5849462365591398	0.18243955129396974
275355497	[-38,-17.0,55.0]	40.829335162499994	-73.924384675	0.05812492756157113	0.5131598911550631	0.19337704340603773	0.007184389201799725	0.5849462365591398	0.18243955129396974
275355509	[-33,-14.0,47.0]	40.8306389125	-73.9250675375	0.05812492756157113	0.5131598911550631	0.19337704340603773	0.007184389201799725	0.5849462365591398	0.18243955129396974
277748776	[-29,-13.0,42.0]	40.83153395	-73.92511905	0.05812492756157113	0.5131598911550631	0.19337704340603773	0.007184389201799725	0.5849462365591398	0.18243955129396974
277748777	[-28,-14.0,42.0]	40.83171344	-73.9250708	0.05812492756157113	0.5131598911550631	0.19337704340603773	0.007184389201799725	0.5849462365591398	0.18243955129396974
277748778	[-27,-14.0,41.0]	40.83190677499999	-73.92490402499999	0.05812492756157113	0.5131598911550631	0.19337704340603773	0.007184389201799725	0.5849462365591398	0.18243955129396974
277748779	[-28,-15.0,43.0]	40.831649	-73.9247501	0.05812492756157113	0.5131598911550631	0.19337704340603773	0.007184389201799725	0.5849462365591398	0.18243955129396974
315400367	[-19,-30.0,49.0]	40.8319191	-73.92203916250001	0.05812492756157113	0.5131598911550631	0.19337704340603773	0.007184389201799725	0.5849462365591398	0.18243955129396974
315400368	[-18,-32.0,50.0]	40.83187435833334	-73.92168053333333	0.05812492756157113	0.5131598911550631	0.19337704340603773	0.007184389201799725	0.5849462365591398	0.18243955129396974
525999207	[-26,-9.0,35.0]	40.8325608	-73.92583546666667	0.05812492756157113	0.5131598911550631	0.19337704340603773	0.007184389201799725	0.5849462365591398	0.18243955129396974
232494204	[5,-50.0,45.0]	40.83477312	-73.91851892	0.05812492756157113	0.5131598911550631	0.19337704340603773	0.007184389201799725	0.5849462365591398	0.18243955129396974
277748761	[-14,-22.0,36.0]	40.833749411111114	-73.92368982222223	0.05812492756157113	0.5131598911550631	0.19337704340603773	0.007184389201799725	0.5849462365591398	0.18243955129396974
277748762	[-18,-20.0,38.0]	40.83312851111112	-73.92401506666666	0.05812492756157113	0.5131598911550631	0.19337704340603773	0.007184389201799725	0.5849462365591398	0.18243955129396974
314729671	[-28,-2.0,30.0]	40.832878	-73.92712680000001	0.05812492756157113	0.5131598911550631	0.19337704340603773	0.007184389201799725	0.5849462365591398	0.18243955129396974
377616839	[19,-5.0,-14.0]	40.842213509090904	-73.92664183636364	0.05812492756157113	0.5131598911550631	0.19337704340603773	0.007184389201799725	0.5849462365591398	0.18243955129396974
232494203	[6,-53.0,47.0]	40.834638240000004	-73.91812478	0.05812492756157113	0.5131598911550631	0.19337704340603773	0.007184389201799725	0.5849462365591398	0.18243955129396974
275351094	[7,-23.0,16.0]	40.83792191999999	-73.92346681333333	0.05812492756157113	0.5131598911550631	0.19337704340603773	0.007184389201799725	0.5849462365591398	0.18243955129396974
275346781	[-21,3.0,18.0]	40.8349196	-73.92793206	0.05812492756157113	0.5131598911550631	0.19337704340603773	0.007184389201799725	0.5849462365591398	0.18243955129396974
275348030	[-9,-3.0,12.0]	40.83667283076923	-73.92689374615385	0.05812492756157113	0.5131598911550631	0.19337704340603773	0.007184389201799725	0.5849462365591398	0.18243955129396974
275343291	[11,-47.0,36.0]	40.836272846808505	-73.91910849361702	0.05812492756157113	0.5131598911550631	0.19337704340603773	0.007184389201799725	0.5849462365591398	0.18243955129396974
275351153	[10,-22.0,12.0]	40.838565781818176	-73.92356771818183	0.05812492756157113	0.5131598911550631	0.19337704340603773	0.007184389201799725	0.5849462365591398	0.18243955129396974
275353421	[26,-49.0,23.0]	40.839186	-73.91885846666666	0.05812492756157113	0.5131598911550631	0.19337704340603773	0.007184389201799725	0.5849462365591398	0.18243955129396974
182916837	182916837	0
277748773	182916837	1.0
277748781	182916837	1.0
277748782	182916837	1.0
277748734	182916837	2.0
277748735	182916837	2.0
277748736	182916837	2.0
277748754	182916837	2.0
277748757	182916837	2.0
277748758	182916837	2.0
316100715	182916837	4.0
275344895	182916837	2.0
275343284	182916837	3.0
275344065	182916837	2.0
275351154	182916837	4.0
275352246	182916837	3.0
562636095	182916837	3.0
276244485	182916837	4.0
276244544	182916837	4.0
276129138	182916837	4.0
255480864	182916837	1.0
275355497	182916837	1.0
275355509	182916837	1.0
277748776	182916837	1.0
277748777	182916837	2.0
277748778	182916837	2.0
277748779	182916837	2.0
315400367	182916837	2.0
315400368	182916837	2.0
525999207	182916837	2.0
232494204	182916837	3.0
277748761	182916837	2.0
277748762	182916837	2.0
314729671	182916837	2.0
377616839	182916837	4.0
232494203	182916837	3.0
275351094	182916837	3.0
275346781	182916837	3.0
275348030	182916837	3.0
275343291	182916837	3.0
275351153	182916837	3.0
275353421	182916837	3.0
277748773	277748773	0
277748781	277748773	1.0
277748782	277748773	0.0
277748734	277748773	2.0
277748735	277748773	2.0
277748736	277748773	2.0
277748754	277748773	1.0
277748757	277748773	1.0
277748758	277748773	2.0
316100715	277748773	4.0
275344895	277748773	2.0
275343284	277748773	3.0
275344065	277748773	2.0
275351154	277748773	3.0
275352246	277748773	3.0
562636095	277748773	3.0
276244485	277748773	4.0
276244544	277748773	3.0
276129138	277748773	3.0
255480864	277748773	1.0
275355497	277748773	1.0
275355509	277748773	0.0
277748776	277748773	0.0
277748777	277748773	0.0
277748778	277748773	1.0
277748779	277748773	1.0
315400367	277748773	2.0
315400368	277748773	2.0
525999207	277748773	1.0
232494204	277748773	3.0
277748761	277748773	2.0
277748762	277748773	1.0
314729671	277748773	2.0
377616839	277748773	3.0
232494203	277748773	3.0
275351094	277748773	3.0
275346781	277748773	2.0
275348030	277748773	3.0
275343291	277748773	3.0
275351153	277748773	3.0
275353421	277748773	3.0
277748781	277748781	0
277748782	277748781	1.0
277748734	277748781	1.0
277748735	277748781	2.0
277748736	277748781	2.0
277748754	277748781	0.0
277748757	277748781	0.0
277748758	277748781	1.0
316100715	277748781	3.0
275344895	277748781	1.0
275343284	277748781	2.0
275344065	277748781	2.0
275351154	277748781	3.0
275352246	277748781	3.0
562636095	277748781	2.0
276244485	277748781	3.0
276244544	277748781	3.0
276129138	277748781	3.0
255480864	277748781	0.0
275355497	277748781	2.0
275355509	277748781	1.0
277748776	277748781	1.0
277748777	277748781	0.0
277748778	277748781	0.0
277748779	277748781	0.0
315400367	277748781	1.0
315400368	277748781	1.0
525999207	277748781	0.0
232494204	277748781	2.0
277748761	277748781	1.0
277748762	277748781	0.0
314729671	277748781	1.0
377616839	277748781	3.0
232494203	277748781	3.0
275351094	277748781	2.0
275346781	277748781	2.0
275348030	277748781	3.0
275343291	277748781	3.0
275351153	277748781	3.0
275353421	277748781	3.0
277748782	277748782	0
277748734	277748782	2.0
277748735	277748782	2.0
277748736	277748782	2.0
277748754	277748782	1.0
277748757	277748782	1.0
277748758	277748782	2.0
316100715	277748782	4.0
275344895	277748782	2.0
275343284	277748782	3.0
275344065	277748782	2.0
275351154	277748782	3.0
275352246	277748782	3.0
562636095	277748782	3.0
276244485	277748782	4.0
276244544	277748782	4.0
276129138	277748782	3.0
255480864	277748782	0.0
275355497	277748782	1.0
275355509	277748782	0.0
277748776	277748782	0.0
277748777	277748782	1.0
277748778	277748782	1.0
277748779	277748782	1.0
315400367	277748782	1.0
315400368	277748782	2.0
525999207	277748782	1.0
232494204	277748782	3.0
277748761	277748782	2.0
277748762	277748782	1.0
314729671	277748782	2.0
377616839	277748782	3.0
232494203	277748782	3.0
275351094	277748782	3.0
275346781	277748782	2.0
275348030	277748782	3.0
275343291	277748782	3.0
275351153	277748782	3.0
275353421	277748782	3.0
277748734	277748734	0
277748735	277748734	2.0
277748736	277748734	2.0
277748754	277748734	0.0
277748757	277748734	2.0
277748758	277748734	2.0
316100715	277748734	3.0
275344895	277748734	1.0
275343284	277748734	2.0
275344065	277748734	1.0
275351154	277748734	2.0
275352246	277748734	3.0
562636095	277748734	2.0
276244485	277748734	3.0
276244544	277748734	3.0
276129138	277748734	3.0
255480864	277748734	2.0
275355497	277748734	2.0
275355509	277748734	2.0
277748776	277748734	2.0
277748777	277748734	1.0
277748778	277748734	1.0
277748779	277748734	1.0
315400367	277748734	2.0
315400368	277748734	2.0
525999207	277748734	1.0
232494204	277748734	2.0
277748761	277748734	0.0
277748762	277748734	0.0
314729671	277748734	1.0
377616839	277748734	3.0
232494203	277748734	2.0
275351094	277748734	2.0
275346781	277748734	2.0
275348030	277748734	2.0
275343291	277748734	2.0
275351153	277748734	2.0
275353421	277748734	2.0
277748735	277748735	0
277748736	277748735	0.0
277748754	277748735	2.0
277748757	277748735	1.0
277748758	277748735	0.0
316100715	277748735	3.0
275344895	277748735	2.0
275343284	277748735	2.0
275344065	277748735	0.0
275351154	277748735	3.0
275352246	277748735	3.0
562636095	277748735	2.0
276244485	277748735	3.0
276244544	277748735	3.0
276129138	277748735	3.0
255480864	277748735	2.0
275355497	277748735	2.0
275355509	277748735	2.0
277748776	277748735	2.0
277748777	277748735	2.0
277748778	277748735	2.0
277748779	277748735	2.0
315400367	277748735	2.0
315400368	277748735	2.0
525999207	277748735	2.0
232494204	277748735	2.0
277748761	277748735	2.0
277748762	277748735	2.0
314729671	277748735	2.0
377616839	277748735	3.0
232494203	277748735	2.0
275351094	277748735	2.0
275346781	277748735	2.0
275348030	277748735	3.0
275343291	277748735	2.0
275351153	277748735	2.0
275353421	277748735	2.0
277748736	277748736	0
277748754	277748736	2.0
277748757	277748736	1.0
277748758	277748736	0.0
316100715	277748736	3.0
275344895	277748736	2.0
275343284	277748736	2.0
275344065	277748736	0.0
275351154	277748736	3.0
275352246	277748736	3.0
562636095	277748736	2.0
276244485	277748736	3.0
276244544	277748736	3.0
276129138	277748736	3.0
255480864	277748736	2.0
275355497	277748736	2.0
275355509	277748736	2.0
277748776	277748736	2.0
277748777	277748736	2.0
277748778	277748736	2.0
277748779	277748736	2.0
315400367	277748736	1.0
315400368	277748736	2.0
525999207	277748736	2.0
232494204	277748736	2.0
277748761	277748736	2.0
277748762	277748736	2.0
314729671	277748736	2.0
377616839	277748736	3.0
232494203	277748736	2.0
275351094	277748736	2.0
275346781	277748736	3.0
275348030	277748736	3.0
275343291	277748736	2.0
275351153	277748736	2.0
275353421	277748736	2.0
277748754	277748754	0
277748757	277748754	1.0
277748758	277748754	2.0
316100715	277748754	3.0
275344895	277748754	1.0
275343284	277748754	2.0
275344065	277748754	2.0
275351154	277748754	2.0
275352246	277748754	3.0
562636095	277748754	2.0
276244485	277748754	3.0
276244544	277748754	3.0
276129138	277748754	3.0
255480864	277748754	1.0
275355497	277748754	2.0
275355509	277748754	1.0
277748776	277748754	1.0
277748777	277748754	0.0
277748778	277748754	0.0
277748779	277748754	0.0
315400367	277748754	2.0
315400368	277748754	2.0
525999207	277748754	0.0
232494204	277748754	2.0
277748761	277748754	0.0
277748762	277748754	0.0
314729671	277748754	1.0
377616839	277748754	3.0
232494203	277748754	2.0
275351094	277748754	2.0
275346781	277748754	2.0
275348030	277748754	2.0
275343291	277748754	2.0
275351153	277748754	2.0
275353421	277748754	3.0
277748757	277748757	0
277748758	277748757	0.0
316100715	277748757	3.0
275344895	277748757	2.0
275343284	277748757	2.0
275344065	277748757	1.0
275351154	277748757	3.0
275352246	277748757	3.0
562636095	277748757	2.0
276244485	277748757	3.0
276244544	277748757	3.0
276129138	277748757	3.0
255480864	277748757	1.0
275355497	277748757	2.0
275355509	277748757	1.0
277748776	277748757	1.0
277748777	277748757	1.0
277748778	277748757	1.0
277748779	277748757	0.0
315400367	277748757	1.0
315400368	277748757	1.0
525999207	277748757	1.0
232494204	277748757	2.0
277748761	277748757	2.0
277748762	277748757	1.0
314729671	277748757	2.0
377616839	277748757	3.0
232494203	277748757	2.0
275351094	277748757	3.0
275346781	277748757	2.0
275348030	277748757	3.0
275343291	277748757	2.0
275351153	277748757	3.0
275353421	277748757	3.0
277748758	277748758	0
316100715	277748758	3.0
275344895	277748758	2.0
275343284	277748758	2.0
275344065	277748758	1.0
275351154	277748758	3.0
275352246	277748758	3.0
562636095	277748758	2.0
276244485	277748758	3.0
276244544	277748758	3.0
276129138	277748758	3.0
255480864	277748758	1.0
275355497	277748758	2.0
275355509	277748758	1.0
277748776	277748758	2.0
277748777	277748758	2.0
277748778	277748758	1.0
277748779	277748758	1.0
315400367	277748758	1.0
315400368	277748758	1.0
525999207	277748758	1.0
232494204	277748758	2.0
277748761	277748758	2.0
277748762	277748758	2.0
314729671	277748758	2.0
377616839	277748758	3.0
232494203	277748758	2.0
275351094	277748758	2.0
275346781	277748758	3.0
275348030	277748758	3.0
275343291	277748758	2.0
275351153	277748758	3.0
275353421	277748758	2.0
316100715	316100715	0
275344895	316100715	4.0
275343284	316100715	3.0
275344065	316100715	3.0
275351154	316100715	3.0
275352246	316100715	3.0
562636095	316100715	3.0
276244485	316100715	1.0
276244544	316100715	0.0
276129138	316100715	3.0
255480864	316100715	4.0
275355497	316100715	4.0
275355509	316100715	4.0
277748776	316100715	4.0
277748777	316100715	3.0
277748778	316100715	3.0
277748779	316100715	3.0
315400367	316100715	3.0
315400368	316100715	4.0
525999207	316100715	3.0
232494204	316100715	3.0
277748761	316100715	3.0
277748762	316100715	3.0
314729671	316100715	4.0
377616839	316100715	3.0
232494203	316100715	3.0
275351094	316100715	2.0
275346781	316100715	3.0
275348030	316100715	3.0
275343291	316100715	3.0
275351153	316100715	2.0
275353421	316100715	3.0
275344895	275344895	0
275343284	275344895	3.0
275344065	275344895	2.0
275351154	275344895	3.0
275352246	275344895	3.0
562636095	275344895	3.0
276244485	275344895	4.0
276244544	275344895	4.0
276129138	275344895	3.0
255480864	275344895	2.0
275355497	275344895	3.0
275355509	275344895	2.0
277748776	275344895	2.0
277748777	275344895	1.0
277748778	275344895	1.0
277748779	275344895	1.0
315400367	275344895	3.0
315400368	275344895	2.0
525999207	275344895	1.0
232494204	275344895	3.0
277748761	275344895	1.0
277748762	275344895	1.0
314729671	275344895	0.0
377616839	275344895	3.0
232494203	275344895	3.0
275351094	275344895	2.0
275346781	275344895	1.0
275348030	275344895	2.0
275343291	275344895	3.0
275351153	275344895	3.0
275353421	275344895	3.0
275343284	275343284	0
275344065	275343284	2.0
275351154	275343284	3.0
275352246	275343284	3.0
562636095	275343284	0.0
276244485	275343284	3.0
276244544	275343284	3.0
276129138	275343284	2.0
255480864	275343284	2.0
275355497	275343284	3.0
275355509	275343284	3.0
277748776	275343284	3.0
277748777	275343284	3.0
277748778	275343284	2.0
277748779	275343284	2.0
315400367	275343284	2.0
315400368	275343284	2.0
525999207	275343284	3.0
232494204	275343284	0.0
277748761	275343284	2.0
277748762	275343284	2.0
314729671	275343284	3.0
377616839	275343284	3.0
232494203	275343284	0.0
275351094	275343284	2.0
275346781	275343284	3.0
275348030	275343284	3.0
275343291	275343284	0.0
275351153	275343284	3.0
275353421	275343284	2.0
275344065	275344065	0
275351154	275344065	3.0
275352246	275344065	3.0
562636095	275344065	1.0
276244485	275344065	3.0
276244544	275344065	3.0
276129138	275344065	3.0
255480864	275344065	2.0
275355497	275344065	3.0
275355509	275344065	2.0
277748776	275344065	2.0
277748777	275344065	2.0
277748778	275344065	2.0
277748779	275344065	2.0
315400367	275344065	2.0
315400368	275344065	2.0
525999207	275344065	2.0
232494204	275344065	2.0
277748761	275344065	1.0
277748762	275344065	2.0
314729671	275344065	2.0
377616839	275344065	3.0
232494203	275344065	2.0
275351094	275344065	2.0
275346781	275344065	2.0
275348030	275344065	3.0
275343291	275344065	2.0
275351153	275344065	2.0
275353421	275344065	2.0
275351154	275351154	0
275352246	275351154	1.0
562636095	275351154	3.0
276244485	275351154	2.0
276244544	275351154	2.0
276129138	275351154	3.0
255480864	275351154	3.0
275355497	275351154	4.0
275355509	275351154	3.0
277748776	275351154	3.0
277748777	275351154	3.0
277748778	275351154	3.0
277748779	275351154	3.0
315400367	275351154	3.0
315400368	275351154	3.0
525999207	275351154	3.0
232494204	275351154	3.0
277748761	275351154	2.0
277748762	275351154	2.0
314729671	275351154	3.0
377616839	275351154	2.0
232494203	275351154	3.0
275351094	275351154	1.0
275346781	275351154	2.0
275348030	275351154	1.0
275343291	275351154	3.0
275351153	275351154	1.0
275353421	275351154	3.0
275352246	275352246	0
562636095	275352246	3.0
276244485	275352246	2.0
276244544	275352246	2.0
276129138	275352246	3.0
255480864	275352246	3.0
275355497	275352246	3.0
275355509	275352246	3.0
277748776	275352246	3.0
277748777	275352246	3.0
277748778	275352246	3.0
277748779	275352246	3.0
315400367	275352246	3.0
315400368	275352246	3.0
525999207	275352246	3.0
232494204	275352246	3.0
277748761	275352246	3.0
277748762	275352246	3.0
314729671	275352246	3.0
377616839	275352246	2.0
232494203	275352246	3.0
275351094	275352246	2.0
275346781	275352246	2.0
275348030	275352246	1.0
275343291	275352246	3.0
275351153	275352246	1.0
275353421	275352246	3.0
562636095	562636095	0
276244485	562636095	3.0
276244544	562636095	3.0
276129138	562636095	3.0
255480864	562636095	2.0
275355497	562636095	3.0
275355509	562636095	3.0
277748776	562636095	3.0
277748777	562636095	2.0
277748778	562636095	2.0
277748779	562636095	2.0
315400367	562636095	2.0
315400368	562636095	3.0
525999207	562636095	2.0
232494204	562636095	2.0
277748761	562636095	2.0
277748762	562636095	2.0
314729671	562636095	3.0
377616839	562636095	3.0
232494203	562636095	2.0
275351094	562636095	2.0
275346781	562636095	3.0
275348030	562636095	3.0
275343291	562636095	0.0
275351153	562636095	2.0
275353421	562636095	2.0
276244485	276244485	0
276244544	276244485	2.0
276129138	276244485	3.0
255480864	276244485	3.0
275355497	276244485	4.0
275355509	276244485	4.0
277748776	276244485	4.0
277748777	276244485	3.0
277748778	276244485	3.0
277748779	276244485	3.0
315400367	276244485	3.0
315400368	276244485	4.0
525999207	276244485	3.0
232494204	276244485	3.0
277748761	276244485	3.0
277748762	276244485	3.0
314729671	276244485	4.0
377616839	276244485	2.0
232494203	276244485	3.0
275351094	276244485	2.0
275346781	276244485	3.0
275348030	276244485	3.0
275343291	276244485	3.0
275351153	276244485	2.0
275353421	276244485	3.0
276244544	276244544	0
276129138	276244544	3.0
255480864	276244544	3.0
275355497	276244544	4.0
275355509	276244544	4.0
277748776	276244544	4.0
277748777	276244544	3.0
277748778	276244544	3.0
277748779	276244544	3.0
315400367	276244544	3.0
315400368	276244544	4.0
525999207	276244544	3.0
232494204	276244544	3.0
277748761	276244544	3.0
277748762	276244544	3.0
314729671	276244544	4.0
377616839	276244544	3.0
232494203	276244544	3.0
275351094	276244544	2.0
275346781	276244544	3.0
275348030	276244544	3.0
275343291	276244544	3.0
275351153	276244544	2.0
275353421	276244544	3.0
276129138	276129138	0
255480864	276129138	3.0
275355497	276129138	4.0
275355509	276129138	3.0
277748776	276129138	3.0
277748777	276129138	3.0
277748778	276129138	3.0
277748779	276129138	3.0
315400367	276129138	3.0
315400368	276129138	3.0
525999207	276129138	3.0
232494204	276129138	3.0
277748761	276129138	3.0
277748762	276129138	3.0
314729671	276129138	3.0
377616839	276129138	3.0
232494203	276129138	3.0
275351094	276129138	3.0
275346781	276129138	3.0
275348030	276129138	4.0
275343291	276129138	2.0
275351153	276129138	3.0
275353421	276129138	2.0
255480864	255480864	0
275355497	255480864	1.0
275355509	255480864	0.0
277748776	255480864	1.0
277748777	255480864	1.0
277748778	255480864	1.0
277748779	255480864	0.0
315400367	255480864	0.0
315400368	255480864	1.0
525999207	255480864	1.0
232494204	255480864	3.0
277748761	255480864	2.0
277748762	255480864	1.0
314729671	255480864	2.0
377616839	255480864	3.0
232494203	255480864	3.0
275351094	255480864	3.0
275346781	255480864	2.0
275348030	255480864	3.0
275343291	255480864	3.0
275351153	255480864	3.0
275353421	255480864	3.0
275355497	275355497	0
275355509	275355497	1.0
277748776	275355497	1.0
277748777	275355497	2.0
277748778	275355497	2.0
277748779	275355497	2.0
315400367	275355497	1.0
315400368	275355497	3.0
525999207	275355497	2.0
232494204	275355497	3.0
277748761	275355497	2.0
277748762	275355497	2.0
314729671	275355497	3.0
377616839	275355497	4.0
232494203	275355497	3.0
275351094	275355497	3.0
275346781	275355497	3.0
275348030	275355497	3.0
275343291	275355497	3.0
275351153	275355497	3.0
275353421	275355497	3.0
275355509	275355509	0
277748776	275355509	0.0
277748777	275355509	1.0
277748778	275355509	1.0
277748779	275355509	1.0
315400367	275355509	1.0
315400368	275355509	2.0
525999207	275355509	1.0
232494204	275355509	3.0
277748761	275355509	2.0
277748762	275355509	1.0
314729671	275355509	2.0
377616839	275355509	4.0
232494203	275355509	3.0
275351094	275355509	3.0
275346781	275355509	2.0
275348030	275355509	3.0
275343291	275355509	3.0
275351153	275355509	3.0
275353421	275355509	3.0
277748776	277748776	0
277748777	277748776	0.0
277748778	277748776	1.0
277748779	277748776	1.0
315400367	277748776	1.0
315400368	277748776	2.0
525999207	277748776	1.0
232494204	277748776	3.0
277748761	277748776	2.0
277748762	277748776	1.0
314729671	277748776	2.0
377616839	277748776	3.0
232494203	277748776	3.0
275351094	277748776	3.0
275346781	277748776	2.0
275348030	277748776	3.0
275343291	277748776	3.0
275351153	277748776	3.0
275353421	277748776	3.0
277748777	277748777	0
277748778	277748777	0.0
277748779	277748777	0.0
315400367	277748777	1.0
315400368	277748777	2.0
525999207	277748777	0.0
232494204	277748777	3.0
277748761	277748777	1.0
277748762	277748777	0.0
314729671	277748777	1.0
377616839	277748777	3.0
232494203	277748777	3.0
275351094	277748777	2.0
275346781	277748777	2.0
275348030	277748777	2.0
275343291	277748777	3.0
275351153	277748777	3.0
275353421	277748777	3.0
277748778	277748778	0
277748779	277748778	0.0
315400367	277748778	1.0
315400368	277748778	1.0
525999207	277748778	0.0
232494204	277748778	3.0
277748761	277748778	1.0
277748762	277748778	0.0
314729671	277748778	1.0
377616839	277748778	3.0
232494203	277748778	3.0
275351094	277748778	2.0
275346781	277748778	2.0
275348030	277748778	2.0
275343291	277748778	3.0
275351153	277748778	3.0
275353421	277748778	3.0
277748779	277748779	0
315400367	277748779	1.0
315400368	277748779	1.0
525999207	277748779	0.0
232494204	277748779	2.0
277748761	277748779	1.0
277748762	277748779	0.0
314729671	277748779	1.0
377616839	277748779	3.0
232494203	277748779	3.0
275351094	277748779	2.0
275346781	277748779	2.0
275348030	277748779	3.0
275343291	277748779	3.0
275351153	277748779	3.0
275353421	277748779	3.0
315400367	315400367	0
315400368	315400367	0.0
525999207	315400367	1.0
232494204	315400367	2.0
277748761	315400367	2.0
277748762	315400367	2.0
314729671	315400367	3.0
377616839	315400367	4.0
232494203	315400367	2.0
275351094	315400367	3.0
275346781	315400367	2.0
275348030	315400367	3.0
275343291	315400367	2.0
275351153	315400367	3.0
275353421	315400367	3.0
315400368	315400368	0
525999207	315400368	2.0
232494204	315400368	3.0
277748761	315400368	2.0
277748762	315400368	2.0
314729671	315400368	2.0
377616839	315400368	4.0
232494203	315400368	3.0
275351094	315400368	3.0
275346781	315400368	3.0
275348030	315400368	3.0
275343291	315400368	2.0
275351153	315400368	3.0
275353421	315400368	3.0
525999207	525999207	0
232494204	525999207	3.0
277748761	525999207	0.0
277748762	525999207	0.0
314729671	525999207	1.0
377616839	525999207	3.0
232494203	525999207	3.0
275351094	525999207	2.0
275346781	525999207	2.0
275348030	525999207	2.0
275343291	525999207	3.0
275351153	525999207	2.0
275353421	525999207	3.0
232494204	232494204	0
277748761	232494204	2.0
277748762	232494204	2.0
314729671	232494204	3.0
377616839	232494204	4.0
232494203	232494204	0.0
275351094	232494204	2.0
275346781	232494204	3.0
275348030	232494204	3.0
275343291	232494204	1.0
275351153	232494204	3.0
275353421	232494204	2.0
277748761	277748761	0
277748762	277748761	0.0
314729671	277748761	1.0
377616839	277748761	3.0
232494203	277748761	2.0
275351094	277748761	2.0
275346781	277748761	2.0
275348030	277748761	2.0
275343291	277748761	2.0
275351153	277748761	2.0
275353421	277748761	2.0
277748762	277748762	0
314729671	277748762	1.0
377616839	277748762	3.0
232494203	277748762	2.0
275351094	277748762	2.0
275346781	277748762	2.0
275348030	277748762	2.0
275343291	277748762	2.0
275351153	277748762	2.0
275353421	277748762	3.0
314729671	314729671	0
377616839	314729671	3.0
232494203	314729671	3.0
275351094	314729671	2.0
275346781	314729671	2.0
275348030	314729671	2.0
275343291	314729671	3.0
275351153	314729671	3.0
275353421	314729671	3.0
377616839	377616839	0
232494203	377616839	4.0
275351094	377616839	2.0
275346781	377616839	3.0
275348030	377616839	2.0
275343291	377616839	3.0
275351153	377616839	2.0
275353421	377616839	3.0
232494203	232494203	0
275351094	232494203	2.0
275346781	232494203	3.0
275348030	232494203	3.0
275343291	232494203	1.0
275351153	232494203	3.0
275353421	232494203	2.0
275351094	275351094	0
275346781	275351094	2.0
275348030	275351094	2.0
275343291	275351094	2.0
275351153	275351094	0.0
275353421	275351094	3.0
275346781	275346781	0
275348030	275346781	1.0
275343291	275346781	3.0
275351153	275346781	2.0
275353421	275346781	3.0
275348030	275348030	0
275343291	275348030	3.0
275351153	275348030	2.0
275353421	275348030	3.0
275343291	275343291	0
275351153	275343291	2.0
275353421	275343291	2.0
275351153	275351153	0
275353421	275351153	2.0
275353421	275353421	0
