278076427	[-44,32.0,12.0]	40.86520162	-73.9258591	0.051697532416796685	0.3254203758451185	0.2239500097721529	0.004867743135127344	0.6903225806451613	0.2609985214304054
474197681	[-44,6.0,38.0]	40.862530060000005	-73.92114674000001	0.051697532416796685	0.3254203758451185	0.2239500097721529	0.004867743135127344	0.6903225806451613	0.2609985214304054
474199300	[-44,4.0,40.0]	40.862407659999995	-73.92086470000001	0.051697532416796685	0.3254203758451185	0.2239500097721529	0.004867743135127344	0.6903225806451613	0.2609985214304054
164511453	[0,2.0,-2.0]	40.8711511	-73.92043485454545	0.051697532416796685	0.3254203758451185	0.2239500097721529	0.004867743135127344	0.6903225806451613	0.2609985214304054
164511456	[-3,4.0,-1.0]	40.87077008181818	-73.92076798181819	0.051697532416796685	0.3254203758451185	0.2239500097721529	0.004867743135127344	0.6903225806451613	0.2609985214304054
164511458	[-2,5.0,-3.0]	40.87109709230769	-73.92109732307692	0.051697532416796685	0.3254203758451185	0.2239500097721529	0.004867743135127344	0.6903225806451613	0.2609985214304054
164511459	[1,5.0,-6.0]	40.87174845	-73.92108818	0.051697532416796685	0.3254203758451185	0.2239500097721529	0.004867743135127344	0.6903225806451613	0.2609985214304054
164511460	[3,3.0,-6.0]	40.871941009090904	-73.92067917272729	0.051697532416796685	0.3254203758451185	0.2239500097721529	0.004867743135127344	0.6903225806451613	0.2609985214304054
193048150	[-9,10.0,-1.0]	40.87017424	-73.92179558000001	0.051697532416796685	0.3254203758451185	0.2239500097721529	0.004867743135127344	0.6903225806451613	0.2609985214304054
193048151	[-8,10.0,-2.0]	40.870304319999995	-73.92195092	0.051697532416796685	0.3254203758451185	0.2239500097721529	0.004867743135127344	0.6903225806451613	0.2609985214304054
193048152	[-11,10.0,1.0]	40.86986114	-73.92190286	0.051697532416796685	0.3254203758451185	0.2239500097721529	0.004867743135127344	0.6903225806451613	0.2609985214304054
193048153	[-9,8.0,1.0]	40.87005882	-73.92161582000001	0.051697532416796685	0.3254203758451185	0.2239500097721529	0.004867743135127344	0.6903225806451613	0.2609985214304054
193048154	[-10,10.0,0.0]	40.86995438	-73.92201501999999	0.051697532416796685	0.3254203758451185	0.2239500097721529	0.004867743135127344	0.6903225806451613	0.2609985214304054
193048155	[-11,10.0,1.0]	40.86976792	-73.92179068	0.051697532416796685	0.3254203758451185	0.2239500097721529	0.004867743135127344	0.6903225806451613	0.2609985214304054
193048156	[-10,12.0,-2.0]	40.87014082	-73.92223942	0.051697532416796685	0.3254203758451185	0.2239500097721529	0.004867743135127344	0.6903225806451613	0.2609985214304054
193048157	[-9,8.0,1.0]	40.8699656	-73.92150364	0.051697532416796685	0.3254203758451185	0.2239500097721529	0.004867743135127344	0.6903225806451613	0.2609985214304054
193048158	[-11,9.0,2.0]	40.86967472	-73.92167848	0.051697532416796685	0.3254203758451185	0.2239500097721529	0.004867743135127344	0.6903225806451613	0.2609985214304054
193048159	[-10,11.0,-1.0]	40.870047619999994	-73.92212717999999	0.051697532416796685	0.3254203758451185	0.2239500097721529	0.004867743135127344	0.6903225806451613	0.2609985214304054
193048160	[-9,7.0,2.0]	40.8698724	-73.92139144000001	0.051697532416796685	0.3254203758451185	0.2239500097721529	0.004867743135127344	0.6903225806451613	0.2609985214304054
194722293	[-43,48.0,-5.0]	40.86713308000001	-73.92866269999999	0.051697532416796685	0.3254203758451185	0.2239500097721529	0.004867743135127344	0.6903225806451613	0.2609985214304054
205297613	[5,-1.0,-4.0]	40.871932788888884	-73.91989675555557	0.051697532416796685	0.3254203758451185	0.2239500097721529	0.004867743135127344	0.6903225806451613	0.2609985214304054
249486548	[-18,57.0,-39.0]	40.87305957857143	-73.93023528571429	0.051697532416796685	0.3254203758451185	0.2239500097721529	0.004867743135127344	0.6903225806451613	0.2609985214304054
249486549	[-33,64.0,-31.0]	40.87077545555556	-73.93155408333332	0.051697532416796685	0.3254203758451185	0.2239500097721529	0.004867743135127344	0.6903225806451613	0.2609985214304054
249486552	[-23,59.0,-36.0]	40.87238593333334	-73.93064156666667	0.051697532416796685	0.3254203758451185	0.2239500097721529	0.004867743135127344	0.6903225806451613	0.2609985214304054
249486553	[-27,60.0,-33.0]	40.871591	-73.93089528333333	0.051697532416796685	0.3254203758451185	0.2239500097721529	0.004867743135127344	0.6903225806451613	0.2609985214304054
249486554	[-10,52.0,-42.0]	40.87421760943397	-73.9293230037736	0.051697532416796685	0.3254203758451185	0.2239500097721529	0.004867743135127344	0.6903225806451613	0.2609985214304054
527857002	[-37,65.0,-28.0]	40.87007102	-73.93157539999999	0.051697532416796685	0.3254203758451185	0.2239500097721529	0.004867743135127344	0.6903225806451613	0.2609985214304054
164511454	[18,-3.0,-15.0]	40.87447106363636	-73.91960996363636	0.051697532416796685	0.3254203758451185	0.2239500097721529	0.004867743135127344	0.6903225806451613	0.2609985214304054
249486550	[-4,49.0,-45.0]	40.87523004	-73.928943	0.051697532416796685	0.3254203758451185	0.2239500097721529	0.004867743135127344	0.6903225806451613	0.2609985214304054
249486551	[0,47.0,-47.0]	40.8758652	-73.92840154000001	0.051697532416796685	0.3254203758451185	0.2239500097721529	0.004867743135127344	0.6903225806451613	0.2609985214304054
118529211	[22,-21.0,-1.0]	40.87332288	-73.91636206000001	0.051697532416796685	0.3254203758451185	0.2239500097721529	0.004867743135127344	0.6903225806451613	0.2609985214304054
118529215	[23,-34.0,11.0]	40.87225314	-73.91407312000001	0.051697532416796685	0.3254203758451185	0.2239500097721529	0.004867743135127344	0.6903225806451613	0.2609985214304054
118529218	[27,-32.0,5.0]	40.873287499999996	-73.91438895	0.051697532416796685	0.3254203758451185	0.2239500097721529	0.004867743135127344	0.6903225806451613	0.2609985214304054
118529223	[28,-28.0,0.0]	40.87386796	-73.91517039333334	0.051697532416796685	0.3254203758451185	0.2239500097721529	0.004867743135127344	0.6903225806451613	0.2609985214304054
278077316	[23,-30.0,7.0]	40.87258756	-73.91483306	0.051697532416796685	0.3254203758451185	0.2239500097721529	0.004867743135127344	0.6903225806451613	0.2609985214304054
275120597	[-32,9.0,23.0]	40.86540125	-73.92174811666666	0.051697532416796685	0.3254203758451185	0.2239500097721529	0.004867743135127344	0.6903225806451613	0.2609985214304054
275123370	[-12,2.0,10.0]	40.86877406	-73.92049136	0.051697532416796685	0.3254203758451185	0.2239500097721529	0.004867743135127344	0.6903225806451613	0.2609985214304054
275123543	[-9,-13.0,22.0]	40.86773534615384	-73.91778608076923	0.051697532416796685	0.3254203758451185	0.2239500097721529	0.004867743135127344	0.6903225806451613	0.2609985214304054
346383186	[-40,-1.0,41.0]	40.862628	-73.91993872	0.051697532416796685	0.3254203758451185	0.2239500097721529	0.004867743135127344	0.6903225806451613	0.2609985214304054
474169900	[-47,44.0,3.0]	40.86586245	-73.92796226666667	0.051697532416796685	0.3254203758451185	0.2239500097721529	0.004867743135127344	0.6903225806451613	0.2609985214304054
474175699	[-48,-10.0,58.0]	40.86017067333333	-73.91846267333334	0.051697532416796685	0.3254203758451185	0.2239500097721529	0.004867743135127344	0.6903225806451613	0.2609985214304054
609284998	[14,21.0,-35.0]	40.87608570689655	-73.92389158275863	0.051697532416796685	0.3254203758451185	0.2239500097721529	0.004867743135127344	0.6903225806451613	0.2609985214304054
474173970	[-44,-11.0,55.0]	40.8607912	-73.91812154545454	0.051697532416796685	0.3254203758451185	0.2239500097721529	0.004867743135127344	0.6903225806451613	0.2609985214304054
192855184	[2,-13.0,11.0]	40.87002206	-73.91789088	0.051697532416796685	0.3254203758451185	0.2239500097721529	0.004867743135127344	0.6903225806451613	0.2609985214304054
346383187	[-12,-15.0,27.0]	40.866997033333334	-73.91753354444444	0.051697532416796685	0.3254203758451185	0.2239500097721529	0.004867743135127344	0.6903225806451613	0.2609985214304054
346383188	[-9,-15.0,24.0]	40.867617120000006	-73.91736394	0.051697532416796685	0.3254203758451185	0.2239500097721529	0.004867743135127344	0.6903225806451613	0.2609985214304054
275118436	[-42,32.0,10.0]	40.865686222222216	-73.92584825555554	0.051697532416796685	0.3254203758451185	0.2239500097721529	0.004867743135127344	0.6903225806451613	0.2609985214304054
275118424	[-44,28.0,16.0]	40.8648251	-73.92512205000001	0.051697532416796685	0.3254203758451185	0.2239500097721529	0.004867743135127344	0.6903225806451613	0.2609985214304054
275120912	[-31,16.0,15.0]	40.86620397272727	-73.92296823636364	0.051697532416796685	0.3254203758451185	0.2239500097721529	0.004867743135127344	0.6903225806451613	0.2609985214304054
275121100	[31,-41.0,10.0]	40.8732006326923	-73.91277618846154	0.051697532416796685	0.3254203758451185	0.2239500097721529	0.004867743135127344	0.6903225806451613	0.2609985214304054
275118793	[-39,-2.0,41.0]	40.862844939999995	-73.91969222	0.051697532416796685	0.3254203758451185	0.2239500097721529	0.004867743135127344	0.6903225806451613	0.2609985214304054
226010199	[-13,2.0,11.0]	40.86854644583334	-73.92038231666666	0.051697532416796685	0.3254203758451185	0.2239500097721529	0.004867743135127344	0.6903225806451613	0.2609985214304054
275120593	[-28,9.0,19.0]	40.866116142857145	-73.9217230285714	0.051697532416796685	0.3254203758451185	0.2239500097721529	0.004867743135127344	0.6903225806451613	0.2609985214304054
275120913	[-33,18.0,15.0]	40.8660983	-73.92327216999999	0.051697532416796685	0.3254203758451185	0.2239500097721529	0.004867743135127344	0.6903225806451613	0.2609985214304054
275121196	[-40,37.0,3.0]	40.866505696969696	-73.92675227272727	0.051697532416796685	0.3254203758451185	0.2239500097721529	0.004867743135127344	0.6903225806451613	0.2609985214304054
278076427	278076427	0
474197681	278076427	2.0
474199300	278076427	2.0
164511453	278076427	3.0
164511456	278076427	3.0
164511458	278076427	3.0
164511459	278076427	3.0
164511460	278076427	3.0
193048150	278076427	3.0
193048151	278076427	3.0
193048152	278076427	3.0
193048153	278076427	3.0
193048154	278076427	3.0
193048155	278076427	3.0
193048156	278076427	3.0
193048157	278076427	3.0
193048158	278076427	3.0
193048159	278076427	3.0
193048160	278076427	3.0
194722293	278076427	2.0
205297613	278076427	3.0
249486548	278076427	3.0
249486549	278076427	4.0
249486552	278076427	3.0
249486553	278076427	3.0
249486554	278076427	3.0
527857002	278076427	4.0
164511454	278076427	3.0
249486550	278076427	3.0
249486551	278076427	3.0
118529211	278076427	3.0
118529215	278076427	3.0
118529218	278076427	4.0
118529223	278076427	4.0
278077316	278076427	3.0
275120597	278076427	1.0
275123370	278076427	2.0
275123543	278076427	2.0
346383186	278076427	2.0
474169900	278076427	1.0
474175699	278076427	3.0
609284998	278076427	4.0
474173970	278076427	3.0
192855184	278076427	3.0
346383187	278076427	2.0
346383188	278076427	3.0
275118436	278076427	1.0
275118424	278076427	0.0
275120912	278076427	1.0
275121100	278076427	3.0
275118793	278076427	3.0
226010199	278076427	2.0
275120593	278076427	1.0
275120913	278076427	1.0
275121196	278076427	2.0
474197681	474197681	0
474199300	474197681	0.0
164511453	474197681	3.0
164511456	474197681	3.0
164511458	474197681	3.0
164511459	474197681	3.0
164511460	474197681	3.0
193048150	474197681	3.0
193048151	474197681	3.0
193048152	474197681	3.0
193048153	474197681	3.0
193048154	474197681	3.0
193048155	474197681	3.0
193048156	474197681	3.0
193048157	474197681	3.0
193048158	474197681	3.0
193048159	474197681	3.0
193048160	474197681	3.0
194722293	474197681	3.0
205297613	474197681	3.0
249486548	474197681	4.0
249486549	474197681	5.0
249486552	474197681	4.0
249486553	474197681	4.0
249486554	474197681	4.0
527857002	474197681	5.0
164511454	474197681	3.0
249486550	474197681	4.0
249486551	474197681	4.0
118529211	474197681	3.0
118529215	474197681	3.0
118529218	474197681	3.0
118529223	474197681	3.0
278077316	474197681	3.0
275120597	474197681	1.0
275123370	474197681	3.0
275123543	474197681	2.0
346383186	474197681	0.0
474169900	474197681	3.0
474175699	474197681	2.0
609284998	474197681	4.0
474173970	474197681	2.0
192855184	474197681	3.0
346383187	474197681	2.0
346383188	474197681	3.0
275118436	474197681	2.0
275118424	474197681	2.0
275120912	474197681	2.0
275121100	474197681	3.0
275118793	474197681	1.0
226010199	474197681	3.0
275120593	474197681	2.0
275120913	474197681	2.0
275121196	474197681	3.0
474199300	474199300	0
164511453	474199300	3.0
164511456	474199300	3.0
164511458	474199300	3.0
164511459	474199300	3.0
164511460	474199300	3.0
193048150	474199300	3.0
193048151	474199300	3.0
193048152	474199300	3.0
193048153	474199300	3.0
193048154	474199300	3.0
193048155	474199300	3.0
193048156	474199300	3.0
193048157	474199300	3.0
193048158	474199300	3.0
193048159	474199300	3.0
193048160	474199300	3.0
194722293	474199300	3.0
205297613	474199300	3.0
249486548	474199300	4.0
249486549	474199300	5.0
249486552	474199300	4.0
249486553	474199300	4.0
249486554	474199300	4.0
527857002	474199300	5.0
164511454	474199300	3.0
249486550	474199300	4.0
249486551	474199300	4.0
118529211	474199300	3.0
118529215	474199300	3.0
118529218	474199300	3.0
118529223	474199300	3.0
278077316	474199300	3.0
275120597	474199300	1.0
275123370	474199300	3.0
275123543	474199300	2.0
346383186	474199300	0.0
474169900	474199300	3.0
474175699	474199300	2.0
609284998	474199300	4.0
474173970	474199300	1.0
192855184	474199300	3.0
346383187	474199300	2.0
346383188	474199300	2.0
275118436	474199300	3.0
275118424	474199300	2.0
275120912	474199300	2.0
275121100	474199300	3.0
275118793	474199300	0.0
226010199	474199300	3.0
275120593	474199300	2.0
275120913	474199300	2.0
275121196	474199300	3.0
164511453	164511453	0
164511456	164511453	0.0
164511458	164511453	0.0
164511459	164511453	0.0
164511460	164511453	0.0
193048150	164511453	0.0
193048151	164511453	0.0
193048152	164511453	0.0
193048153	164511453	0.0
193048154	164511453	1.0
193048155	164511453	0.0
193048156	164511453	1.0
193048157	164511453	0.0
193048158	164511453	0.0
193048159	164511453	1.0
193048160	164511453	0.0
194722293	164511453	3.0
205297613	164511453	0.0
249486548	164511453	4.0
249486549	164511453	5.0
249486552	164511453	4.0
249486553	164511453	3.0
249486554	164511453	4.0
527857002	164511453	5.0
164511454	164511453	2.0
249486550	164511453	4.0
249486551	164511453	4.0
118529211	164511453	1.0
118529215	164511453	2.0
118529218	164511453	3.0
118529223	164511453	3.0
278077316	164511453	2.0
275120597	164511453	3.0
275123370	164511453	1.0
275123543	164511453	2.0
346383186	164511453	3.0
474169900	164511453	3.0
474175699	164511453	3.0
609284998	164511453	4.0
474173970	164511453	3.0
192855184	164511453	2.0
346383187	164511453	2.0
346383188	164511453	2.0
275118436	164511453	3.0
275118424	164511453	3.0
275120912	164511453	2.0
275121100	164511453	3.0
275118793	164511453	3.0
226010199	164511453	1.0
275120593	164511453	2.0
275120913	164511453	2.0
275121196	164511453	2.0
164511456	164511456	0
164511458	164511456	0.0
164511459	164511456	1.0
164511460	164511456	1.0
193048150	164511456	0.0
193048151	164511456	0.0
193048152	164511456	0.0
193048153	164511456	0.0
193048154	164511456	1.0
193048155	164511456	0.0
193048156	164511456	1.0
193048157	164511456	0.0
193048158	164511456	0.0
193048159	164511456	1.0
193048160	164511456	0.0
194722293	164511456	3.0
205297613	164511456	1.0
249486548	164511456	4.0
249486549	164511456	5.0
249486552	164511456	3.0
249486553	164511456	3.0
249486554	164511456	4.0
527857002	164511456	5.0
164511454	164511456	2.0
249486550	164511456	4.0
249486551	164511456	4.0
118529211	164511456	1.0
118529215	164511456	2.0
118529218	164511456	3.0
118529223	164511456	3.0
278077316	164511456	2.0
275120597	164511456	2.0
275123370	164511456	1.0
275123543	164511456	2.0
346383186	164511456	3.0
474169900	164511456	3.0
474175699	164511456	3.0
609284998	164511456	4.0
474173970	164511456	3.0
192855184	164511456	2.0
346383187	164511456	2.0
346383188	164511456	2.0
275118436	164511456	3.0
275118424	164511456	3.0
275120912	164511456	2.0
275121100	164511456	3.0
275118793	164511456	3.0
226010199	164511456	1.0
275120593	164511456	2.0
275120913	164511456	2.0
275121196	164511456	2.0
164511458	164511458	0
164511459	164511458	1.0
164511460	164511458	1.0
193048150	164511458	0.0
193048151	164511458	0.0
193048152	164511458	0.0
193048153	164511458	0.0
193048154	164511458	1.0
193048155	164511458	0.0
193048156	164511458	1.0
193048157	164511458	0.0
193048158	164511458	0.0
193048159	164511458	1.0
193048160	164511458	0.0
194722293	164511458	3.0
205297613	164511458	1.0
249486548	164511458	4.0
249486549	164511458	5.0
249486552	164511458	3.0
249486553	164511458	3.0
249486554	164511458	4.0
527857002	164511458	5.0
164511454	164511458	2.0
249486550	164511458	4.0
249486551	164511458	4.0
118529211	164511458	1.0
118529215	164511458	2.0
118529218	164511458	3.0
118529223	164511458	3.0
278077316	164511458	2.0
275120597	164511458	2.0
275123370	164511458	1.0
275123543	164511458	2.0
346383186	164511458	3.0
474169900	164511458	3.0
474175699	164511458	3.0
609284998	164511458	4.0
474173970	164511458	3.0
192855184	164511458	2.0
346383187	164511458	2.0
346383188	164511458	2.0
275118436	164511458	3.0
275118424	164511458	3.0
275120912	164511458	2.0
275121100	164511458	3.0
275118793	164511458	3.0
226010199	164511458	1.0
275120593	164511458	2.0
275120913	164511458	2.0
275121196	164511458	2.0
164511459	164511459	0
164511460	164511459	0.0
193048150	164511459	1.0
193048151	164511459	1.0
193048152	164511459	1.0
193048153	164511459	1.0
193048154	164511459	2.0
193048155	164511459	1.0
193048156	164511459	2.0
193048157	164511459	1.0
193048158	164511459	1.0
193048159	164511459	2.0
193048160	164511459	1.0
194722293	164511459	3.0
205297613	164511459	0.0
249486548	164511459	4.0
249486549	164511459	5.0
249486552	164511459	4.0
249486553	164511459	4.0
249486554	164511459	4.0
527857002	164511459	5.0
164511454	164511459	0.0
249486550	164511459	4.0
249486551	164511459	4.0
118529211	164511459	1.0
118529215	164511459	2.0
118529218	164511459	3.0
118529223	164511459	3.0
278077316	164511459	2.0
275120597	164511459	3.0
275123370	164511459	2.0
275123543	164511459	3.0
346383186	164511459	3.0
474169900	164511459	3.0
474175699	164511459	4.0
609284998	164511459	4.0
474173970	164511459	3.0
192855184	164511459	2.0
346383187	164511459	3.0
346383188	164511459	2.0
275118436	164511459	3.0
275118424	164511459	3.0
275120912	164511459	3.0
275121100	164511459	3.0
275118793	164511459	3.0
226010199	164511459	2.0
275120593	164511459	3.0
275120913	164511459	3.0
275121196	164511459	3.0
164511460	164511460	0
193048150	164511460	1.0
193048151	164511460	1.0
193048152	164511460	1.0
193048153	164511460	1.0
193048154	164511460	2.0
193048155	164511460	1.0
193048156	164511460	2.0
193048157	164511460	1.0
193048158	164511460	1.0
193048159	164511460	2.0
193048160	164511460	1.0
194722293	164511460	3.0
205297613	164511460	0.0
249486548	164511460	4.0
249486549	164511460	5.0
249486552	164511460	4.0
249486553	164511460	4.0
249486554	164511460	4.0
527857002	164511460	5.0
164511454	164511460	0.0
249486550	164511460	4.0
249486551	164511460	4.0
118529211	164511460	1.0
118529215	164511460	2.0
118529218	164511460	3.0
118529223	164511460	3.0
278077316	164511460	2.0
275120597	164511460	3.0
275123370	164511460	2.0
275123543	164511460	3.0
346383186	164511460	3.0
474169900	164511460	3.0
474175699	164511460	4.0
609284998	164511460	4.0
474173970	164511460	3.0
192855184	164511460	2.0
346383187	164511460	3.0
346383188	164511460	2.0
275118436	164511460	3.0
275118424	164511460	3.0
275120912	164511460	3.0
275121100	164511460	3.0
275118793	164511460	3.0
226010199	164511460	2.0
275120593	164511460	3.0
275120913	164511460	3.0
275121196	164511460	3.0
193048150	193048150	0
193048151	193048150	0.0
193048152	193048150	0.0
193048153	193048150	0.0
193048154	193048150	0.0
193048155	193048150	0.0
193048156	193048150	0.0
193048157	193048150	0.0
193048158	193048150	0.0
193048159	193048150	0.0
193048160	193048150	0.0
194722293	193048150	2.0
205297613	193048150	1.0
249486548	193048150	3.0
249486549	193048150	4.0
249486552	193048150	3.0
249486553	193048150	3.0
249486554	193048150	4.0
527857002	193048150	5.0
164511454	193048150	2.0
249486550	193048150	4.0
249486551	193048150	4.0
118529211	193048150	2.0
118529215	193048150	3.0
118529218	193048150	3.0
118529223	193048150	3.0
278077316	193048150	2.0
275120597	193048150	2.0
275123370	193048150	0.0
275123543	193048150	2.0
346383186	193048150	3.0
474169900	193048150	2.0
474175699	193048150	3.0
609284998	193048150	4.0
474173970	193048150	3.0
192855184	193048150	2.0
346383187	193048150	2.0
346383188	193048150	2.0
275118436	193048150	2.0
275118424	193048150	3.0
275120912	193048150	2.0
275121100	193048150	3.0
275118793	193048150	3.0
226010199	193048150	0.0
275120593	193048150	2.0
275120913	193048150	2.0
275121196	193048150	2.0
193048151	193048151	0
193048152	193048151	0.0
193048153	193048151	0.0
193048154	193048151	0.0
193048155	193048151	0.0
193048156	193048151	0.0
193048157	193048151	0.0
193048158	193048151	0.0
193048159	193048151	0.0
193048160	193048151	0.0
194722293	193048151	2.0
205297613	193048151	1.0
249486548	193048151	3.0
249486549	193048151	4.0
249486552	193048151	3.0
249486553	193048151	3.0
249486554	193048151	4.0
527857002	193048151	5.0
164511454	193048151	2.0
249486550	193048151	4.0
249486551	193048151	4.0
118529211	193048151	2.0
118529215	193048151	3.0
118529218	193048151	3.0
118529223	193048151	3.0
278077316	193048151	2.0
275120597	193048151	2.0
275123370	193048151	0.0
275123543	193048151	2.0
346383186	193048151	3.0
474169900	193048151	2.0
474175699	193048151	3.0
609284998	193048151	4.0
474173970	193048151	3.0
192855184	193048151	2.0
346383187	193048151	2.0
346383188	193048151	2.0
275118436	193048151	2.0
275118424	193048151	3.0
275120912	193048151	2.0
275121100	193048151	3.0
275118793	193048151	3.0
226010199	193048151	0.0
275120593	193048151	2.0
275120913	193048151	2.0
275121196	193048151	2.0
193048152	193048152	0
193048153	193048152	0.0
193048154	193048152	0.0
193048155	193048152	0.0
193048156	193048152	0.0
193048157	193048152	0.0
193048158	193048152	0.0
193048159	193048152	0.0
193048160	193048152	0.0
194722293	193048152	2.0
205297613	193048152	1.0
249486548	193048152	3.0
249486549	193048152	4.0
249486552	193048152	3.0
249486553	193048152	3.0
249486554	193048152	4.0
527857002	193048152	5.0
164511454	193048152	2.0
249486550	193048152	4.0
249486551	193048152	4.0
118529211	193048152	2.0
118529215	193048152	3.0
118529218	193048152	3.0
118529223	193048152	3.0
278077316	193048152	2.0
275120597	193048152	2.0
275123370	193048152	0.0
275123543	193048152	2.0
346383186	193048152	3.0
474169900	193048152	2.0
474175699	193048152	3.0
609284998	193048152	4.0
474173970	193048152	3.0
192855184	193048152	2.0
346383187	193048152	2.0
346383188	193048152	2.0
275118436	193048152	2.0
275118424	193048152	3.0
275120912	193048152	2.0
275121100	193048152	3.0
275118793	193048152	3.0
226010199	193048152	1.0
275120593	193048152	2.0
275120913	193048152	2.0
275121196	193048152	2.0
193048153	193048153	0
193048154	193048153	0.0
193048155	193048153	0.0
193048156	193048153	0.0
193048157	193048153	0.0
193048158	193048153	0.0
193048159	193048153	0.0
193048160	193048153	0.0
194722293	193048153	2.0
205297613	193048153	1.0
249486548	193048153	3.0
249486549	193048153	4.0
249486552	193048153	3.0
249486553	193048153	3.0
249486554	193048153	4.0
527857002	193048153	5.0
164511454	193048153	2.0
249486550	193048153	4.0
249486551	193048153	4.0
118529211	193048153	2.0
118529215	193048153	3.0
118529218	193048153	3.0
118529223	193048153	3.0
278077316	193048153	2.0
275120597	193048153	2.0
275123370	193048153	0.0
275123543	193048153	2.0
346383186	193048153	3.0
474169900	193048153	2.0
474175699	193048153	3.0
609284998	193048153	4.0
474173970	193048153	3.0
192855184	193048153	2.0
346383187	193048153	2.0
346383188	193048153	2.0
275118436	193048153	2.0
275118424	193048153	3.0
275120912	193048153	2.0
275121100	193048153	3.0
275118793	193048153	3.0
226010199	193048153	0.0
275120593	193048153	2.0
275120913	193048153	2.0
275121196	193048153	2.0
193048154	193048154	0
193048155	193048154	0.0
193048156	193048154	0.0
193048157	193048154	0.0
193048158	193048154	0.0
193048159	193048154	0.0
193048160	193048154	0.0
194722293	193048154	2.0
205297613	193048154	2.0
249486548	193048154	3.0
249486549	193048154	4.0
249486552	193048154	3.0
249486553	193048154	3.0
249486554	193048154	4.0
527857002	193048154	4.0
164511454	193048154	2.0
249486550	193048154	4.0
249486551	193048154	4.0
118529211	193048154	2.0
118529215	193048154	3.0
118529218	193048154	3.0
118529223	193048154	3.0
278077316	193048154	2.0
275120597	193048154	2.0
275123370	193048154	1.0
275123543	193048154	2.0
346383186	193048154	3.0
474169900	193048154	2.0
474175699	193048154	3.0
609284998	193048154	4.0
474173970	193048154	3.0
192855184	193048154	2.0
346383187	193048154	2.0
346383188	193048154	2.0
275118436	193048154	2.0
275118424	193048154	2.0
275120912	193048154	2.0
275121100	193048154	3.0
275118793	193048154	3.0
226010199	193048154	1.0
275120593	193048154	2.0
275120913	193048154	2.0
275121196	193048154	2.0
193048155	193048155	0
193048156	193048155	0.0
193048157	193048155	0.0
193048158	193048155	0.0
193048159	193048155	0.0
193048160	193048155	0.0
194722293	193048155	2.0
205297613	193048155	1.0
249486548	193048155	3.0
249486549	193048155	4.0
249486552	193048155	3.0
249486553	193048155	3.0
249486554	193048155	4.0
527857002	193048155	5.0
164511454	193048155	2.0
249486550	193048155	4.0
249486551	193048155	4.0
118529211	193048155	2.0
118529215	193048155	3.0
118529218	193048155	3.0
118529223	193048155	3.0
278077316	193048155	2.0
275120597	193048155	2.0
275123370	193048155	0.0
275123543	193048155	2.0
346383186	193048155	3.0
474169900	193048155	2.0
474175699	193048155	3.0
609284998	193048155	4.0
474173970	193048155	3.0
192855184	193048155	2.0
346383187	193048155	2.0
346383188	193048155	2.0
275118436	193048155	2.0
275118424	193048155	3.0
275120912	193048155	2.0
275121100	193048155	3.0
275118793	193048155	3.0
226010199	193048155	1.0
275120593	193048155	2.0
275120913	193048155	2.0
275121196	193048155	2.0
193048156	193048156	0
193048157	193048156	0.0
193048158	193048156	0.0
193048159	193048156	0.0
193048160	193048156	0.0
194722293	193048156	2.0
205297613	193048156	2.0
249486548	193048156	3.0
249486549	193048156	4.0
249486552	193048156	3.0
249486553	193048156	3.0
249486554	193048156	4.0
527857002	193048156	4.0
164511454	193048156	2.0
249486550	193048156	4.0
249486551	193048156	4.0
118529211	193048156	2.0
118529215	193048156	3.0
118529218	193048156	3.0
118529223	193048156	3.0
278077316	193048156	2.0
275120597	193048156	2.0
275123370	193048156	1.0
275123543	193048156	2.0
346383186	193048156	3.0
474169900	193048156	2.0
474175699	193048156	3.0
609284998	193048156	4.0
474173970	193048156	3.0
192855184	193048156	2.0
346383187	193048156	2.0
346383188	193048156	2.0
275118436	193048156	2.0
275118424	193048156	2.0
275120912	193048156	2.0
275121100	193048156	3.0
275118793	193048156	3.0
226010199	193048156	1.0
275120593	193048156	2.0
275120913	193048156	2.0
275121196	193048156	2.0
193048157	193048157	0
193048158	193048157	0.0
193048159	193048157	0.0
193048160	193048157	0.0
194722293	193048157	2.0
205297613	193048157	1.0
249486548	193048157	3.0
249486549	193048157	4.0
249486552	193048157	3.0
249486553	193048157	3.0
249486554	193048157	4.0
527857002	193048157	5.0
164511454	193048157	2.0
249486550	193048157	4.0
249486551	193048157	4.0
118529211	193048157	2.0
118529215	193048157	3.0
118529218	193048157	3.0
118529223	193048157	3.0
278077316	193048157	2.0
275120597	193048157	2.0
275123370	193048157	0.0
275123543	193048157	2.0
346383186	193048157	3.0
474169900	193048157	2.0
474175699	193048157	3.0
609284998	193048157	4.0
474173970	193048157	3.0
192855184	193048157	2.0
346383187	193048157	2.0
346383188	193048157	2.0
275118436	193048157	2.0
275118424	193048157	3.0
275120912	193048157	2.0
275121100	193048157	3.0
275118793	193048157	3.0
226010199	193048157	0.0
275120593	193048157	2.0
275120913	193048157	2.0
275121196	193048157	2.0
193048158	193048158	0
193048159	193048158	0.0
193048160	193048158	0.0
194722293	193048158	2.0
205297613	193048158	1.0
249486548	193048158	3.0
249486549	193048158	4.0
249486552	193048158	3.0
249486553	193048158	3.0
249486554	193048158	4.0
527857002	193048158	5.0
164511454	193048158	2.0
249486550	193048158	4.0
249486551	193048158	4.0
118529211	193048158	2.0
118529215	193048158	3.0
118529218	193048158	3.0
118529223	193048158	3.0
278077316	193048158	2.0
275120597	193048158	2.0
275123370	193048158	0.0
275123543	193048158	2.0
346383186	193048158	3.0
474169900	193048158	2.0
474175699	193048158	3.0
609284998	193048158	4.0
474173970	193048158	3.0
192855184	193048158	2.0
346383187	193048158	2.0
346383188	193048158	2.0
275118436	193048158	2.0
275118424	193048158	3.0
275120912	193048158	2.0
275121100	193048158	3.0
275118793	193048158	3.0
226010199	193048158	1.0
275120593	193048158	2.0
275120913	193048158	2.0
275121196	193048158	2.0
193048159	193048159	0
193048160	193048159	0.0
194722293	193048159	2.0
205297613	193048159	2.0
249486548	193048159	3.0
249486549	193048159	4.0
249486552	193048159	3.0
249486553	193048159	3.0
249486554	193048159	4.0
527857002	193048159	4.0
164511454	193048159	2.0
249486550	193048159	4.0
249486551	193048159	4.0
118529211	193048159	2.0
118529215	193048159	3.0
118529218	193048159	3.0
118529223	193048159	3.0
278077316	193048159	2.0
275120597	193048159	2.0
275123370	193048159	1.0
275123543	193048159	2.0
346383186	193048159	3.0
474169900	193048159	2.0
474175699	193048159	3.0
609284998	193048159	4.0
474173970	193048159	3.0
192855184	193048159	2.0
346383187	193048159	2.0
346383188	193048159	2.0
275118436	193048159	2.0
275118424	193048159	2.0
275120912	193048159	2.0
275121100	193048159	3.0
275118793	193048159	3.0
226010199	193048159	1.0
275120593	193048159	2.0
275120913	193048159	2.0
275121196	193048159	2.0
193048160	193048160	0
194722293	193048160	2.0
205297613	193048160	1.0
249486548	193048160	3.0
249486549	193048160	4.0
249486552	193048160	3.0
249486553	193048160	3.0
249486554	193048160	4.0
527857002	193048160	5.0
164511454	193048160	2.0
249486550	193048160	4.0
249486551	193048160	4.0
118529211	193048160	2.0
118529215	193048160	3.0
118529218	193048160	3.0
118529223	193048160	3.0
278077316	193048160	2.0
275120597	193048160	2.0
275123370	193048160	0.0
275123543	193048160	2.0
346383186	193048160	3.0
474169900	193048160	2.0
474175699	193048160	3.0
609284998	193048160	4.0
474173970	193048160	3.0
192855184	193048160	2.0
346383187	193048160	2.0
346383188	193048160	2.0
275118436	193048160	2.0
275118424	193048160	3.0
275120912	193048160	2.0
275121100	193048160	3.0
275118793	193048160	3.0
226010199	193048160	0.0
275120593	193048160	2.0
275120913	193048160	2.0
275121196	193048160	2.0
194722293	194722293	0
205297613	194722293	3.0
249486548	194722293	3.0
249486549	194722293	4.0
249486552	194722293	3.0
249486553	194722293	3.0
249486554	194722293	3.0
527857002	194722293	4.0
164511454	194722293	3.0
249486550	194722293	3.0
249486551	194722293	3.0
118529211	194722293	3.0
118529215	194722293	4.0
118529218	194722293	4.0
118529223	194722293	4.0
278077316	194722293	3.0
275120597	194722293	3.0
275123370	194722293	3.0
275123543	194722293	3.0
346383186	194722293	3.0
474169900	194722293	1.0
474175699	194722293	4.0
609284998	194722293	4.0
474173970	194722293	3.0
192855184	194722293	3.0
346383187	194722293	3.0
346383188	194722293	3.0
275118436	194722293	1.0
275118424	194722293	2.0
275120912	194722293	2.0
275121100	194722293	4.0
275118793	194722293	3.0
226010199	194722293	3.0
275120593	194722293	3.0
275120913	194722293	2.0
275121196	194722293	1.0
205297613	205297613	0
249486548	205297613	4.0
249486549	205297613	5.0
249486552	205297613	4.0
249486553	205297613	4.0
249486554	205297613	4.0
527857002	205297613	5.0
164511454	205297613	0.0
249486550	205297613	4.0
249486551	205297613	4.0
118529211	205297613	1.0
118529215	205297613	2.0
118529218	205297613	3.0
118529223	205297613	3.0
278077316	205297613	2.0
275120597	205297613	3.0
275123370	205297613	2.0
275123543	205297613	3.0
346383186	205297613	3.0
474169900	205297613	3.0
474175699	205297613	4.0
609284998	205297613	4.0
474173970	205297613	3.0
192855184	205297613	2.0
346383187	205297613	3.0
346383188	205297613	2.0
275118436	205297613	3.0
275118424	205297613	3.0
275120912	205297613	3.0
275121100	205297613	3.0
275118793	205297613	3.0
226010199	205297613	2.0
275120593	205297613	3.0
275120913	205297613	3.0
275121196	205297613	3.0
249486548	249486548	0
249486549	249486548	1.0
249486552	249486548	0.0
249486553	249486548	0.0
249486554	249486548	0.0
527857002	249486548	1.0
164511454	249486548	4.0
249486550	249486548	1.0
249486551	249486548	1.0
118529211	249486548	4.0
118529215	249486548	4.0
118529218	249486548	4.0
118529223	249486548	4.0
278077316	249486548	4.0
275120597	249486548	4.0
275123370	249486548	4.0
275123543	249486548	4.0
346383186	249486548	4.0
474169900	249486548	3.0
474175699	249486548	4.0
609284998	249486548	2.0
474173970	249486548	4.0
192855184	249486548	4.0
346383187	249486548	4.0
346383188	249486548	4.0
275118436	249486548	3.0
275118424	249486548	3.0
275120912	249486548	3.0
275121100	249486548	4.0
275118793	249486548	4.0
226010199	249486548	4.0
275120593	249486548	3.0
275120913	249486548	3.0
275121196	249486548	3.0
249486549	249486549	0
249486552	249486549	0.0
249486553	249486549	0.0
249486554	249486549	2.0
527857002	249486549	0.0
164511454	249486549	5.0
249486550	249486549	2.0
249486551	249486549	2.0
118529211	249486549	5.0
118529215	249486549	5.0
118529218	249486549	5.0
118529223	249486549	5.0
278077316	249486549	5.0
275120597	249486549	4.0
275123370	249486549	5.0
275123543	249486549	5.0
346383186	249486549	5.0
474169900	249486549	4.0
474175699	249486549	5.0
609284998	249486549	3.0
474173970	249486549	5.0
192855184	249486549	5.0
346383187	249486549	5.0
346383188	249486549	5.0
275118436	249486549	4.0
275118424	249486549	4.0
275120912	249486549	4.0
275121100	249486549	5.0
275118793	249486549	5.0
226010199	249486549	5.0
275120593	249486549	4.0
275120913	249486549	4.0
275121196	249486549	4.0
249486552	249486552	0
249486553	249486552	0.0
249486554	249486552	1.0
527857002	249486552	1.0
164511454	249486552	4.0
249486550	249486552	1.0
249486551	249486552	1.0
118529211	249486552	4.0
118529215	249486552	4.0
118529218	249486552	4.0
118529223	249486552	4.0
278077316	249486552	4.0
275120597	249486552	3.0
275123370	249486552	4.0
275123543	249486552	4.0
346383186	249486552	4.0
474169900	249486552	3.0
474175699	249486552	4.0
609284998	249486552	2.0
474173970	249486552	4.0
192855184	249486552	4.0
346383187	249486552	4.0
346383188	249486552	4.0
275118436	249486552	3.0
275118424	249486552	3.0
275120912	249486552	3.0
275121100	249486552	4.0
275118793	249486552	4.0
226010199	249486552	4.0
275120593	249486552	3.0
275120913	249486552	3.0
275121196	249486552	3.0
249486553	249486553	0
249486554	249486553	1.0
527857002	249486553	0.0
164511454	249486553	4.0
249486550	249486553	1.0
249486551	249486553	2.0
118529211	249486553	4.0
118529215	249486553	4.0
118529218	249486553	4.0
118529223	249486553	4.0
278077316	249486553	4.0
275120597	249486553	3.0
275123370	249486553	4.0
275123543	249486553	4.0
346383186	249486553	4.0
474169900	249486553	3.0
474175699	249486553	4.0
609284998	249486553	3.0
474173970	249486553	4.0
192855184	249486553	4.0
346383187	249486553	4.0
346383188	249486553	4.0
275118436	249486553	3.0
275118424	249486553	3.0
275120912	249486553	3.0
275121100	249486553	4.0
275118793	249486553	4.0
226010199	249486553	4.0
275120593	249486553	3.0
275120913	249486553	3.0
275121196	249486553	3.0
249486554	249486554	0
527857002	249486554	2.0
164511454	249486554	4.0
249486550	249486554	0.0
249486551	249486554	0.0
118529211	249486554	4.0
118529215	249486554	4.0
118529218	249486554	4.0
118529223	249486554	4.0
278077316	249486554	4.0
275120597	249486554	4.0
275123370	249486554	4.0
275123543	249486554	4.0
346383186	249486554	4.0
474169900	249486554	3.0
474175699	249486554	4.0
609284998	249486554	2.0
474173970	249486554	4.0
192855184	249486554	4.0
346383187	249486554	4.0
346383188	249486554	4.0
275118436	249486554	3.0
275118424	249486554	3.0
275120912	249486554	4.0
275121100	249486554	4.0
275118793	249486554	4.0
226010199	249486554	4.0
275120593	249486554	4.0
275120913	249486554	4.0
275121196	249486554	3.0
527857002	527857002	0
164511454	527857002	5.0
249486550	527857002	2.0
249486551	527857002	2.0
118529211	527857002	5.0
118529215	527857002	5.0
118529218	527857002	5.0
118529223	527857002	5.0
278077316	527857002	5.0
275120597	527857002	4.0
275123370	527857002	5.0
275123543	527857002	5.0
346383186	527857002	5.0
474169900	527857002	4.0
474175699	527857002	5.0
609284998	527857002	3.0
474173970	527857002	5.0
192855184	527857002	5.0
346383187	527857002	5.0
346383188	527857002	5.0
275118436	527857002	4.0
275118424	527857002	4.0
275120912	527857002	4.0
275121100	527857002	5.0
275118793	527857002	5.0
226010199	527857002	5.0
275120593	527857002	4.0
275120913	527857002	4.0
275121196	527857002	4.0
164511454	164511454	0
249486550	164511454	4.0
249486551	164511454	4.0
118529211	164511454	0.0
118529215	164511454	2.0
118529218	164511454	2.0
118529223	164511454	2.0
278077316	164511454	1.0
275120597	164511454	3.0
275123370	164511454	2.0
275123543	164511454	3.0
346383186	164511454	3.0
474169900	164511454	3.0
474175699	164511454	4.0
609284998	164511454	4.0
474173970	164511454	4.0
192855184	164511454	2.0
346383187	164511454	3.0
346383188	164511454	3.0
275118436	164511454	3.0
275118424	164511454	3.0
275120912	164511454	3.0
275121100	164511454	2.0
275118793	164511454	3.0
226010199	164511454	2.0
275120593	164511454	3.0
275120913	164511454	3.0
275121196	164511454	3.0
249486550	249486550	0
249486551	249486550	0.0
118529211	249486550	4.0
118529215	249486550	4.0
118529218	249486550	4.0
118529223	249486550	4.0
278077316	249486550	4.0
275120597	249486550	4.0
275123370	249486550	4.0
275123543	249486550	4.0
346383186	249486550	4.0
474169900	249486550	3.0
474175699	249486550	4.0
609284998	249486550	2.0
474173970	249486550	4.0
192855184	249486550	4.0
346383187	249486550	4.0
346383188	249486550	4.0
275118436	249486550	3.0
275118424	249486550	3.0
275120912	249486550	4.0
275121100	249486550	4.0
275118793	249486550	4.0
226010199	249486550	4.0
275120593	249486550	4.0
275120913	249486550	4.0
275121196	249486550	3.0
249486551	249486551	0
118529211	249486551	4.0
118529215	249486551	4.0
118529218	249486551	4.0
118529223	249486551	4.0
278077316	249486551	4.0
275120597	249486551	4.0
275123370	249486551	4.0
275123543	249486551	4.0
346383186	249486551	4.0
474169900	249486551	3.0
474175699	249486551	4.0
609284998	249486551	1.0
474173970	249486551	4.0
192855184	249486551	4.0
346383187	249486551	4.0
346383188	249486551	4.0
275118436	249486551	3.0
275118424	249486551	3.0
275120912	249486551	4.0
275121100	249486551	4.0
275118793	249486551	4.0
226010199	249486551	4.0
275120593	249486551	4.0
275120913	249486551	4.0
275121196	249486551	3.0
118529211	118529211	0
118529215	118529211	1.0
118529218	118529211	2.0
118529223	118529211	2.0
278077316	118529211	0.0
275120597	118529211	3.0
275123370	118529211	2.0
275123543	118529211	3.0
346383186	118529211	3.0
474169900	118529211	3.0
474175699	118529211	4.0
609284998	118529211	4.0
474173970	118529211	4.0
192855184	118529211	2.0
346383187	118529211	3.0
346383188	118529211	2.0
275118436	118529211	3.0
275118424	118529211	3.0
275120912	118529211	3.0
275121100	118529211	2.0
275118793	118529211	3.0
226010199	118529211	2.0
275120593	118529211	3.0
275120913	118529211	3.0
275121196	118529211	3.0
118529215	118529215	0
118529218	118529215	1.0
118529223	118529215	1.0
278077316	118529215	1.0
275120597	118529215	3.0
275123370	118529215	3.0
275123543	118529215	2.0
346383186	118529215	3.0
474169900	118529215	3.0
474175699	118529215	4.0
609284998	118529215	4.0
474173970	118529215	3.0
192855184	118529215	2.0
346383187	118529215	2.0
346383188	118529215	2.0
275118436	118529215	3.0
275118424	118529215	3.0
275120912	118529215	3.0
275121100	118529215	0.0
275118793	118529215	3.0
226010199	118529215	2.0
275120593	118529215	3.0
275120913	118529215	3.0
275121196	118529215	3.0
118529218	118529218	0
118529223	118529218	0.0
278077316	118529218	2.0
275120597	118529218	3.0
275123370	118529218	3.0
275123543	118529218	3.0
346383186	118529218	3.0
474169900	118529218	4.0
474175699	118529218	4.0
609284998	118529218	5.0
474173970	118529218	4.0
192855184	118529218	2.0
346383187	118529218	3.0
346383188	118529218	3.0
275118436	118529218	3.0
275118424	118529218	3.0
275120912	118529218	3.0
275121100	118529218	0.0
275118793	118529218	3.0
226010199	118529218	3.0
275120593	118529218	3.0
275120913	118529218	3.0
275121196	118529218	3.0
118529223	118529223	0
278077316	118529223	2.0
275120597	118529223	3.0
275123370	118529223	3.0
275123543	118529223	3.0
346383186	118529223	3.0
474169900	118529223	4.0
474175699	118529223	4.0
609284998	118529223	5.0
474173970	118529223	4.0
192855184	118529223	2.0
346383187	118529223	3.0
346383188	118529223	3.0
275118436	118529223	3.0
275118424	118529223	3.0
275120912	118529223	3.0
275121100	118529223	0.0
275118793	118529223	3.0
226010199	118529223	3.0
275120593	118529223	3.0
275120913	118529223	3.0
275121196	118529223	3.0
278077316	278077316	0
275120597	278077316	3.0
275123370	278077316	2.0
275123543	278077316	3.0
346383186	278077316	3.0
474169900	278077316	3.0
474175699	278077316	4.0
609284998	278077316	4.0
474173970	278077316	3.0
192855184	278077316	1.0
346383187	278077316	2.0
346383188	278077316	2.0
275118436	278077316	3.0
275118424	278077316	3.0
275120912	278077316	3.0
275121100	278077316	2.0
275118793	278077316	3.0
226010199	278077316	2.0
275120593	278077316	3.0
275120913	278077316	3.0
275121196	278077316	3.0
275120597	275120597	0
275123370	275120597	2.0
275123543	275120597	2.0
346383186	275120597	1.0
474169900	275120597	2.0
474175699	275120597	2.0
609284998	275120597	4.0
474173970	275120597	2.0
192855184	275120597	3.0
346383187	275120597	2.0
346383188	275120597	2.0
275118436	275120597	2.0
275118424	275120597	1.0
275120912	275120597	0.0
275121100	275120597	3.0
275118793	275120597	2.0
226010199	275120597	2.0
275120593	275120597	0.0
275120913	275120597	0.0
275121196	275120597	2.0
275123370	275123370	0
275123543	275123370	2.0
346383186	275123370	3.0
474169900	275123370	3.0
474175699	275123370	3.0
609284998	275123370	4.0
474173970	275123370	3.0
192855184	275123370	3.0
346383187	275123370	2.0
346383188	275123370	1.0
275118436	275123370	2.0
275118424	275123370	2.0
275120912	275123370	2.0
275121100	275123370	3.0
275118793	275123370	3.0
226010199	275123370	0.0
275120593	275123370	2.0
275120913	275123370	2.0
275121196	275123370	2.0
275123543	275123543	0
346383186	275123543	2.0
474169900	275123543	3.0
474175699	275123543	3.0
609284998	275123543	4.0
474173970	275123543	3.0
192855184	275123543	3.0
346383187	275123543	0.0
346383188	275123543	1.0
275118436	275123543	2.0
275118424	275123543	2.0
275120912	275123543	2.0
275121100	275123543	3.0
275118793	275123543	2.0
226010199	275123543	1.0
275120593	275123543	1.0
275120913	275123543	2.0
275121196	275123543	3.0
346383186	346383186	0
474169900	346383186	3.0
474175699	346383186	1.0
609284998	346383186	4.0
474173970	346383186	1.0
192855184	346383186	3.0
346383187	346383186	2.0
346383188	346383186	2.0
275118436	346383186	3.0
275118424	346383186	2.0
275120912	346383186	2.0
275121100	346383186	3.0
275118793	346383186	0.0
226010199	346383186	2.0
275120593	346383186	2.0
275120913	346383186	2.0
275121196	346383186	3.0
474169900	474169900	0
474175699	474169900	3.0
609284998	474169900	4.0
474173970	474169900	3.0
192855184	474169900	3.0
346383187	474169900	3.0
346383188	474169900	3.0
275118436	474169900	0.0
275118424	474169900	1.0
275120912	474169900	2.0
275121100	474169900	4.0
275118793	474169900	3.0
226010199	474169900	3.0
275120593	474169900	2.0
275120913	474169900	2.0
275121196	474169900	2.0
474175699	474175699	0
609284998	474175699	4.0
474173970	474175699	0.0
192855184	474175699	4.0
346383187	474175699	3.0
346383188	474175699	3.0
275118436	474175699	3.0
275118424	474175699	3.0
275120912	474175699	3.0
275121100	474175699	4.0
275118793	474175699	2.0
226010199	474175699	3.0
275120593	474175699	3.0
275120913	474175699	3.0
275121196	474175699	3.0
609284998	609284998	0
474173970	609284998	4.0
192855184	609284998	4.0
346383187	609284998	4.0
346383188	609284998	4.0
275118436	609284998	4.0
275118424	609284998	4.0
275120912	609284998	4.0
275121100	609284998	5.0
275118793	609284998	4.0
226010199	609284998	4.0
275120593	609284998	4.0
275120913	609284998	4.0
275121196	609284998	4.0
474173970	474173970	0
192855184	474173970	4.0
346383187	474173970	3.0
346383188	474173970	3.0
275118436	474173970	3.0
275118424	474173970	3.0
275120912	474173970	2.0
275121100	474173970	4.0
275118793	474173970	1.0
226010199	474173970	3.0
275120593	474173970	2.0
275120913	474173970	2.0
275121196	474173970	3.0
192855184	192855184	0
346383187	192855184	3.0
346383188	192855184	3.0
275118436	192855184	3.0
275118424	192855184	3.0
275120912	192855184	3.0
275121100	192855184	2.0
275118793	192855184	3.0
226010199	192855184	2.0
275120593	192855184	3.0
275120913	192855184	3.0
275121196	192855184	3.0
346383187	346383187	0
346383188	346383187	0.0
275118436	346383187	3.0
275118424	346383187	2.0
275120912	346383187	2.0
275121100	346383187	3.0
275118793	346383187	2.0
226010199	346383187	1.0
275120593	346383187	2.0
275120913	346383187	2.0
275121196	346383187	3.0
346383188	346383188	0
275118436	346383188	3.0
275118424	346383188	3.0
275120912	346383188	2.0
275121100	346383188	3.0
275118793	346383188	3.0
226010199	346383188	1.0
275120593	346383188	2.0
275120913	346383188	2.0
275121196	346383188	3.0
275118436	275118436	0
275118424	275118436	1.0
275120912	275118436	1.0
275121100	275118436	3.0
275118793	275118436	3.0
226010199	275118436	2.0
275120593	275118436	2.0
275120913	275118436	1.0
275121196	275118436	0.0
275118424	275118424	0
275120912	275118424	1.0
275121100	275118424	3.0
275118793	275118424	2.0
226010199	275118424	2.0
275120593	275118424	1.0
275120913	275118424	1.0
275121196	275118424	1.0
275120912	275120912	0
275121100	275120912	3.0
275118793	275120912	2.0
226010199	275120912	2.0
275120593	275120912	0.0
275120913	275120912	0.0
275121196	275120912	2.0
275121100	275121100	0
275118793	275121100	3.0
226010199	275121100	3.0
275120593	275121100	3.0
275120913	275121100	3.0
275121196	275121100	3.0
275118793	275118793	0
226010199	275118793	2.0
275120593	275118793	2.0
275120913	275118793	2.0
275121196	275118793	3.0
226010199	226010199	0
275120593	226010199	2.0
275120913	226010199	2.0
275121196	226010199	2.0
275120593	275120593	0
275120913	275120593	0.0
275121196	275120593	2.0
275120913	275120913	0
275121196	275120913	2.0
275121196	275121196	0
