273387092	[76,-61.0,-15.0]	40.672151039999996	-73.90521778	0.08855140902340729	0.33882484980274663	0.21116431296646918	0.0025422121561424387	0.610752688172043	0.184502465758276
273387093	[74,-62.0,-12.0]	40.67150312	-73.9049984	0.08855140902340729	0.33882484980274663	0.21116431296646918	0.0025422121561424387	0.610752688172043	0.184502465758276
273387094	[78,-63.0,-15.0]	40.6722573	-73.9049058	0.08855140902340729	0.33882484980274663	0.21116431296646918	0.0025422121561424387	0.610752688172043	0.184502465758276
273387095	[78,-62.0,-16.0]	40.67237046	-73.90498176	0.08855140902340729	0.33882484980274663	0.21116431296646918	0.0025422121561424387	0.610752688172043	0.184502465758276
273387096	[73,-61.0,-12.0]	40.671481359999994	-73.90515496	0.08855140902340729	0.33882484980274663	0.21116431296646918	0.0025422121561424387	0.610752688172043	0.184502465758276
273387097	[77,-62.0,-15.0]	40.67210411999999	-73.90502174000001	0.08855140902340729	0.33882484980274663	0.21116431296646918	0.0025422121561424387	0.610752688172043	0.184502465758276
273387098	[78,-63.0,-15.0]	40.67230902	-73.90486252000001	0.08855140902340729	0.33882484980274663	0.21116431296646918	0.0025422121561424387	0.610752688172043	0.184502465758276
273387099	[72,-62.0,-10.0]	40.67108904	-73.90505084	0.08855140902340729	0.33882484980274663	0.21116431296646918	0.0025422121561424387	0.610752688172043	0.184502465758276
273387100	[73,-62.0,-11.0]	40.67141224	-73.90513824	0.08855140902340729	0.33882484980274663	0.21116431296646918	0.0025422121561424387	0.610752688172043	0.184502465758276
273387101	[78,-62.0,-16.0]	40.67231975999999	-73.90502652	0.08855140902340729	0.33882484980274663	0.21116431296646918	0.0025422121561424387	0.610752688172043	0.184502465758276
273387102	[74,-63.0,-11.0]	40.67143488	-73.9049814	0.08855140902340729	0.33882484980274663	0.21116431296646918	0.0025422121561424387	0.610752688172043	0.184502465758276
562914745	[73,-63.0,-10.0]	40.67126263333333	-73.90479845555556	0.08855140902340729	0.33882484980274663	0.21116431296646918	0.0025422121561424387	0.610752688172043	0.184502465758276
250175710	[-50,50.0,0.0]	40.6576224	-73.92492478333334	0.08855140902340729	0.33882484980274663	0.21116431296646918	0.0025422121561424387	0.610752688172043	0.184502465758276
250176144	[-36,36.0,0.0]	40.65902316428572	-73.92245008571429	0.08855140902340729	0.33882484980274663	0.21116431296646918	0.0025422121561424387	0.610752688172043	0.184502465758276
250178197	[-27,68.0,-41.0]	40.664162716949136	-73.92821165254239	0.08855140902340729	0.33882484980274663	0.21116431296646918	0.0025422121561424387	0.610752688172043	0.184502465758276
250179371	[-14,54.0,-40.0]	40.66541097307693	-73.92560019615382	0.08855140902340729	0.33882484980274663	0.21116431296646918	0.0025422121561424387	0.610752688172043	0.184502465758276
250181925	[-9,31.0,-22.0]	40.664132	-73.92155642	0.08855140902340729	0.33882484980274663	0.21116431296646918	0.0025422121561424387	0.610752688172043	0.184502465758276
554956712	[-30,66.0,-36.0]	40.66343262941176	-73.9277551647059	0.08855140902340729	0.33882484980274663	0.21116431296646918	0.0025422121561424387	0.610752688172043	0.184502465758276
250198693	[-13,-29.0,42.0]	40.65718403999999	-73.91096928	0.08855140902340729	0.33882484980274663	0.21116431296646918	0.0025422121561424387	0.610752688172043	0.184502465758276
249538436	[25,-22.0,-3.0]	40.66552623846154	-73.91214294615384	0.08855140902340729	0.33882484980274663	0.21116431296646918	0.0025422121561424387	0.610752688172043	0.184502465758276
250187615	[28,-32.0,4.0]	40.66517387857142	-73.91029031428572	0.08855140902340729	0.33882484980274663	0.21116431296646918	0.0025422121561424387	0.610752688172043	0.184502465758276
250190899	[1,-22.0,21.0]	40.66066676	-73.91220682000001	0.08855140902340729	0.33882484980274663	0.21116431296646918	0.0025422121561424387	0.610752688172043	0.184502465758276
250201091	[19,-63.0,44.0]	40.66024190740741	-73.90497134074074	0.08855140902340729	0.33882484980274663	0.21116431296646918	0.0025422121561424387	0.610752688172043	0.184502465758276
559496066	[14,-52.0,38.0]	40.6602895	-73.90681216	0.08855140902340729	0.33882484980274663	0.21116431296646918	0.0025422121561424387	0.610752688172043	0.184502465758276
249538437	[37,-25.0,-12.0]	40.66784663749999	-73.91167881874999	0.08855140902340729	0.33882484980274663	0.21116431296646918	0.0025422121561424387	0.610752688172043	0.184502465758276
249538438	[31,-27.0,-4.0]	40.6664338375	-73.91127610000001	0.08855140902340729	0.33882484980274663	0.21116431296646918	0.0025422121561424387	0.610752688172043	0.184502465758276
249540384	[45,-48.0,3.0]	40.66695985333333	-73.90757499333333	0.08855140902340729	0.33882484980274663	0.21116431296646918	0.0025422121561424387	0.610752688172043	0.184502465758276
249545028	[60,-62.0,2.0]	40.66863118620691	-73.90506435517241	0.08855140902340729	0.33882484980274663	0.21116431296646918	0.0025422121561424387	0.610752688172043	0.184502465758276
250226340	[64,-47.0,-17.0]	40.6711092625	-73.90771573749998	0.08855140902340729	0.33882484980274663	0.21116431296646918	0.0025422121561424387	0.610752688172043	0.184502465758276
236930005	[22,15.0,-37.0]	40.66870648333333	-73.91877570000001	0.08855140902340729	0.33882484980274663	0.21116431296646918	0.0025422121561424387	0.610752688172043	0.184502465758276
250198720	[-21,-31.0,52.0]	40.655221270000006	-73.91061207999999	0.08855140902340729	0.33882484980274663	0.21116431296646918	0.0025422121561424387	0.610752688172043	0.184502465758276
191327922	[9,-17.0,8.0]	40.662888099999996	-73.91313714	0.08855140902340729	0.33882484980274663	0.21116431296646918	0.0025422121561424387	0.610752688172043	0.184502465758276
249543843	[25,-53.0,28.0]	40.66247716666667	-73.90656723333333	0.08855140902340729	0.33882484980274663	0.21116431296646918	0.0025422121561424387	0.610752688172043	0.184502465758276
313997121	[8,-46.0,38.0]	40.65971244	-73.90791412	0.08855140902340729	0.33882484980274663	0.21116431296646918	0.0025422121561424387	0.610752688172043	0.184502465758276
363064410	[8,4.0,-12.0]	40.66478585714286	-73.91670244285716	0.08855140902340729	0.33882484980274663	0.21116431296646918	0.0025422121561424387	0.610752688172043	0.184502465758276
559496069	[28,-60.0,32.0]	40.66236785454545	-73.9054336181818	0.08855140902340729	0.33882484980274663	0.21116431296646918	0.0025422121561424387	0.610752688172043	0.184502465758276
559496075	[16,-50.0,34.0]	40.66090774	-73.90710862	0.08855140902340729	0.33882484980274663	0.21116431296646918	0.0025422121561424387	0.610752688172043	0.184502465758276
627577195	[7,-23.0,16.0]	40.661887660000005	-73.91193817999999	0.08855140902340729	0.33882484980274663	0.21116431296646918	0.0025422121561424387	0.610752688172043	0.184502465758276
236930006	[23,13.0,-36.0]	40.66883054	-73.91832728	0.08855140902340729	0.33882484980274663	0.21116431296646918	0.0025422121561424387	0.610752688172043	0.184502465758276
313995878	[80,-61.0,-19.0]	40.67292224285713	-73.90535247142857	0.08855140902340729	0.33882484980274663	0.21116431296646918	0.0025422121561424387	0.610752688172043	0.184502465758276
314004668	[32,0.0,-32.0]	40.669360319999996	-73.91614882	0.08855140902340729	0.33882484980274663	0.21116431296646918	0.0025422121561424387	0.610752688172043	0.184502465758276
601381681	[11,-81.0,70.0]	40.656694575	-73.9017741375	0.08855140902340729	0.33882484980274663	0.21116431296646918	0.0025422121561424387	0.610752688172043	0.184502465758276
559496073	[24,-67.0,43.0]	40.660746159999995	-73.90412748	0.08855140902340729	0.33882484980274663	0.21116431296646918	0.0025422121561424387	0.610752688172043	0.184502465758276
601381680	[46,-79.0,33.0]	40.66402185999999	-73.90208568	0.08855140902340729	0.33882484980274663	0.21116431296646918	0.0025422121561424387	0.610752688172043	0.184502465758276
250174701	[-31,-6.0,37.0]	40.65576194166666	-73.914960375	0.08855140902340729	0.33882484980274663	0.21116431296646918	0.0025422121561424387	0.610752688172043	0.184502465758276
249540887	[39,-61.0,22.0]	40.6644805	-73.90524258333333	0.08855140902340729	0.33882484980274663	0.21116431296646918	0.0025422121561424387	0.610752688172043	0.184502465758276
250227388	[64,-42.0,-22.0]	40.67151644615384	-73.90859365384615	0.08855140902340729	0.33882484980274663	0.21116431296646918	0.0025422121561424387	0.610752688172043	0.184502465758276
250230398	[25,10.0,-35.0]	40.66885943333333	-73.91788233333334	0.08855140902340729	0.33882484980274663	0.21116431296646918	0.0025422121561424387	0.610752688172043	0.184502465758276
249538442	[35,-26.0,-9.0]	40.66725067857142	-73.91149594285714	0.08855140902340729	0.33882484980274663	0.21116431296646918	0.0025422121561424387	0.610752688172043	0.184502465758276
250229725	[50,-20.0,-30.0]	40.67094716857143	-73.91248632714283	0.08855140902340729	0.33882484980274663	0.21116431296646918	0.0025422121561424387	0.610752688172043	0.184502465758276
250229779	[47,-14.0,-33.0]	40.67086314375	-73.91357954375	0.08855140902340729	0.33882484980274663	0.21116431296646918	0.0025422121561424387	0.610752688172043	0.184502465758276
250174703	[-27,-23.0,50.0]	40.65487867857143	-73.91207273214285	0.08855140902340729	0.33882484980274663	0.21116431296646918	0.0025422121561424387	0.610752688172043	0.184502465758276
250181712	[-5,38.0,-33.0]	40.66560735555556	-73.92285580000001	0.08855140902340729	0.33882484980274663	0.21116431296646918	0.0025422121561424387	0.610752688172043	0.184502465758276
250181677	[1,36.0,-37.0]	40.666726739999994	-73.92241548	0.08855140902340729	0.33882484980274663	0.21116431296646918	0.0025422121561424387	0.610752688172043	0.184502465758276
249538439	[28,-16.0,-12.0]	40.66684597142857	-73.91333738571429	0.08855140902340729	0.33882484980274663	0.21116431296646918	0.0025422121561424387	0.610752688172043	0.184502465758276
250200587	[-5,-56.0,61.0]	40.656076219999996	-73.90615778	0.08855140902340729	0.33882484980274663	0.21116431296646918	0.0025422121561424387	0.610752688172043	0.184502465758276
250229723	[51,-24.0,-27.0]	40.6706813	-73.91179986	0.08855140902340729	0.33882484980274663	0.21116431296646918	0.0025422121561424387	0.610752688172043	0.184502465758276
250229724	[44,-18.0,-26.0]	40.66990126666666	-73.91298126666666	0.08855140902340729	0.33882484980274663	0.21116431296646918	0.0025422121561424387	0.610752688172043	0.184502465758276
273387092	273387092	0
273387093	273387092	0.0
273387094	273387092	0.0
273387095	273387092	0.0
273387096	273387092	0.0
273387097	273387092	0.0
273387098	273387092	0.0
273387099	273387092	2.0
273387100	273387092	0.0
273387101	273387092	0.0
273387102	273387092	0.0
562914745	273387092	1.0
250175710	273387092	5.0
250176144	273387092	4.0
250178197	273387092	4.0
250179371	273387092	4.0
250181925	273387092	4.0
554956712	273387092	4.0
250198693	273387092	4.0
249538436	273387092	4.0
250187615	273387092	4.0
250190899	273387092	4.0
250201091	273387092	4.0
559496066	273387092	4.0
249538437	273387092	3.0
249538438	273387092	3.0
249540384	273387092	3.0
249545028	273387092	3.0
250226340	273387092	2.0
236930005	273387092	3.0
250198720	273387092	4.0
191327922	273387092	4.0
249543843	273387092	4.0
313997121	273387092	4.0
363064410	273387092	4.0
559496069	273387092	3.0
559496075	273387092	4.0
627577195	273387092	4.0
236930006	273387092	3.0
313995878	273387092	0.0
314004668	273387092	3.0
601381681	273387092	4.0
559496073	273387092	4.0
601381680	273387092	3.0
250174701	273387092	5.0
249540887	273387092	3.0
250227388	273387092	2.0
250230398	273387092	3.0
249538442	273387092	3.0
250229725	273387092	3.0
250229779	273387092	3.0
250174703	273387092	4.0
250181712	273387092	4.0
250181677	273387092	4.0
249538439	273387092	3.0
250200587	273387092	4.0
250229723	273387092	3.0
250229724	273387092	3.0
273387093	273387093	0
273387094	273387093	0.0
273387095	273387093	0.0
273387096	273387093	0.0
273387097	273387093	0.0
273387098	273387093	0.0
273387099	273387093	2.0
273387100	273387093	0.0
273387101	273387093	0.0
273387102	273387093	0.0
562914745	273387093	2.0
250175710	273387093	5.0
250176144	273387093	4.0
250178197	273387093	4.0
250179371	273387093	4.0
250181925	273387093	4.0
554956712	273387093	4.0
250198693	273387093	4.0
249538436	273387093	3.0
250187615	273387093	3.0
250190899	273387093	4.0
250201091	273387093	4.0
559496066	273387093	4.0
249538437	273387093	3.0
249538438	273387093	3.0
249540384	273387093	3.0
249545028	273387093	2.0
250226340	273387093	2.0
236930005	273387093	3.0
250198720	273387093	4.0
191327922	273387093	4.0
249543843	273387093	4.0
313997121	273387093	4.0
363064410	273387093	4.0
559496069	273387093	3.0
559496075	273387093	4.0
627577195	273387093	4.0
236930006	273387093	3.0
313995878	273387093	1.0
314004668	273387093	3.0
601381681	273387093	4.0
559496073	273387093	3.0
601381680	273387093	3.0
250174701	273387093	4.0
249540887	273387093	3.0
250227388	273387093	2.0
250230398	273387093	3.0
249538442	273387093	3.0
250229725	273387093	3.0
250229779	273387093	3.0
250174703	273387093	4.0
250181712	273387093	4.0
250181677	273387093	4.0
249538439	273387093	3.0
250200587	273387093	4.0
250229723	273387093	3.0
250229724	273387093	3.0
273387094	273387094	0
273387095	273387094	0.0
273387096	273387094	0.0
273387097	273387094	0.0
273387098	273387094	0.0
273387099	273387094	1.0
273387100	273387094	0.0
273387101	273387094	0.0
273387102	273387094	0.0
562914745	273387094	0.0
250175710	273387094	5.0
250176144	273387094	4.0
250178197	273387094	4.0
250179371	273387094	4.0
250181925	273387094	4.0
554956712	273387094	4.0
250198693	273387094	4.0
249538436	273387094	3.0
250187615	273387094	3.0
250190899	273387094	4.0
250201091	273387094	4.0
559496066	273387094	4.0
249538437	273387094	3.0
249538438	273387094	3.0
249540384	273387094	3.0
249545028	273387094	2.0
250226340	273387094	2.0
236930005	273387094	3.0
250198720	273387094	4.0
191327922	273387094	4.0
249543843	273387094	4.0
313997121	273387094	4.0
363064410	273387094	4.0
559496069	273387094	3.0
559496075	273387094	4.0
627577195	273387094	4.0
236930006	273387094	3.0
313995878	273387094	0.0
314004668	273387094	3.0
601381681	273387094	4.0
559496073	273387094	3.0
601381680	273387094	3.0
250174701	273387094	4.0
249540887	273387094	3.0
250227388	273387094	2.0
250230398	273387094	3.0
249538442	273387094	3.0
250229725	273387094	3.0
250229779	273387094	3.0
250174703	273387094	4.0
250181712	273387094	4.0
250181677	273387094	4.0
249538439	273387094	3.0
250200587	273387094	4.0
250229723	273387094	3.0
250229724	273387094	3.0
273387095	273387095	0
273387096	273387095	0.0
273387097	273387095	0.0
273387098	273387095	0.0
273387099	273387095	1.0
273387100	273387095	0.0
273387101	273387095	0.0
273387102	273387095	0.0
562914745	273387095	0.0
250175710	273387095	5.0
250176144	273387095	4.0
250178197	273387095	4.0
250179371	273387095	4.0
250181925	273387095	4.0
554956712	273387095	4.0
250198693	273387095	4.0
249538436	273387095	3.0
250187615	273387095	3.0
250190899	273387095	4.0
250201091	273387095	4.0
559496066	273387095	4.0
249538437	273387095	3.0
249538438	273387095	3.0
249540384	273387095	3.0
249545028	273387095	2.0
250226340	273387095	2.0
236930005	273387095	3.0
250198720	273387095	4.0
191327922	273387095	4.0
249543843	273387095	4.0
313997121	273387095	4.0
363064410	273387095	4.0
559496069	273387095	3.0
559496075	273387095	4.0
627577195	273387095	4.0
236930006	273387095	3.0
313995878	273387095	0.0
314004668	273387095	3.0
601381681	273387095	4.0
559496073	273387095	3.0
601381680	273387095	3.0
250174701	273387095	4.0
249540887	273387095	3.0
250227388	273387095	2.0
250230398	273387095	3.0
249538442	273387095	3.0
250229725	273387095	3.0
250229779	273387095	3.0
250174703	273387095	4.0
250181712	273387095	4.0
250181677	273387095	4.0
249538439	273387095	3.0
250200587	273387095	4.0
250229723	273387095	3.0
250229724	273387095	3.0
273387096	273387096	0
273387097	273387096	0.0
273387098	273387096	0.0
273387099	273387096	2.0
273387100	273387096	0.0
273387101	273387096	0.0
273387102	273387096	0.0
562914745	273387096	2.0
250175710	273387096	5.0
250176144	273387096	4.0
250178197	273387096	4.0
250179371	273387096	4.0
250181925	273387096	4.0
554956712	273387096	4.0
250198693	273387096	4.0
249538436	273387096	3.0
250187615	273387096	3.0
250190899	273387096	4.0
250201091	273387096	4.0
559496066	273387096	4.0
249538437	273387096	3.0
249538438	273387096	3.0
249540384	273387096	3.0
249545028	273387096	3.0
250226340	273387096	2.0
236930005	273387096	3.0
250198720	273387096	4.0
191327922	273387096	4.0
249543843	273387096	4.0
313997121	273387096	4.0
363064410	273387096	4.0
559496069	273387096	3.0
559496075	273387096	4.0
627577195	273387096	4.0
236930006	273387096	3.0
313995878	273387096	0.0
314004668	273387096	3.0
601381681	273387096	4.0
559496073	273387096	3.0
601381680	273387096	3.0
250174701	273387096	4.0
249540887	273387096	3.0
250227388	273387096	2.0
250230398	273387096	3.0
249538442	273387096	3.0
250229725	273387096	3.0
250229779	273387096	3.0
250174703	273387096	4.0
250181712	273387096	4.0
250181677	273387096	4.0
249538439	273387096	3.0
250200587	273387096	4.0
250229723	273387096	3.0
250229724	273387096	3.0
273387097	273387097	0
273387098	273387097	0.0
273387099	273387097	2.0
273387100	273387097	0.0
273387101	273387097	0.0
273387102	273387097	0.0
562914745	273387097	2.0
250175710	273387097	5.0
250176144	273387097	4.0
250178197	273387097	4.0
250179371	273387097	4.0
250181925	273387097	4.0
554956712	273387097	4.0
250198693	273387097	4.0
249538436	273387097	3.0
250187615	273387097	3.0
250190899	273387097	4.0
250201091	273387097	4.0
559496066	273387097	4.0
249538437	273387097	3.0
249538438	273387097	3.0
249540384	273387097	3.0
249545028	273387097	2.0
250226340	273387097	2.0
236930005	273387097	3.0
250198720	273387097	4.0
191327922	273387097	4.0
249543843	273387097	4.0
313997121	273387097	4.0
363064410	273387097	4.0
559496069	273387097	3.0
559496075	273387097	4.0
627577195	273387097	4.0
236930006	273387097	3.0
313995878	273387097	1.0
314004668	273387097	3.0
601381681	273387097	4.0
559496073	273387097	3.0
601381680	273387097	3.0
250174701	273387097	4.0
249540887	273387097	3.0
250227388	273387097	2.0
250230398	273387097	3.0
249538442	273387097	3.0
250229725	273387097	3.0
250229779	273387097	3.0
250174703	273387097	4.0
250181712	273387097	4.0
250181677	273387097	4.0
249538439	273387097	3.0
250200587	273387097	4.0
250229723	273387097	3.0
250229724	273387097	3.0
273387098	273387098	0
273387099	273387098	1.0
273387100	273387098	0.0
273387101	273387098	0.0
273387102	273387098	0.0
562914745	273387098	0.0
250175710	273387098	5.0
250176144	273387098	4.0
250178197	273387098	4.0
250179371	273387098	4.0
250181925	273387098	4.0
554956712	273387098	4.0
250198693	273387098	4.0
249538436	273387098	3.0
250187615	273387098	3.0
250190899	273387098	4.0
250201091	273387098	4.0
559496066	273387098	4.0
249538437	273387098	3.0
249538438	273387098	3.0
249540384	273387098	3.0
249545028	273387098	2.0
250226340	273387098	2.0
236930005	273387098	3.0
250198720	273387098	4.0
191327922	273387098	4.0
249543843	273387098	4.0
313997121	273387098	4.0
363064410	273387098	4.0
559496069	273387098	3.0
559496075	273387098	4.0
627577195	273387098	4.0
236930006	273387098	3.0
313995878	273387098	0.0
314004668	273387098	3.0
601381681	273387098	4.0
559496073	273387098	3.0
601381680	273387098	3.0
250174701	273387098	4.0
249540887	273387098	3.0
250227388	273387098	2.0
250230398	273387098	3.0
249538442	273387098	3.0
250229725	273387098	3.0
250229779	273387098	3.0
250174703	273387098	4.0
250181712	273387098	4.0
250181677	273387098	4.0
249538439	273387098	3.0
250200587	273387098	4.0
250229723	273387098	3.0
250229724	273387098	3.0
273387099	273387099	0
273387100	273387099	2.0
273387101	273387099	1.0
273387102	273387099	2.0
562914745	273387099	0.0
250175710	273387099	5.0
250176144	273387099	4.0
250178197	273387099	4.0
250179371	273387099	4.0
250181925	273387099	4.0
554956712	273387099	4.0
250198693	273387099	4.0
249538436	273387099	3.0
250187615	273387099	3.0
250190899	273387099	4.0
250201091	273387099	4.0
559496066	273387099	4.0
249538437	273387099	2.0
249538438	273387099	3.0
249540384	273387099	2.0
249545028	273387099	2.0
250226340	273387099	1.0
236930005	273387099	3.0
250198720	273387099	4.0
191327922	273387099	3.0
249543843	273387099	3.0
313997121	273387099	4.0
363064410	273387099	3.0
559496069	273387099	3.0
559496075	273387099	4.0
627577195	273387099	3.0
236930006	273387099	3.0
313995878	273387099	2.0
314004668	273387099	3.0
601381681	273387099	4.0
559496073	273387099	3.0
601381680	273387099	3.0
250174701	273387099	4.0
249540887	273387099	3.0
250227388	273387099	2.0
250230398	273387099	3.0
249538442	273387099	3.0
250229725	273387099	2.0
250229779	273387099	3.0
250174703	273387099	4.0
250181712	273387099	4.0
250181677	273387099	4.0
249538439	273387099	3.0
250200587	273387099	4.0
250229723	273387099	2.0
250229724	273387099	2.0
273387100	273387100	0
273387101	273387100	0.0
273387102	273387100	0.0
562914745	273387100	2.0
250175710	273387100	5.0
250176144	273387100	4.0
250178197	273387100	4.0
250179371	273387100	4.0
250181925	273387100	4.0
554956712	273387100	4.0
250198693	273387100	4.0
249538436	273387100	3.0
250187615	273387100	3.0
250190899	273387100	4.0
250201091	273387100	4.0
559496066	273387100	4.0
249538437	273387100	3.0
249538438	273387100	3.0
249540384	273387100	3.0
249545028	273387100	3.0
250226340	273387100	2.0
236930005	273387100	3.0
250198720	273387100	4.0
191327922	273387100	4.0
249543843	273387100	4.0
313997121	273387100	4.0
363064410	273387100	4.0
559496069	273387100	3.0
559496075	273387100	4.0
627577195	273387100	4.0
236930006	273387100	3.0
313995878	273387100	0.0
314004668	273387100	3.0
601381681	273387100	4.0
559496073	273387100	3.0
601381680	273387100	3.0
250174701	273387100	4.0
249540887	273387100	3.0
250227388	273387100	2.0
250230398	273387100	3.0
249538442	273387100	3.0
250229725	273387100	3.0
250229779	273387100	3.0
250174703	273387100	4.0
250181712	273387100	4.0
250181677	273387100	4.0
249538439	273387100	3.0
250200587	273387100	4.0
250229723	273387100	3.0
250229724	273387100	3.0
273387101	273387101	0
273387102	273387101	0.0
562914745	273387101	0.0
250175710	273387101	5.0
250176144	273387101	4.0
250178197	273387101	4.0
250179371	273387101	4.0
250181925	273387101	4.0
554956712	273387101	4.0
250198693	273387101	4.0
249538436	273387101	3.0
250187615	273387101	3.0
250190899	273387101	4.0
250201091	273387101	4.0
559496066	273387101	4.0
249538437	273387101	3.0
249538438	273387101	3.0
249540384	273387101	3.0
249545028	273387101	2.0
250226340	273387101	2.0
236930005	273387101	3.0
250198720	273387101	4.0
191327922	273387101	4.0
249543843	273387101	4.0
313997121	273387101	4.0
363064410	273387101	4.0
559496069	273387101	3.0
559496075	273387101	4.0
627577195	273387101	4.0
236930006	273387101	3.0
313995878	273387101	0.0
314004668	273387101	3.0
601381681	273387101	4.0
559496073	273387101	3.0
601381680	273387101	3.0
250174701	273387101	4.0
249540887	273387101	3.0
250227388	273387101	2.0
250230398	273387101	3.0
249538442	273387101	3.0
250229725	273387101	3.0
250229779	273387101	3.0
250174703	273387101	4.0
250181712	273387101	4.0
250181677	273387101	4.0
249538439	273387101	3.0
250200587	273387101	4.0
250229723	273387101	3.0
250229724	273387101	3.0
273387102	273387102	0
562914745	273387102	2.0
250175710	273387102	5.0
250176144	273387102	4.0
250178197	273387102	4.0
250179371	273387102	4.0
250181925	273387102	4.0
554956712	273387102	4.0
250198693	273387102	4.0
249538436	273387102	3.0
250187615	273387102	3.0
250190899	273387102	4.0
250201091	273387102	4.0
559496066	273387102	4.0
249538437	273387102	3.0
249538438	273387102	3.0
249540384	273387102	3.0
249545028	273387102	2.0
250226340	273387102	2.0
236930005	273387102	3.0
250198720	273387102	4.0
191327922	273387102	4.0
249543843	273387102	4.0
313997121	273387102	4.0
363064410	273387102	4.0
559496069	273387102	3.0
559496075	273387102	4.0
627577195	273387102	4.0
236930006	273387102	3.0
313995878	273387102	1.0
314004668	273387102	3.0
601381681	273387102	4.0
559496073	273387102	3.0
601381680	273387102	3.0
250174701	273387102	4.0
249540887	273387102	3.0
250227388	273387102	2.0
250230398	273387102	3.0
249538442	273387102	3.0
250229725	273387102	3.0
250229779	273387102	3.0
250174703	273387102	4.0
250181712	273387102	4.0
250181677	273387102	4.0
249538439	273387102	3.0
250200587	273387102	4.0
250229723	273387102	3.0
250229724	273387102	3.0
562914745	562914745	0
250175710	562914745	5.0
250176144	562914745	4.0
250178197	562914745	4.0
250179371	562914745	4.0
250181925	562914745	4.0
554956712	562914745	4.0
250198693	562914745	4.0
249538436	562914745	3.0
250187615	562914745	3.0
250190899	562914745	4.0
250201091	562914745	4.0
559496066	562914745	4.0
249538437	562914745	3.0
249538438	562914745	3.0
249540384	562914745	3.0
249545028	562914745	2.0
250226340	562914745	2.0
236930005	562914745	3.0
250198720	562914745	4.0
191327922	562914745	4.0
249543843	562914745	4.0
313997121	562914745	4.0
363064410	562914745	4.0
559496069	562914745	3.0
559496075	562914745	4.0
627577195	562914745	4.0
236930006	562914745	3.0
313995878	562914745	1.0
314004668	562914745	3.0
601381681	562914745	4.0
559496073	562914745	3.0
601381680	562914745	3.0
250174701	562914745	4.0
249540887	562914745	3.0
250227388	562914745	2.0
250230398	562914745	3.0
249538442	562914745	3.0
250229725	562914745	3.0
250229779	562914745	3.0
250174703	562914745	4.0
250181712	562914745	4.0
250181677	562914745	4.0
249538439	562914745	3.0
250200587	562914745	4.0
250229723	562914745	3.0
250229724	562914745	3.0
250175710	250175710	0
250176144	250175710	2.0
250178197	250175710	3.0
250179371	250175710	3.0
250181925	250175710	3.0
554956712	250175710	3.0
250198693	250175710	3.0
249538436	250175710	4.0
250187615	250175710	4.0
250190899	250175710	4.0
250201091	250175710	4.0
559496066	250175710	4.0
249538437	250175710	4.0
249538438	250175710	4.0
249540384	250175710	4.0
249545028	250175710	4.0
250226340	250175710	4.0
236930005	250175710	4.0
250198720	250175710	3.0
191327922	250175710	4.0
249543843	250175710	4.0
313997121	250175710	4.0
363064410	250175710	4.0
559496069	250175710	4.0
559496075	250175710	4.0
627577195	250175710	4.0
236930006	250175710	4.0
313995878	250175710	5.0
314004668	250175710	4.0
601381681	250175710	4.0
559496073	250175710	4.0
601381680	250175710	4.0
250174701	250175710	3.0
249540887	250175710	4.0
250227388	250175710	4.0
250230398	250175710	4.0
249538442	250175710	4.0
250229725	250175710	4.0
250229779	250175710	4.0
250174703	250175710	4.0
250181712	250175710	4.0
250181677	250175710	4.0
249538439	250175710	4.0
250200587	250175710	4.0
250229723	250175710	4.0
250229724	250175710	4.0
250176144	250176144	0
250178197	250176144	2.0
250179371	250176144	3.0
250181925	250176144	2.0
554956712	250176144	2.0
250198693	250176144	3.0
249538436	250176144	4.0
250187615	250176144	4.0
250190899	250176144	3.0
250201091	250176144	4.0
559496066	250176144	4.0
249538437	250176144	4.0
249538438	250176144	4.0
249540384	250176144	4.0
249545028	250176144	4.0
250226340	250176144	4.0
236930005	250176144	3.0
250198720	250176144	4.0
191327922	250176144	3.0
249543843	250176144	4.0
313997121	250176144	3.0
363064410	250176144	3.0
559496069	250176144	4.0
559496075	250176144	4.0
627577195	250176144	3.0
236930006	250176144	3.0
313995878	250176144	4.0
314004668	250176144	3.0
601381681	250176144	4.0
559496073	250176144	4.0
601381680	250176144	4.0
250174701	250176144	3.0
249540887	250176144	4.0
250227388	250176144	4.0
250230398	250176144	3.0
249538442	250176144	4.0
250229725	250176144	4.0
250229779	250176144	4.0
250174703	250176144	3.0
250181712	250176144	3.0
250181677	250176144	3.0
249538439	250176144	3.0
250200587	250176144	4.0
250229723	250176144	4.0
250229724	250176144	4.0
250178197	250178197	0
250179371	250178197	1.0
250181925	250178197	2.0
554956712	250178197	0.0
250198693	250178197	4.0
249538436	250178197	4.0
250187615	250178197	4.0
250190899	250178197	4.0
250201091	250178197	4.0
559496066	250178197	4.0
249538437	250178197	4.0
249538438	250178197	4.0
249540384	250178197	4.0
249545028	250178197	4.0
250226340	250178197	4.0
236930005	250178197	3.0
250198720	250178197	4.0
191327922	250178197	3.0
249543843	250178197	4.0
313997121	250178197	4.0
363064410	250178197	3.0
559496069	250178197	4.0
559496075	250178197	4.0
627577195	250178197	4.0
236930006	250178197	3.0
313995878	250178197	4.0
314004668	250178197	3.0
601381681	250178197	4.0
559496073	250178197	4.0
601381680	250178197	4.0
250174701	250178197	4.0
249540887	250178197	4.0
250227388	250178197	4.0
250230398	250178197	3.0
249538442	250178197	3.0
250229725	250178197	4.0
250229779	250178197	3.0
250174703	250178197	4.0
250181712	250178197	2.0
250181677	250178197	2.0
249538439	250178197	3.0
250200587	250178197	4.0
250229723	250178197	4.0
250229724	250178197	4.0
250179371	250179371	0
250181925	250179371	2.0
554956712	250179371	1.0
250198693	250179371	4.0
249538436	250179371	3.0
250187615	250179371	4.0
250190899	250179371	3.0
250201091	250179371	4.0
559496066	250179371	4.0
249538437	250179371	3.0
249538438	250179371	3.0
249540384	250179371	4.0
249545028	250179371	4.0
250226340	250179371	4.0
236930005	250179371	2.0
250198720	250179371	4.0
191327922	250179371	3.0
249543843	250179371	4.0
313997121	250179371	4.0
363064410	250179371	3.0
559496069	250179371	4.0
559496075	250179371	4.0
627577195	250179371	4.0
236930006	250179371	2.0
313995878	250179371	4.0
314004668	250179371	3.0
601381681	250179371	4.0
559496073	250179371	4.0
601381680	250179371	4.0
250174701	250179371	3.0
249540887	250179371	4.0
250227388	250179371	4.0
250230398	250179371	2.0
249538442	250179371	3.0
250229725	250179371	3.0
250229779	250179371	3.0
250174703	250179371	4.0
250181712	250179371	1.0
250181677	250179371	1.0
249538439	250179371	3.0
250200587	250179371	4.0
250229723	250179371	3.0
250229724	250179371	3.0
250181925	250181925	0
554956712	250181925	2.0
250198693	250181925	3.0
249538436	250181925	3.0
250187615	250181925	3.0
250190899	250181925	3.0
250201091	250181925	4.0
559496066	250181925	4.0
249538437	250181925	3.0
249538438	250181925	3.0
249540384	250181925	3.0
249545028	250181925	4.0
250226340	250181925	4.0
236930005	250181925	2.0
250198720	250181925	4.0
191327922	250181925	3.0
249543843	250181925	4.0
313997121	250181925	4.0
363064410	250181925	2.0
559496069	250181925	4.0
559496075	250181925	4.0
627577195	250181925	3.0
236930006	250181925	3.0
313995878	250181925	4.0
314004668	250181925	3.0
601381681	250181925	4.0
559496073	250181925	4.0
601381680	250181925	4.0
250174701	250181925	3.0
249540887	250181925	4.0
250227388	250181925	4.0
250230398	250181925	3.0
249538442	250181925	3.0
250229725	250181925	3.0
250229779	250181925	3.0
250174703	250181925	3.0
250181712	250181925	0.0
250181677	250181925	1.0
249538439	250181925	3.0
250200587	250181925	4.0
250229723	250181925	3.0
250229724	250181925	3.0
554956712	554956712	0
250198693	554956712	4.0
249538436	554956712	4.0
250187615	554956712	4.0
250190899	554956712	4.0
250201091	554956712	4.0
559496066	554956712	4.0
249538437	554956712	4.0
249538438	554956712	4.0
249540384	554956712	4.0
249545028	554956712	4.0
250226340	554956712	4.0
236930005	554956712	3.0
250198720	554956712	4.0
191327922	554956712	3.0
249543843	554956712	4.0
313997121	554956712	4.0
363064410	554956712	3.0
559496069	554956712	4.0
559496075	554956712	4.0
627577195	554956712	4.0
236930006	554956712	3.0
313995878	554956712	4.0
314004668	554956712	3.0
601381681	554956712	4.0
559496073	554956712	4.0
601381680	554956712	4.0
250174701	554956712	4.0
249540887	554956712	4.0
250227388	554956712	4.0
250230398	554956712	3.0
249538442	554956712	3.0
250229725	554956712	4.0
250229779	554956712	3.0
250174703	554956712	4.0
250181712	554956712	2.0
250181677	554956712	2.0
249538439	554956712	3.0
250200587	554956712	4.0
250229723	554956712	4.0
250229724	554956712	4.0
250198693	250198693	0
249538436	250198693	3.0
250187615	250198693	3.0
250190899	250198693	2.0
250201091	250198693	2.0
559496066	250198693	2.0
249538437	250198693	3.0
249538438	250198693	3.0
249540384	250198693	3.0
249545028	250198693	4.0
250226340	250198693	4.0
236930005	250198693	4.0
250198720	250198693	1.0
191327922	250198693	3.0
249543843	250198693	3.0
313997121	250198693	2.0
363064410	250198693	3.0
559496069	250198693	3.0
559496075	250198693	2.0
627577195	250198693	2.0
236930006	250198693	4.0
313995878	250198693	4.0
314004668	250198693	4.0
601381681	250198693	3.0
559496073	250198693	3.0
601381680	250198693	3.0
250174701	250198693	2.0
249540887	250198693	3.0
250227388	250198693	4.0
250230398	250198693	4.0
249538442	250198693	3.0
250229725	250198693	4.0
250229779	250198693	4.0
250174703	250198693	2.0
250181712	250198693	4.0
250181677	250198693	4.0
249538439	250198693	4.0
250200587	250198693	2.0
250229723	250198693	4.0
250229724	250198693	4.0
249538436	249538436	0
250187615	249538436	1.0
250190899	249538436	2.0
250201091	249538436	3.0
559496066	249538436	3.0
249538437	249538436	1.0
249538438	249538436	1.0
249540384	249538436	2.0
249545028	249538436	3.0
250226340	249538436	3.0
236930005	249538436	3.0
250198720	249538436	4.0
191327922	249538436	1.0
249543843	249538436	2.0
313997121	249538436	3.0
363064410	249538436	1.0
559496069	249538436	3.0
559496075	249538436	3.0
627577195	249538436	2.0
236930006	249538436	3.0
313995878	249538436	3.0
314004668	249538436	2.0
601381681	249538436	4.0
559496073	249538436	3.0
601381680	249538436	3.0
250174701	249538436	4.0
249540887	249538436	2.0
250227388	249538436	3.0
250230398	249538436	3.0
249538442	249538436	1.0
250229725	249538436	3.0
250229779	249538436	2.0
250174703	249538436	4.0
250181712	249538436	3.0
250181677	249538436	3.0
249538439	249538436	1.0
250200587	249538436	3.0
250229723	249538436	3.0
250229724	249538436	2.0
250187615	250187615	0
250190899	250187615	2.0
250201091	250187615	3.0
559496066	250187615	3.0
249538437	250187615	2.0
249538438	250187615	1.0
249540384	250187615	2.0
249545028	250187615	3.0
250226340	250187615	3.0
236930005	250187615	3.0
250198720	250187615	4.0
191327922	250187615	2.0
249543843	250187615	2.0
313997121	250187615	2.0
363064410	250187615	2.0
559496069	250187615	3.0
559496075	250187615	3.0
627577195	250187615	2.0
236930006	250187615	3.0
313995878	250187615	3.0
314004668	250187615	3.0
601381681	250187615	4.0
559496073	250187615	3.0
601381680	250187615	3.0
250174701	250187615	4.0
249540887	250187615	2.0
250227388	250187615	3.0
250230398	250187615	3.0
249538442	250187615	1.0
250229725	250187615	3.0
250229779	250187615	3.0
250174703	250187615	4.0
250181712	250187615	3.0
250181677	250187615	3.0
249538439	250187615	2.0
250200587	250187615	3.0
250229723	250187615	3.0
250229724	250187615	3.0
250190899	250190899	0
250201091	250190899	2.0
559496066	250190899	2.0
249538437	250190899	3.0
249538438	250190899	3.0
249540384	250190899	3.0
249545028	250190899	3.0
250226340	250190899	4.0
236930005	250190899	4.0
250198720	250190899	2.0
191327922	250190899	2.0
249543843	250190899	2.0
313997121	250190899	2.0
363064410	250190899	2.0
559496069	250190899	2.0
559496075	250190899	2.0
627577195	250190899	1.0
236930006	250190899	4.0
313995878	250190899	4.0
314004668	250190899	3.0
601381681	250190899	4.0
559496073	250190899	2.0
601381680	250190899	3.0
250174701	250190899	2.0
249540887	250190899	3.0
250227388	250190899	4.0
250230398	250190899	3.0
249538442	250190899	3.0
250229725	250190899	3.0
250229779	250190899	4.0
250174703	250190899	2.0
250181712	250190899	3.0
250181677	250190899	4.0
249538439	250190899	2.0
250200587	250190899	3.0
250229723	250190899	3.0
250229724	250190899	3.0
250201091	250201091	0
559496066	250201091	0.0
249538437	250201091	3.0
249538438	250201091	3.0
249540384	250201091	3.0
249545028	250201091	3.0
250226340	250201091	4.0
236930005	250201091	4.0
250198720	250201091	3.0
191327922	250201091	3.0
249543843	250201091	2.0
313997121	250201091	1.0
363064410	250201091	3.0
559496069	250201091	1.0
559496075	250201091	1.0
627577195	250201091	3.0
236930006	250201091	4.0
313995878	250201091	4.0
314004668	250201091	4.0
601381681	250201091	2.0
559496073	250201091	0.0
601381680	250201091	2.0
250174701	250201091	4.0
249540887	250201091	2.0
250227388	250201091	4.0
250230398	250201091	4.0
249538442	250201091	3.0
250229725	250201091	4.0
250229779	250201091	4.0
250174703	250201091	3.0
250181712	250201091	4.0
250181677	250201091	4.0
249538439	250201091	3.0
250200587	250201091	2.0
250229723	250201091	4.0
250229724	250201091	4.0
559496066	559496066	0
249538437	559496066	3.0
249538438	559496066	3.0
249540384	559496066	3.0
249545028	559496066	4.0
250226340	559496066	4.0
236930005	559496066	4.0
250198720	559496066	3.0
191327922	559496066	3.0
249543843	559496066	2.0
313997121	559496066	1.0
363064410	559496066	3.0
559496069	559496066	1.0
559496075	559496066	1.0
627577195	559496066	2.0
236930006	559496066	4.0
313995878	559496066	4.0
314004668	559496066	4.0
601381681	559496066	3.0
559496073	559496066	1.0
601381680	559496066	2.0
250174701	559496066	3.0
249540887	559496066	2.0
250227388	559496066	4.0
250230398	559496066	4.0
249538442	559496066	3.0
250229725	559496066	3.0
250229779	559496066	4.0
250174703	559496066	3.0
250181712	559496066	4.0
250181677	559496066	4.0
249538439	559496066	3.0
250200587	559496066	2.0
250229723	559496066	3.0
250229724	559496066	3.0
249538437	249538437	0
249538438	249538437	0.0
249540384	249538437	2.0
249545028	249538437	2.0
250226340	249538437	2.0
236930005	249538437	3.0
250198720	249538437	4.0
191327922	249538437	2.0
249543843	249538437	3.0
313997121	249538437	3.0
363064410	249538437	2.0
559496069	249538437	3.0
559496075	249538437	3.0
627577195	249538437	3.0
236930006	249538437	3.0
313995878	249538437	3.0
314004668	249538437	2.0
601381681	249538437	4.0
559496073	249538437	3.0
601381680	249538437	3.0
250174701	249538437	4.0
249540887	249538437	3.0
250227388	249538437	3.0
250230398	249538437	2.0
249538442	249538437	0.0
250229725	249538437	1.0
250229779	249538437	2.0
250174703	249538437	4.0
250181712	249538437	3.0
250181677	249538437	3.0
249538439	249538437	1.0
250200587	249538437	3.0
250229723	249538437	1.0
250229724	249538437	1.0
249538438	249538438	0
249540384	249538438	1.0
249545028	249538438	3.0
250226340	249538438	3.0
236930005	249538438	3.0
250198720	249538438	4.0
191327922	249538438	2.0
249543843	249538438	2.0
313997121	249538438	3.0
363064410	249538438	2.0
559496069	249538438	3.0
559496075	249538438	3.0
627577195	249538438	2.0
236930006	249538438	3.0
313995878	249538438	3.0
314004668	249538438	3.0
601381681	249538438	4.0
559496073	249538438	3.0
601381680	249538438	3.0
250174701	249538438	4.0
249540887	249538438	2.0
250227388	249538438	3.0
250230398	249538438	3.0
249538442	249538438	0.0
250229725	249538438	2.0
250229779	249538438	3.0
250174703	249538438	4.0
250181712	249538438	3.0
250181677	249538438	3.0
249538439	249538438	1.0
250200587	249538438	3.0
250229723	249538438	2.0
250229724	249538438	2.0
249540384	249540384	0
249545028	249540384	2.0
250226340	249540384	2.0
236930005	249540384	3.0
250198720	249540384	4.0
191327922	249540384	3.0
249543843	249540384	3.0
313997121	249540384	3.0
363064410	249540384	3.0
559496069	249540384	3.0
559496075	249540384	3.0
627577195	249540384	3.0
236930006	249540384	3.0
313995878	249540384	3.0
314004668	249540384	3.0
601381681	249540384	4.0
559496073	249540384	3.0
601381680	249540384	3.0
250174701	249540384	4.0
249540887	249540384	2.0
250227388	249540384	2.0
250230398	249540384	3.0
249538442	249540384	1.0
250229725	249540384	2.0
250229779	249540384	3.0
250174703	249540384	4.0
250181712	249540384	3.0
250181677	249540384	3.0
249538439	249540384	2.0
250200587	249540384	3.0
250229723	249540384	2.0
250229724	249540384	2.0
249545028	249545028	0
250226340	249545028	2.0
236930005	249545028	3.0
250198720	249545028	4.0
191327922	249545028	3.0
249543843	249545028	3.0
313997121	249545028	3.0
363064410	249545028	3.0
559496069	249545028	3.0
559496075	249545028	3.0
627577195	249545028	3.0
236930006	249545028	3.0
313995878	249545028	2.0
314004668	249545028	3.0
601381681	249545028	4.0
559496073	249545028	3.0
601381680	249545028	3.0
250174701	249545028	4.0
249540887	249545028	2.0
250227388	249545028	2.0
250230398	249545028	3.0
249538442	249545028	2.0
250229725	249545028	3.0
250229779	249545028	3.0
250174703	249545028	4.0
250181712	249545028	4.0
250181677	249545028	4.0
249538439	249545028	3.0
250200587	249545028	4.0
250229723	249545028	3.0
250229724	249545028	3.0
250226340	250226340	0
236930005	250226340	3.0
250198720	250226340	4.0
191327922	250226340	3.0
249543843	250226340	3.0
313997121	250226340	4.0
363064410	250226340	3.0
559496069	250226340	3.0
559496075	250226340	3.0
627577195	250226340	3.0
236930006	250226340	3.0
313995878	250226340	1.0
314004668	250226340	3.0
601381681	250226340	4.0
559496073	250226340	3.0
601381680	250226340	3.0
250174701	250226340	4.0
249540887	250226340	3.0
250227388	250226340	0.0
250230398	250226340	3.0
249538442	250226340	3.0
250229725	250226340	2.0
250229779	250226340	3.0
250174703	250226340	4.0
250181712	250226340	4.0
250181677	250226340	3.0
249538439	250226340	3.0
250200587	250226340	4.0
250229723	250226340	2.0
250229724	250226340	2.0
236930005	236930005	0
250198720	236930005	4.0
191327922	236930005	3.0
249543843	236930005	4.0
313997121	236930005	4.0
363064410	236930005	2.0
559496069	236930005	4.0
559496075	236930005	4.0
627577195	236930005	3.0
236930006	236930005	0.0
313995878	236930005	3.0
314004668	236930005	1.0
601381681	236930005	4.0
559496073	236930005	4.0
601381680	236930005	4.0
250174701	236930005	4.0
249540887	236930005	4.0
250227388	236930005	3.0
250230398	236930005	0.0
249538442	236930005	3.0
250229725	236930005	2.0
250229779	236930005	2.0
250174703	236930005	4.0
250181712	236930005	2.0
250181677	236930005	2.0
249538439	236930005	2.0
250200587	236930005	4.0
250229723	236930005	2.0
250229724	236930005	2.0
250198720	250198720	0
191327922	250198720	3.0
249543843	250198720	3.0
313997121	250198720	3.0
363064410	250198720	4.0
559496069	250198720	3.0
559496075	250198720	3.0
627577195	250198720	3.0
236930006	250198720	4.0
313995878	250198720	4.0
314004668	250198720	4.0
601381681	250198720	3.0
559496073	250198720	3.0
601381680	250198720	4.0
250174701	250198720	2.0
249540887	250198720	4.0
250227388	250198720	4.0
250230398	250198720	4.0
249538442	250198720	4.0
250229725	250198720	4.0
250229779	250198720	4.0
250174703	250198720	1.0
250181712	250198720	4.0
250181677	250198720	4.0
249538439	250198720	4.0
250200587	250198720	2.0
250229723	250198720	4.0
250229724	250198720	4.0
191327922	191327922	0
249543843	191327922	2.0
313997121	191327922	3.0
363064410	191327922	2.0
559496069	191327922	3.0
559496075	191327922	3.0
627577195	191327922	1.0
236930006	191327922	3.0
313995878	191327922	4.0
314004668	191327922	3.0
601381681	191327922	4.0
559496073	191327922	3.0
601381680	191327922	3.0
250174701	191327922	3.0
249540887	191327922	2.0
250227388	191327922	3.0
250230398	191327922	3.0
249538442	191327922	2.0
250229725	191327922	3.0
250229779	191327922	3.0
250174703	191327922	3.0
250181712	191327922	3.0
250181677	191327922	3.0
249538439	191327922	2.0
250200587	191327922	3.0
250229723	191327922	3.0
250229724	191327922	3.0
249543843	249543843	0
313997121	249543843	2.0
363064410	249543843	3.0
559496069	249543843	1.0
559496075	249543843	2.0
627577195	249543843	2.0
236930006	249543843	4.0
313995878	249543843	4.0
314004668	249543843	3.0
601381681	249543843	3.0
559496073	249543843	2.0
601381680	249543843	2.0
250174701	249543843	4.0
249540887	249543843	1.0
250227388	249543843	3.0
250230398	249543843	4.0
249538442	249543843	3.0
250229725	249543843	3.0
250229779	249543843	3.0
250174703	249543843	3.0
250181712	249543843	4.0
250181677	249543843	4.0
249538439	249543843	3.0
250200587	249543843	3.0
250229723	249543843	3.0
250229724	249543843	3.0
313997121	313997121	0
363064410	313997121	3.0
559496069	313997121	2.0
559496075	313997121	0.0
627577195	313997121	2.0
236930006	313997121	4.0
313995878	313997121	4.0
314004668	313997121	4.0
601381681	313997121	3.0
559496073	313997121	1.0
601381680	313997121	3.0
250174701	313997121	3.0
249540887	313997121	3.0
250227388	313997121	3.0
250230398	313997121	4.0
249538442	313997121	3.0
250229725	313997121	3.0
250229779	313997121	4.0
250174703	313997121	3.0
250181712	313997121	4.0
250181677	313997121	4.0
249538439	313997121	3.0
250200587	313997121	2.0
250229723	313997121	3.0
250229724	313997121	3.0
363064410	363064410	0
559496069	363064410	3.0
559496075	363064410	3.0
627577195	363064410	2.0
236930006	363064410	2.0
313995878	363064410	4.0
314004668	363064410	2.0
601381681	363064410	4.0
559496073	363064410	3.0
601381680	363064410	3.0
250174701	363064410	3.0
249540887	363064410	3.0
250227388	363064410	3.0
250230398	363064410	2.0
249538442	363064410	2.0
250229725	363064410	3.0
250229779	363064410	3.0
250174703	363064410	4.0
250181712	363064410	2.0
250181677	363064410	2.0
249538439	363064410	2.0
250200587	363064410	4.0
250229723	363064410	3.0
250229724	363064410	3.0
559496069	559496069	0
559496075	559496069	1.0
627577195	559496069	2.0
236930006	559496069	4.0
313995878	559496069	3.0
314004668	559496069	4.0
601381681	559496069	3.0
559496073	559496069	0.0
601381680	559496069	1.0
250174701	559496069	4.0
249540887	559496069	1.0
250227388	559496069	3.0
250230398	559496069	4.0
249538442	559496069	3.0
250229725	559496069	3.0
250229779	559496069	4.0
250174703	559496069	3.0
250181712	559496069	4.0
250181677	559496069	4.0
249538439	559496069	3.0
250200587	559496069	3.0
250229723	559496069	3.0
250229724	559496069	3.0
559496075	559496075	0
627577195	559496075	2.0
236930006	559496075	4.0
313995878	559496075	4.0
314004668	559496075	4.0
601381681	559496075	3.0
559496073	559496075	1.0
601381680	559496075	3.0
250174701	559496075	3.0
249540887	559496075	2.0
250227388	559496075	3.0
250230398	559496075	4.0
249538442	559496075	3.0
250229725	559496075	3.0
250229779	559496075	3.0
250174703	559496075	3.0
250181712	559496075	4.0
250181677	559496075	4.0
249538439	559496075	3.0
250200587	559496075	2.0
250229723	559496075	3.0
250229724	559496075	3.0
627577195	627577195	0
236930006	627577195	3.0
313995878	627577195	4.0
314004668	627577195	3.0
601381681	627577195	4.0
559496073	627577195	3.0
601381680	627577195	3.0
250174701	627577195	3.0
249540887	627577195	2.0
250227388	627577195	3.0
250230398	627577195	3.0
249538442	627577195	2.0
250229725	627577195	3.0
250229779	627577195	3.0
250174703	627577195	3.0
250181712	627577195	3.0
250181677	627577195	3.0
249538439	627577195	2.0
250200587	627577195	3.0
250229723	627577195	3.0
250229724	627577195	3.0
236930006	236930006	0
313995878	236930006	3.0
314004668	236930006	1.0
601381681	236930006	4.0
559496073	236930006	4.0
601381680	236930006	4.0
250174701	236930006	4.0
249540887	236930006	4.0
250227388	236930006	3.0
250230398	236930006	1.0
249538442	236930006	3.0
250229725	236930006	2.0
250229779	236930006	2.0
250174703	236930006	4.0
250181712	236930006	2.0
250181677	236930006	2.0
249538439	236930006	2.0
250200587	236930006	4.0
250229723	236930006	2.0
250229724	236930006	2.0
313995878	313995878	0
314004668	313995878	3.0
601381681	313995878	4.0
559496073	313995878	3.0
601381680	313995878	3.0
250174701	313995878	4.0
249540887	313995878	3.0
250227388	313995878	2.0
250230398	313995878	3.0
249538442	313995878	3.0
250229725	313995878	2.0
250229779	313995878	3.0
250174703	313995878	4.0
250181712	313995878	4.0
250181677	313995878	4.0
249538439	313995878	3.0
250200587	313995878	4.0
250229723	313995878	3.0
250229724	313995878	3.0
314004668	314004668	0
601381681	314004668	4.0
559496073	314004668	4.0
601381680	314004668	4.0
250174701	314004668	4.0
249540887	314004668	4.0
250227388	314004668	3.0
250230398	314004668	0.0
249538442	314004668	2.0
250229725	314004668	2.0
250229779	314004668	1.0
250174703	314004668	4.0
250181712	314004668	3.0
250181677	314004668	2.0
249538439	314004668	2.0
250200587	314004668	4.0
250229723	314004668	2.0
250229724	314004668	2.0
601381681	601381681	0
559496073	601381681	2.0
601381680	601381681	3.0
250174701	601381681	3.0
249540887	601381681	3.0
250227388	601381681	4.0
250230398	601381681	4.0
249538442	601381681	4.0
250229725	601381681	4.0
250229779	601381681	4.0
250174703	601381681	3.0
250181712	601381681	4.0
250181677	601381681	4.0
249538439	601381681	4.0
250200587	601381681	2.0
250229723	601381681	4.0
250229724	601381681	4.0
559496073	559496073	0
601381680	559496073	2.0
250174701	559496073	4.0
249540887	559496073	2.0
250227388	559496073	3.0
250230398	559496073	4.0
249538442	559496073	3.0
250229725	559496073	4.0
250229779	559496073	4.0
250174703	559496073	3.0
250181712	559496073	4.0
250181677	559496073	4.0
249538439	559496073	3.0
250200587	559496073	2.0
250229723	559496073	4.0
250229724	559496073	4.0
601381680	601381680	0
250174701	601381680	4.0
249540887	601381680	2.0
250227388	601381680	3.0
250230398	601381680	4.0
249538442	601381680	3.0
250229725	601381680	3.0
250229779	601381680	4.0
250174703	601381680	4.0
250181712	601381680	4.0
250181677	601381680	4.0
249538439	601381680	3.0
250200587	601381680	3.0
250229723	601381680	3.0
250229724	601381680	3.0
250174701	250174701	0
249540887	250174701	4.0
250227388	250174701	4.0
250230398	250174701	4.0
249538442	250174701	4.0
250229725	250174701	4.0
250229779	250174701	4.0
250174703	250174701	2.0
250181712	250174701	3.0
250181677	250174701	4.0
249538439	250174701	4.0
250200587	250174701	3.0
250229723	250174701	4.0
250229724	250174701	4.0
249540887	249540887	0
250227388	249540887	3.0
250230398	249540887	3.0
249538442	249540887	3.0
250229725	249540887	3.0
250229779	249540887	3.0
250174703	249540887	4.0
250181712	249540887	4.0
250181677	249540887	4.0
249538439	249540887	3.0
250200587	249540887	3.0
250229723	249540887	3.0
250229724	249540887	3.0
250227388	250227388	0
250230398	250227388	3.0
249538442	250227388	3.0
250229725	250227388	2.0
250229779	250227388	3.0
250174703	250227388	4.0
250181712	250227388	4.0
250181677	250227388	3.0
249538439	250227388	3.0
250200587	250227388	4.0
250229723	250227388	2.0
250229724	250227388	2.0
250230398	250230398	0
249538442	250230398	2.0
250229725	250230398	2.0
250229779	250230398	2.0
250174703	250230398	4.0
250181712	250230398	2.0
250181677	250230398	2.0
249538439	250230398	2.0
250200587	250230398	4.0
250229723	250230398	2.0
250229724	250230398	2.0
249538442	249538442	0
250229725	249538442	2.0
250229779	249538442	3.0
250174703	249538442	4.0
250181712	249538442	3.0
250181677	249538442	3.0
249538439	249538442	0.0
250200587	249538442	3.0
250229723	249538442	2.0
250229724	249538442	1.0
250229725	250229725	0
250229779	250229725	1.0
250174703	250229725	4.0
250181712	250229725	3.0
250181677	250229725	3.0
249538439	250229725	3.0
250200587	250229725	4.0
250229723	250229725	0.0
250229724	250229725	2.0
250229779	250229779	0
250174703	250229779	4.0
250181712	250229779	3.0
250181677	250229779	3.0
249538439	250229779	2.0
250200587	250229779	4.0
250229723	250229779	1.0
250229724	250229779	1.0
250174703	250174703	0
250181712	250174703	4.0
250181677	250174703	4.0
249538439	250174703	4.0
250200587	250174703	2.0
250229723	250174703	4.0
250229724	250174703	4.0
250181712	250181712	0
250181677	250181712	0.0
249538439	250181712	3.0
250200587	250181712	4.0
250229723	250181712	3.0
250229724	250181712	3.0
250181677	250181677	0
249538439	250181677	3.0
250200587	250181677	4.0
250229723	250181677	3.0
250229724	250181677	3.0
249538439	249538439	0
250200587	249538439	3.0
250229723	249538439	2.0
250229724	249538439	2.0
250200587	250200587	0
250229723	250200587	4.0
250229724	250200587	4.0
250229723	250229723	0
250229724	250229723	2.0
250229724	250229724	0
