549078862	[-19,-53.0,72.0]	40.71474942	-73.9072868	0.13979437568634012	0.10455157922447217	0.34097122725837736	0.0018302741287942578	0.8043010752688172	0.38165688331695397
373473555	[49,-66.0,17.0]	40.72728813333333	-73.90504019999999	0.13979437568634012	0.10455157922447217	0.34097122725837736	0.0018302741287942578	0.8043010752688172	0.38165688331695397
373473557	[52,-63.0,11.0]	40.72816288571429	-73.90554262857144	0.13979437568634012	0.10455157922447217	0.34097122725837736	0.0018302741287942578	0.8043010752688172	0.38165688331695397
373473560	[48,-60.0,12.0]	40.72775228571429	-73.90608211428571	0.13979437568634012	0.10455157922447217	0.34097122725837736	0.0018302741287942578	0.8043010752688172	0.38165688331695397
373473551	[52,-73.0,21.0]	40.72722001666667	-73.90379401666667	0.13979437568634012	0.10455157922447217	0.34097122725837736	0.0018302741287942578	0.8043010752688172	0.38165688331695397
373473553	[52,-75.0,23.0]	40.72694252	-73.90341595999999	0.13979437568634012	0.10455157922447217	0.34097122725837736	0.0018302741287942578	0.8043010752688172	0.38165688331695397
373473554	[52,-71.0,19.0]	40.72749994	-73.9040952	0.13979437568634012	0.10455157922447217	0.34097122725837736	0.0018302741287942578	0.8043010752688172	0.38165688331695397
373473558	[50,-72.0,22.0]	40.72683828571429	-73.90396664285716	0.13979437568634012	0.10455157922447217	0.34097122725837736	0.0018302741287942578	0.8043010752688172	0.38165688331695397
373473559	[52,-72.0,20.0]	40.727435959999994	-73.90395196	0.13979437568634012	0.10455157922447217	0.34097122725837736	0.0018302741287942578	0.8043010752688172	0.38165688331695397
373473561	[49,-70.0,21.0]	40.72696578	-73.90438208	0.13979437568634012	0.10455157922447217	0.34097122725837736	0.0018302741287942578	0.8043010752688172	0.38165688331695397
373473563	[51,-74.0,23.0]	40.72695862	-73.90357112	0.13979437568634012	0.10455157922447217	0.34097122725837736	0.0018302741287942578	0.8043010752688172	0.38165688331695397
373473564	[52,-68.0,16.0]	40.727785133333334	-73.90459453333334	0.13979437568634012	0.10455157922447217	0.34097122725837736	0.0018302741287942578	0.8043010752688172	0.38165688331695397
250452217	[-16,-24.0,40.0]	40.71832350625	-73.91236361874999	0.13979437568634012	0.10455157922447217	0.34097122725837736	0.0018302741287942578	0.8043010752688172	0.38165688331695397
280161207	[-2,-72.0,74.0]	40.71635105	-73.90397602777777	0.13979437568634012	0.10455157922447217	0.34097122725837736	0.0018302741287942578	0.8043010752688172	0.38165688331695397
280278474	[28,-73.0,45.0]	40.72227772	-73.90380304	0.13979437568634012	0.10455157922447217	0.34097122725837736	0.0018302741287942578	0.8043010752688172	0.38165688331695397
280281359	[96,-146.0,50.0]	40.72876783793103	-73.89008025172411	0.13979437568634012	0.10455157922447217	0.34097122725837736	0.0018302741287942578	0.8043010752688172	0.38165688331695397
280281480	[98,-146.0,48.0]	40.72915396153846	-73.88769918846154	0.13979437568634012	0.10455157922447217	0.34097122725837736	0.0018302741287942578	0.8043010752688172	0.38165688331695397
468488648	[98,-146.0,48.0]	40.72916536	-73.88797272	0.13979437568634012	0.10455157922447217	0.34097122725837736	0.0018302741287942578	0.8043010752688172	0.38165688331695397
378326872	[59,-91.0,32.0]	40.7267952	-73.90054105	0.13979437568634012	0.10455157922447217	0.34097122725837736	0.0018302741287942578	0.8043010752688172	0.38165688331695397
378326874	[56,-90.0,34.0]	40.7263503	-73.90070617500001	0.13979437568634012	0.10455157922447217	0.34097122725837736	0.0018302741287942578	0.8043010752688172	0.38165688331695397
378326875	[49,-85.0,36.0]	40.72538252	-73.90152814	0.13979437568634012	0.10455157922447217	0.34097122725837736	0.0018302741287942578	0.8043010752688172	0.38165688331695397
378326876	[56,-101.0,45.0]	40.725139625	-73.8988548	0.13979437568634012	0.10455157922447217	0.34097122725837736	0.0018302741287942578	0.8043010752688172	0.38165688331695397
379542657	[64,-121.0,57.0]	40.7247404	-73.8951781	0.13979437568634012	0.10455157922447217	0.34097122725837736	0.0018302741287942578	0.8043010752688172	0.38165688331695397
379542658	[67,-126.0,59.0]	40.724874725	-73.894377175	0.13979437568634012	0.10455157922447217	0.34097122725837736	0.0018302741287942578	0.8043010752688172	0.38165688331695397
609748996	[74,-138.0,64.0]	40.725021625	-73.8921808	0.13979437568634012	0.10455157922447217	0.34097122725837736	0.0018302741287942578	0.8043010752688172	0.38165688331695397
609751861	[90,-142.0,52.0]	40.72800294	-73.89146844	0.13979437568634012	0.10455157922447217	0.34097122725837736	0.0018302741287942578	0.8043010752688172	0.38165688331695397
609751862	[81,-135.0,54.0]	40.72687232142857	-73.89282266428573	0.13979437568634012	0.10455157922447217	0.34097122725837736	0.0018302741287942578	0.8043010752688172	0.38165688331695397
609751864	[70,-117.0,47.0]	40.7263744375	-73.89586530625	0.13979437568634012	0.10455157922447217	0.34097122725837736	0.0018302741287942578	0.8043010752688172	0.38165688331695397
610016624	[81,-142.0,61.0]	40.72617052	-73.8914333	0.13979437568634012	0.10455157922447217	0.34097122725837736	0.0018302741287942578	0.8043010752688172	0.38165688331695397
526880328	[90,-146.0,56.0]	40.727551	-73.8887871	0.13979437568634012	0.10455157922447217	0.34097122725837736	0.0018302741287942578	0.8043010752688172	0.38165688331695397
609751860	[104,-146.0,42.0]	40.73041016	-73.88833754	0.13979437568634012	0.10455157922447217	0.34097122725837736	0.0018302741287942578	0.8043010752688172	0.38165688331695397
250451971	[-56,16.0,40.0]	40.714214069565216	-73.9194730521739	0.13979437568634012	0.10455157922447217	0.34097122725837736	0.0018302741287942578	0.8043010752688172	0.38165688331695397
250451982	[-46,-10.0,56.0]	40.7136311875	-73.9150023875	0.13979437568634012	0.10455157922447217	0.34097122725837736	0.0018302741287942578	0.8043010752688172	0.38165688331695397
280278241	[34,-83.0,49.0]	40.72250335555556	-73.90203735555556	0.13979437568634012	0.10455157922447217	0.34097122725837736	0.0018302741287942578	0.8043010752688172	0.38165688331695397
329774790	[103,-146.0,43.0]	40.73022384	-73.88839293999999	0.13979437568634012	0.10455157922447217	0.34097122725837736	0.0018302741287942578	0.8043010752688172	0.38165688331695397
280161208	[-7,-61.0,68.0]	40.71632635454546	-73.90580277272727	0.13979437568634012	0.10455157922447217	0.34097122725837736	0.0018302741287942578	0.8043010752688172	0.38165688331695397
280264426	[51,-107.0,56.0]	40.72350537999999	-73.89761911000001	0.13979437568634012	0.10455157922447217	0.34097122725837736	0.0018302741287942578	0.8043010752688172	0.38165688331695397
280278473	[28,-70.0,42.0]	40.72264579285714	-73.904189	0.13979437568634012	0.10455157922447217	0.34097122725837736	0.0018302741287942578	0.8043010752688172	0.38165688331695397
549078862	549078862	0
373473555	549078862	4.0
373473557	549078862	4.0
373473560	549078862	4.0
373473551	549078862	4.0
373473553	549078862	4.0
373473554	549078862	4.0
373473558	549078862	4.0
373473559	549078862	4.0
373473561	549078862	4.0
373473563	549078862	4.0
373473564	549078862	4.0
250452217	549078862	3.0
280161207	549078862	2.0
280278474	549078862	3.0
280281359	549078862	4.0
280281480	549078862	4.0
468488648	549078862	4.0
378326872	549078862	4.0
378326874	549078862	4.0
378326875	549078862	3.0
378326876	549078862	4.0
379542657	549078862	4.0
379542658	549078862	4.0
609748996	549078862	4.0
609751861	549078862	4.0
609751862	549078862	4.0
609751864	549078862	4.0
610016624	549078862	4.0
526880328	549078862	4.0
609751860	549078862	4.0
250451971	549078862	3.0
250451982	549078862	3.0
280278241	549078862	3.0
329774790	549078862	4.0
280161208	549078862	1.0
280264426	549078862	4.0
280278473	549078862	3.0
373473555	373473555	0
373473557	373473555	1.0
373473560	373473555	0.0
373473551	373473555	1.0
373473553	373473555	1.0
373473554	373473555	1.0
373473558	373473555	0.0
373473559	373473555	1.0
373473561	373473555	0.0
373473563	373473555	1.0
373473564	373473555	2.0
250452217	373473555	4.0
280161207	373473555	4.0
280278474	373473555	3.0
280281359	373473555	3.0
280281480	373473555	4.0
468488648	373473555	4.0
378326872	373473555	2.0
378326874	373473555	1.0
378326875	373473555	3.0
378326876	373473555	3.0
379542657	373473555	3.0
379542658	373473555	3.0
609748996	373473555	3.0
609751861	373473555	3.0
609751862	373473555	3.0
609751864	373473555	3.0
610016624	373473555	3.0
526880328	373473555	3.0
609751860	373473555	4.0
250451971	373473555	4.0
250451982	373473555	4.0
280278241	373473555	3.0
329774790	373473555	4.0
280161208	373473555	4.0
280264426	373473555	3.0
280278473	373473555	3.0
373473557	373473557	0
373473560	373473557	1.0
373473551	373473557	0.0
373473553	373473557	1.0
373473554	373473557	0.0
373473558	373473557	1.0
373473559	373473557	0.0
373473561	373473557	1.0
373473563	373473557	1.0
373473564	373473557	0.0
250452217	373473557	4.0
280161207	373473557	4.0
280278474	373473557	3.0
280281359	373473557	4.0
280281480	373473557	4.0
468488648	373473557	4.0
378326872	373473557	2.0
378326874	373473557	2.0
378326875	373473557	3.0
378326876	373473557	3.0
379542657	373473557	3.0
379542658	373473557	3.0
609748996	373473557	3.0
609751861	373473557	3.0
609751862	373473557	4.0
609751864	373473557	3.0
610016624	373473557	3.0
526880328	373473557	4.0
609751860	373473557	4.0
250451971	373473557	4.0
250451982	373473557	4.0
280278241	373473557	3.0
329774790	373473557	4.0
280161208	373473557	4.0
280264426	373473557	3.0
280278473	373473557	3.0
373473560	373473560	0
373473551	373473560	1.0
373473553	373473560	1.0
373473554	373473560	1.0
373473558	373473560	1.0
373473559	373473560	1.0
373473561	373473560	0.0
373473563	373473560	1.0
373473564	373473560	1.0
250452217	373473560	3.0
280161207	373473560	4.0
280278474	373473560	3.0
280281359	373473560	3.0
280281480	373473560	4.0
468488648	373473560	4.0
378326872	373473560	2.0
378326874	373473560	2.0
378326875	373473560	2.0
378326876	373473560	3.0
379542657	373473560	3.0
379542658	373473560	3.0
609748996	373473560	3.0
609751861	373473560	3.0
609751862	373473560	3.0
609751864	373473560	3.0
610016624	373473560	3.0
526880328	373473560	4.0
609751860	373473560	4.0
250451971	373473560	4.0
250451982	373473560	4.0
280278241	373473560	3.0
329774790	373473560	4.0
280161208	373473560	4.0
280264426	373473560	3.0
280278473	373473560	3.0
373473551	373473551	0
373473553	373473551	0.0
373473554	373473551	0.0
373473558	373473551	1.0
373473559	373473551	0.0
373473561	373473551	1.0
373473563	373473551	0.0
373473564	373473551	0.0
250452217	373473551	4.0
280161207	373473551	4.0
280278474	373473551	3.0
280281359	373473551	3.0
280281480	373473551	4.0
468488648	373473551	3.0
378326872	373473551	1.0
378326874	373473551	1.0
378326875	373473551	3.0
378326876	373473551	2.0
379542657	373473551	3.0
379542658	373473551	3.0
609748996	373473551	3.0
609751861	373473551	3.0
609751862	373473551	3.0
609751864	373473551	3.0
610016624	373473551	3.0
526880328	373473551	3.0
609751860	373473551	4.0
250451971	373473551	4.0
250451982	373473551	4.0
280278241	373473551	3.0
329774790	373473551	3.0
280161208	373473551	4.0
280264426	373473551	2.0
280278473	373473551	3.0
373473553	373473553	0
373473554	373473553	0.0
373473558	373473553	0.0
373473559	373473553	0.0
373473561	373473553	0.0
373473563	373473553	0.0
373473564	373473553	0.0
250452217	373473553	4.0
280161207	373473553	4.0
280278474	373473553	3.0
280281359	373473553	3.0
280281480	373473553	4.0
468488648	373473553	3.0
378326872	373473553	1.0
378326874	373473553	1.0
378326875	373473553	3.0
378326876	373473553	3.0
379542657	373473553	3.0
379542658	373473553	3.0
609748996	373473553	4.0
609751861	373473553	3.0
609751862	373473553	3.0
609751864	373473553	3.0
610016624	373473553	3.0
526880328	373473553	3.0
609751860	373473553	4.0
250451971	373473553	4.0
250451982	373473553	4.0
280278241	373473553	3.0
329774790	373473553	3.0
280161208	373473553	4.0
280264426	373473553	3.0
280278473	373473553	3.0
373473554	373473554	0
373473558	373473554	1.0
373473559	373473554	0.0
373473561	373473554	1.0
373473563	373473554	0.0
373473564	373473554	0.0
250452217	373473554	4.0
280161207	373473554	4.0
280278474	373473554	3.0
280281359	373473554	3.0
280281480	373473554	4.0
468488648	373473554	4.0
378326872	373473554	1.0
378326874	373473554	1.0
378326875	373473554	3.0
378326876	373473554	2.0
379542657	373473554	3.0
379542658	373473554	3.0
609748996	373473554	3.0
609751861	373473554	3.0
609751862	373473554	3.0
609751864	373473554	3.0
610016624	373473554	3.0
526880328	373473554	3.0
609751860	373473554	4.0
250451971	373473554	4.0
250451982	373473554	4.0
280278241	373473554	3.0
329774790	373473554	4.0
280161208	373473554	4.0
280264426	373473554	2.0
280278473	373473554	3.0
373473558	373473558	0
373473559	373473558	1.0
373473561	373473558	0.0
373473563	373473558	0.0
373473564	373473558	1.0
250452217	373473558	4.0
280161207	373473558	4.0
280278474	373473558	3.0
280281359	373473558	3.0
280281480	373473558	4.0
468488648	373473558	3.0
378326872	373473558	1.0
378326874	373473558	1.0
378326875	373473558	3.0
378326876	373473558	3.0
379542657	373473558	3.0
379542658	373473558	3.0
609748996	373473558	4.0
609751861	373473558	3.0
609751862	373473558	3.0
609751864	373473558	3.0
610016624	373473558	3.0
526880328	373473558	3.0
609751860	373473558	3.0
250451971	373473558	4.0
250451982	373473558	4.0
280278241	373473558	3.0
329774790	373473558	3.0
280161208	373473558	4.0
280264426	373473558	3.0
280278473	373473558	3.0
373473559	373473559	0
373473561	373473559	1.0
373473563	373473559	0.0
373473564	373473559	0.0
250452217	373473559	4.0
280161207	373473559	4.0
280278474	373473559	3.0
280281359	373473559	3.0
280281480	373473559	4.0
468488648	373473559	4.0
378326872	373473559	1.0
378326874	373473559	1.0
378326875	373473559	3.0
378326876	373473559	2.0
379542657	373473559	3.0
379542658	373473559	3.0
609748996	373473559	3.0
609751861	373473559	3.0
609751862	373473559	3.0
609751864	373473559	3.0
610016624	373473559	3.0
526880328	373473559	3.0
609751860	373473559	4.0
250451971	373473559	4.0
250451982	373473559	4.0
280278241	373473559	3.0
329774790	373473559	4.0
280161208	373473559	4.0
280264426	373473559	2.0
280278473	373473559	3.0
373473561	373473561	0
373473563	373473561	0.0
373473564	373473561	1.0
250452217	373473561	4.0
280161207	373473561	4.0
280278474	373473561	3.0
280281359	373473561	3.0
280281480	373473561	4.0
468488648	373473561	3.0
378326872	373473561	1.0
378326874	373473561	1.0
378326875	373473561	3.0
378326876	373473561	3.0
379542657	373473561	3.0
379542658	373473561	3.0
609748996	373473561	4.0
609751861	373473561	3.0
609751862	373473561	3.0
609751864	373473561	3.0
610016624	373473561	3.0
526880328	373473561	3.0
609751860	373473561	4.0
250451971	373473561	4.0
250451982	373473561	4.0
280278241	373473561	3.0
329774790	373473561	3.0
280161208	373473561	4.0
280264426	373473561	3.0
280278473	373473561	3.0
373473563	373473563	0
373473564	373473563	0.0
250452217	373473563	4.0
280161207	373473563	4.0
280278474	373473563	3.0
280281359	373473563	3.0
280281480	373473563	4.0
468488648	373473563	3.0
378326872	373473563	1.0
378326874	373473563	1.0
378326875	373473563	3.0
378326876	373473563	3.0
379542657	373473563	3.0
379542658	373473563	3.0
609748996	373473563	4.0
609751861	373473563	3.0
609751862	373473563	3.0
609751864	373473563	3.0
610016624	373473563	3.0
526880328	373473563	3.0
609751860	373473563	4.0
250451971	373473563	4.0
250451982	373473563	4.0
280278241	373473563	3.0
329774790	373473563	3.0
280161208	373473563	4.0
280264426	373473563	3.0
280278473	373473563	3.0
373473564	373473564	0
250452217	373473564	4.0
280161207	373473564	4.0
280278474	373473564	3.0
280281359	373473564	3.0
280281480	373473564	4.0
468488648	373473564	4.0
378326872	373473564	1.0
378326874	373473564	2.0
378326875	373473564	3.0
378326876	373473564	2.0
379542657	373473564	3.0
379542658	373473564	3.0
609748996	373473564	3.0
609751861	373473564	3.0
609751862	373473564	3.0
609751864	373473564	3.0
610016624	373473564	3.0
526880328	373473564	3.0
609751860	373473564	4.0
250451971	373473564	4.0
250451982	373473564	4.0
280278241	373473564	3.0
329774790	373473564	4.0
280161208	373473564	4.0
280264426	373473564	3.0
280278473	373473564	3.0
250452217	250452217	0
280161207	250452217	3.0
280278474	250452217	3.0
280281359	250452217	4.0
280281480	250452217	4.0
468488648	250452217	4.0
378326872	250452217	4.0
378326874	250452217	4.0
378326875	250452217	3.0
378326876	250452217	4.0
379542657	250452217	4.0
379542658	250452217	4.0
609748996	250452217	4.0
609751861	250452217	4.0
609751862	250452217	4.0
609751864	250452217	4.0
610016624	250452217	4.0
526880328	250452217	4.0
609751860	250452217	4.0
250451971	250452217	3.0
250451982	250452217	2.0
280278241	250452217	3.0
329774790	250452217	4.0
280161208	250452217	3.0
280264426	250452217	4.0
280278473	250452217	3.0
280161207	280161207	0
280278474	280161207	3.0
280281359	280161207	4.0
280281480	280161207	4.0
468488648	280161207	4.0
378326872	280161207	4.0
378326874	280161207	3.0
378326875	280161207	3.0
378326876	280161207	3.0
379542657	280161207	3.0
379542658	280161207	3.0
609748996	280161207	4.0
609751861	280161207	4.0
609751862	280161207	4.0
609751864	280161207	4.0
610016624	280161207	4.0
526880328	280161207	4.0
609751860	280161207	4.0
250451971	280161207	4.0
250451982	280161207	4.0
280278241	280161207	3.0
329774790	280161207	4.0
280161208	280161207	2.0
280264426	280161207	3.0
280278473	280161207	3.0
280278474	280278474	0
280281359	280278474	3.0
280281480	280278474	4.0
468488648	280278474	4.0
378326872	280278474	3.0
378326874	280278474	3.0
378326875	280278474	2.0
378326876	280278474	2.0
379542657	280278474	3.0
379542658	280278474	3.0
609748996	280278474	3.0
609751861	280278474	3.0
609751862	280278474	3.0
609751864	280278474	3.0
610016624	280278474	3.0
526880328	280278474	3.0
609751860	280278474	4.0
250451971	280278474	4.0
250451982	280278474	3.0
280278241	280278474	1.0
329774790	280278474	4.0
280161208	280278474	3.0
280264426	280278474	2.0
280278473	280278474	1.0
280281359	280281359	0
280281480	280281359	2.0
468488648	280281359	1.0
378326872	280281359	3.0
378326874	280281359	3.0
378326875	280281359	3.0
378326876	280281359	3.0
379542657	280281359	2.0
379542658	280281359	2.0
609748996	280281359	3.0
609751861	280281359	0.0
609751862	280281359	1.0
609751864	280281359	2.0
610016624	280281359	2.0
526880328	280281359	1.0
609751860	280281359	1.0
250451971	280281359	4.0
250451982	280281359	4.0
280278241	280281359	3.0
329774790	280281359	1.0
280161208	280281359	4.0
280264426	280281359	3.0
280278473	280281359	3.0
280281480	280281480	0
468488648	280281480	1.0
378326872	280281480	3.0
378326874	280281480	3.0
378326875	280281480	3.0
378326876	280281480	3.0
379542657	280281480	3.0
379542658	280281480	3.0
609748996	280281480	2.0
609751861	280281480	2.0
609751862	280281480	2.0
609751864	280281480	3.0
610016624	280281480	2.0
526880328	280281480	1.0
609751860	280281480	1.0
250451971	280281480	5.0
250451982	280281480	4.0
280278241	280281480	3.0
329774790	280281480	1.0
280161208	280281480	4.0
280264426	280281480	3.0
280278473	280281480	4.0
468488648	468488648	0
378326872	468488648	3.0
378326874	468488648	3.0
378326875	468488648	3.0
378326876	468488648	3.0
379542657	468488648	3.0
379542658	468488648	3.0
609748996	468488648	3.0
609751861	468488648	1.0
609751862	468488648	2.0
609751864	468488648	3.0
610016624	468488648	2.0
526880328	468488648	2.0
609751860	468488648	1.0
250451971	468488648	5.0
250451982	468488648	4.0
280278241	468488648	3.0
329774790	468488648	1.0
280161208	468488648	4.0
280264426	468488648	3.0
280278473	468488648	4.0
378326872	378326872	0
378326874	378326872	0.0
378326875	378326872	2.0
378326876	378326872	1.0
379542657	378326872	2.0
379542658	378326872	2.0
609748996	378326872	2.0
609751861	378326872	3.0
609751862	378326872	3.0
609751864	378326872	2.0
610016624	378326872	3.0
526880328	378326872	3.0
609751860	378326872	3.0
250451971	378326872	4.0
250451982	378326872	4.0
280278241	378326872	2.0
329774790	378326872	3.0
280161208	378326872	3.0
280264426	378326872	2.0
280278473	378326872	3.0
378326874	378326874	0
378326875	378326874	2.0
378326876	378326874	2.0
379542657	378326874	2.0
379542658	378326874	3.0
609748996	378326874	3.0
609751861	378326874	3.0
609751862	378326874	3.0
609751864	378326874	2.0
610016624	378326874	3.0
526880328	378326874	3.0
609751860	378326874	3.0
250451971	378326874	4.0
250451982	378326874	4.0
280278241	378326874	2.0
329774790	378326874	3.0
280161208	378326874	4.0
280264426	378326874	2.0
280278473	378326874	3.0
378326875	378326875	0
378326876	378326875	2.0
379542657	378326875	2.0
379542658	378326875	2.0
609748996	378326875	3.0
609751861	378326875	3.0
609751862	378326875	3.0
609751864	378326875	3.0
610016624	378326875	3.0
526880328	378326875	3.0
609751860	378326875	3.0
250451971	378326875	4.0
250451982	378326875	4.0
280278241	378326875	1.0
329774790	378326875	4.0
280161208	378326875	3.0
280264426	378326875	2.0
280278473	378326875	2.0
378326876	378326876	0
379542657	378326876	1.0
379542658	378326876	1.0
609748996	378326876	2.0
609751861	378326876	2.0
609751862	378326876	3.0
609751864	378326876	2.0
610016624	378326876	2.0
526880328	378326876	3.0
609751860	378326876	3.0
250451971	378326876	4.0
250451982	378326876	4.0
280278241	378326876	2.0
329774790	378326876	3.0
280161208	378326876	3.0
280264426	378326876	2.0
280278473	378326876	3.0
379542657	379542657	0
379542658	379542657	0.0
609748996	379542657	1.0
609751861	379542657	2.0
609751862	379542657	2.0
609751864	379542657	1.0
610016624	379542657	2.0
526880328	379542657	3.0
609751860	379542657	3.0
250451971	379542657	4.0
250451982	379542657	4.0
280278241	379542657	2.0
329774790	379542657	3.0
280161208	379542657	4.0
280264426	379542657	1.0
280278473	379542657	3.0
379542658	379542658	0
609748996	379542658	0.0
609751861	379542658	2.0
609751862	379542658	2.0
609751864	379542658	3.0
610016624	379542658	2.0
526880328	379542658	2.0
609751860	379542658	3.0
250451971	379542658	4.0
250451982	379542658	4.0
280278241	379542658	2.0
329774790	379542658	3.0
280161208	379542658	4.0
280264426	379542658	2.0
280278473	379542658	3.0
609748996	609748996	0
609751861	609748996	2.0
609751862	609748996	2.0
609751864	609748996	3.0
610016624	609748996	2.0
526880328	609748996	2.0
609751860	609748996	3.0
250451971	609748996	4.0
250451982	609748996	4.0
280278241	609748996	3.0
329774790	609748996	3.0
280161208	609748996	4.0
280264426	609748996	2.0
280278473	609748996	3.0
609751861	609751861	0
609751862	609751861	1.0
609751864	609751861	2.0
610016624	609751861	1.0
526880328	609751861	1.0
609751860	609751861	2.0
250451971	609751861	4.0
250451982	609751861	4.0
280278241	609751861	3.0
329774790	609751861	1.0
280161208	609751861	4.0
280264426	609751861	2.0
280278473	609751861	3.0
609751862	609751862	0
609751864	609751862	2.0
610016624	609751862	2.0
526880328	609751862	2.0
609751860	609751862	2.0
250451971	609751862	4.0
250451982	609751862	4.0
280278241	609751862	3.0
329774790	609751862	2.0
280161208	609751862	4.0
280264426	609751862	3.0
280278473	609751862	3.0
609751864	609751864	0
610016624	609751864	2.0
526880328	609751864	3.0
609751860	609751864	3.0
250451971	609751864	4.0
250451982	609751864	4.0
280278241	609751864	3.0
329774790	609751864	3.0
280161208	609751864	4.0
280264426	609751864	2.0
280278473	609751864	3.0
610016624	610016624	0
526880328	610016624	1.0
609751860	610016624	2.0
250451971	610016624	4.0
250451982	610016624	4.0
280278241	610016624	3.0
329774790	610016624	2.0
280161208	610016624	4.0
280264426	610016624	3.0
280278473	610016624	3.0
526880328	526880328	0
609751860	526880328	2.0
250451971	526880328	5.0
250451982	526880328	4.0
280278241	526880328	3.0
329774790	526880328	2.0
280161208	526880328	4.0
280264426	526880328	3.0
280278473	526880328	3.0
609751860	609751860	0
250451971	609751860	5.0
250451982	609751860	4.0
280278241	609751860	3.0
329774790	609751860	0.0
280161208	609751860	4.0
280264426	609751860	3.0
280278473	609751860	4.0
250451971	250451971	0
250451982	250451971	2.0
280278241	250451971	4.0
329774790	250451971	5.0
280161208	250451971	4.0
280264426	250451971	4.0
280278473	250451971	4.0
250451982	250451982	0
280278241	250451982	3.0
329774790	250451982	4.0
280161208	250451982	3.0
280264426	250451982	4.0
280278473	250451982	4.0
280278241	280278241	0
329774790	280278241	3.0
280161208	280278241	3.0
280264426	280278241	2.0
280278473	280278241	2.0
329774790	329774790	0
280161208	329774790	4.0
280264426	329774790	3.0
280278473	329774790	4.0
280161208	280161208	0
280264426	280161208	3.0
280278473	280161208	3.0
280264426	280264426	0
280278473	280264426	3.0
280278473	280278473	0
