321569122	[-76,105.0,-29.0]	40.56531078	-73.87943189333333	0.10148323939822178	0.08249753244579734	0.3707444882388728	0.00016081884649379652	0.8860215053763442	0.43032572799631685
321705340	[-55,65.0,-10.0]	40.56552232	-73.87234156000001	0.10148323939822178	0.08249753244579734	0.3707444882388728	0.00016081884649379652	0.8860215053763442	0.43032572799631685
509507285	[-65,84.0,-19.0]	40.56554465999999	-73.87577672	0.10148323939822178	0.08249753244579734	0.3707444882388728	0.00016081884649379652	0.8860215053763442	0.43032572799631685
509507295	[-56,66.0,-10.0]	40.565452140000005	-73.87265249999999	0.10148323939822178	0.08249753244579734	0.3707444882388728	0.00016081884649379652	0.8860215053763442	0.43032572799631685
321705338	[-54,65.0,-11.0]	40.56575652	-73.8724778	0.10148323939822178	0.08249753244579734	0.3707444882388728	0.00016081884649379652	0.8860215053763442	0.43032572799631685
321705341	[-52,63.0,-11.0]	40.56589822	-73.87206472	0.10148323939822178	0.08249753244579734	0.3707444882388728	0.00016081884649379652	0.8860215053763442	0.43032572799631685
321705342	[-53,62.0,-9.0]	40.56566244	-73.87192751999999	0.10148323939822178	0.08249753244579734	0.3707444882388728	0.00016081884649379652	0.8860215053763442	0.43032572799631685
321705343	[-51,61.0,-10.0]	40.565996840000004	-73.87177492	0.10148323939822178	0.08249753244579734	0.3707444882388728	0.00016081884649379652	0.8860215053763442	0.43032572799631685
321705344	[-52,61.0,-9.0]	40.565761079999994	-73.87163762	0.10148323939822178	0.08249753244579734	0.3707444882388728	0.00016081884649379652	0.8860215053763442	0.43032572799631685
321705345	[-37,43.0,-6.0]	40.56704956	-73.86844696	0.10148323939822178	0.08249753244579734	0.3707444882388728	0.00016081884649379652	0.8860215053763442	0.43032572799631685
321705346	[-36,42.0,-6.0]	40.56709167142857	-73.86823448571428	0.10148323939822178	0.08249753244579734	0.3707444882388728	0.00016081884649379652	0.8860215053763442	0.43032572799631685
509507284	[-63,83.0,-20.0]	40.565803555555554	-73.87567605555554	0.10148323939822178	0.08249753244579734	0.3707444882388728	0.00016081884649379652	0.8860215053763442	0.43032572799631685
509507294	[-55,67.0,-12.0]	40.56569674	-73.87281506000001	0.10148323939822178	0.08249753244579734	0.3707444882388728	0.00016081884649379652	0.8860215053763442	0.43032572799631685
285293025	[53,-38.0,-15.0]	40.57716584285714	-73.85417932857142	0.10148323939822178	0.08249753244579734	0.3707444882388728	0.00016081884649379652	0.8860215053763442	0.43032572799631685
285293022	[89,-67.0,-22.0]	40.58156694	-73.84894541999999	0.10148323939822178	0.08249753244579734	0.3707444882388728	0.00016081884649379652	0.8860215053763442	0.43032572799631685
285293023	[88,-68.0,-20.0]	40.58119362	-73.84876684000001	0.10148323939822178	0.08249753244579734	0.3707444882388728	0.00016081884649379652	0.8860215053763442	0.43032572799631685
474812032	[67,-72.0,5.0]	40.57660228	-73.8480824	0.10148323939822178	0.08249753244579734	0.3707444882388728	0.00016081884649379652	0.8860215053763442	0.43032572799631685
474812033	[67,-73.0,6.0]	40.5765015	-73.84796138	0.10148323939822178	0.08249753244579734	0.3707444882388728	0.00016081884649379652	0.8860215053763442	0.43032572799631685
474812034	[68,-75.0,7.0]	40.57643332	-73.84767466000001	0.10148323939822178	0.08249753244579734	0.3707444882388728	0.00016081884649379652	0.8860215053763442	0.43032572799631685
474812035	[68,-75.0,7.0]	40.57649928	-73.84749894000001	0.10148323939822178	0.08249753244579734	0.3707444882388728	0.00016081884649379652	0.8860215053763442	0.43032572799631685
513746760	[137,-170.0,33.0]	40.58085098	-73.83075466	0.10148323939822178	0.08249753244579734	0.3707444882388728	0.00016081884649379652	0.8860215053763442	0.43032572799631685
157893641	[172,-195.0,23.0]	40.58540694	-73.82616256	0.10148323939822178	0.08249753244579734	0.3707444882388728	0.00016081884649379652	0.8860215053763442	0.43032572799631685
157893642	[174,-198.0,24.0]	40.58553768	-73.82570616000001	0.10148323939822178	0.08249753244579734	0.3707444882388728	0.00016081884649379652	0.8860215053763442	0.43032572799631685
157893653	[176,-201.0,25.0]	40.5856686	-73.82524956	0.10148323939822178	0.08249753244579734	0.3707444882388728	0.00016081884649379652	0.8860215053763442	0.43032572799631685
157893654	[171,-194.0,23.0]	40.58533226	-73.8264207	0.10148323939822178	0.08249753244579734	0.3707444882388728	0.00016081884649379652	0.8860215053763442	0.43032572799631685
157893665	[172,-196.0,24.0]	40.585449659999995	-73.82600966	0.10148323939822178	0.08249753244579734	0.3707444882388728	0.00016081884649379652	0.8860215053763442	0.43032572799631685
157893666	[175,-199.0,24.0]	40.5855797	-73.82555636000001	0.10148323939822178	0.08249753244579734	0.3707444882388728	0.00016081884649379652	0.8860215053763442	0.43032572799631685
157893671	[176,-201.0,25.0]	40.585712599999994	-73.82510066	0.10148323939822178	0.08249753244579734	0.3707444882388728	0.00016081884649379652	0.8860215053763442	0.43032572799631685
157893674	[175,-195.0,20.0]	40.586078640000004	-73.82630343999999	0.10148323939822178	0.08249753244579734	0.3707444882388728	0.00016081884649379652	0.8860215053763442	0.43032572799631685
157893675	[171,-193.0,22.0]	40.58547856	-73.82649550000001	0.10148323939822178	0.08249753244579734	0.3707444882388728	0.00016081884649379652	0.8860215053763442	0.43032572799631685
157893676	[173,-197.0,24.0]	40.585494080000004	-73.82585606	0.10148323939822178	0.08249753244579734	0.3707444882388728	0.00016081884649379652	0.8860215053763442	0.43032572799631685
157893692	[175,-200.0,25.0]	40.5856237	-73.82540296	0.10148323939822178	0.08249753244579734	0.3707444882388728	0.00016081884649379652	0.8860215053763442	0.43032572799631685
157893727	[168,-187.0,19.0]	40.585389858333336	-73.82766450833334	0.10148323939822178	0.08249753244579734	0.3707444882388728	0.00016081884649379652	0.8860215053763442	0.43032572799631685
285312665	[171,-200.0,29.0]	40.58482858	-73.82530496000001	0.10148323939822178	0.08249753244579734	0.3707444882388728	0.00016081884649379652	0.8860215053763442	0.43032572799631685
513743135	[169,-191.0,22.0]	40.5852237	-73.82682764	0.10148323939822178	0.08249753244579734	0.3707444882388728	0.00016081884649379652	0.8860215053763442	0.43032572799631685
285080526	[55,-36.0,-19.0]	40.577737155555546	-73.85441057777778	0.10148323939822178	0.08249753244579734	0.3707444882388728	0.00016081884649379652	0.8860215053763442	0.43032572799631685
285078197	[66,-69.0,3.0]	40.576613753333326	-73.84866226	0.10148323939822178	0.08249753244579734	0.3707444882388728	0.00016081884649379652	0.8860215053763442	0.43032572799631685
285069274	[185,-211.0,26.0]	40.58651101206896	-73.82346293275864	0.10148323939822178	0.08249753244579734	0.3707444882388728	0.00016081884649379652	0.8860215053763442	0.43032572799631685
285069186	[175,-218.0,43.0]	40.583618709090906	-73.82020447272726	0.10148323939822178	0.08249753244579734	0.3707444882388728	0.00016081884649379652	0.8860215053763442	0.43032572799631685
329871559	[-43,66.0,-23.0]	40.568165017910445	-73.87257519850748	0.10148323939822178	0.08249753244579734	0.3707444882388728	0.00016081884649379652	0.8860215053763442	0.43032572799631685
509507304	[-39,45.0,-6.0]	40.56684295714285	-73.86880051428571	0.10148323939822178	0.08249753244579734	0.3707444882388728	0.00016081884649379652	0.8860215053763442	0.43032572799631685
362332677	[84,-55.0,-29.0]	40.58173038571429	-73.85114341428572	0.10148323939822178	0.08249753244579734	0.3707444882388728	0.00016081884649379652	0.8860215053763442	0.43032572799631685
285310128	[120,-134.0,14.0]	40.58106504166666	-73.83709784166668	0.10148323939822178	0.08249753244579734	0.3707444882388728	0.00016081884649379652	0.8860215053763442	0.43032572799631685
285310129	[125,-139.0,14.0]	40.581650376470584	-73.8362236764706	0.10148323939822178	0.08249753244579734	0.3707444882388728	0.00016081884649379652	0.8860215053763442	0.43032572799631685
329871553	[121,-125.0,4.0]	40.582197859999994	-73.83869073999999	0.10148323939822178	0.08249753244579734	0.3707444882388728	0.00016081884649379652	0.8860215053763442	0.43032572799631685
329871554	[120,-123.0,3.0]	40.58222681666667	-73.83893021666667	0.10148323939822178	0.08249753244579734	0.3707444882388728	0.00016081884649379652	0.8860215053763442	0.43032572799631685
329871557	[97,-84.0,-13.0]	40.581454480000005	-73.84583463999999	0.10148323939822178	0.08249753244579734	0.3707444882388728	0.00016081884649379652	0.8860215053763442	0.43032572799631685
362332602	[110,-108.0,-2.0]	40.58168574	-73.84161698	0.10148323939822178	0.08249753244579734	0.3707444882388728	0.00016081884649379652	0.8860215053763442	0.43032572799631685
474812629	[95,-106.0,11.0]	40.578729676923075	-73.84196296923076	0.10148323939822178	0.08249753244579734	0.3707444882388728	0.00016081884649379652	0.8860215053763442	0.43032572799631685
157893342	[155,-194.0,39.0]	40.58199593636363	-73.82635959090908	0.10148323939822178	0.08249753244579734	0.3707444882388728	0.00016081884649379652	0.8860215053763442	0.43032572799631685
157893651	[149,-183.0,34.0]	40.58198824	-73.82824330000001	0.10148323939822178	0.08249753244579734	0.3707444882388728	0.00016081884649379652	0.8860215053763442	0.43032572799631685
157893704	[145,-180.0,35.0]	40.581434457142855	-73.82900579999999	0.10148323939822178	0.08249753244579734	0.3707444882388728	0.00016081884649379652	0.8860215053763442	0.43032572799631685
157893640	[160,-192.0,32.0]	40.5832089	-73.82677856000001	0.10148323939822178	0.08249753244579734	0.3707444882388728	0.00016081884649379652	0.8860215053763442	0.43032572799631685
157893723	[163,-206.0,43.0]	40.58244777777778	-73.82419464444443	0.10148323939822178	0.08249753244579734	0.3707444882388728	0.00016081884649379652	0.8860215053763442	0.43032572799631685
285071974	[146,-166.0,20.0]	40.583153200000005	-73.83131544	0.10148323939822178	0.08249753244579734	0.3707444882388728	0.00016081884649379652	0.8860215053763442	0.43032572799631685
320896571	[145,-159.0,14.0]	40.5836693875	-73.832559375	0.10148323939822178	0.08249753244579734	0.3707444882388728	0.00016081884649379652	0.8860215053763442	0.43032572799631685
513746745	[175,-215.0,40.0]	40.583970400000005	-73.822715125	0.10148323939822178	0.08249753244579734	0.3707444882388728	0.00016081884649379652	0.8860215053763442	0.43032572799631685
513746751	[148,-177.0,29.0]	40.582400771428574	-73.82944437142858	0.10148323939822178	0.08249753244579734	0.3707444882388728	0.00016081884649379652	0.8860215053763442	0.43032572799631685
526933452	[164,-198.0,34.0]	40.5835296375	-73.825615375	0.10148323939822178	0.08249753244579734	0.3707444882388728	0.00016081884649379652	0.8860215053763442	0.43032572799631685
285071641	[110,-130.0,20.0]	40.579402800000004	-73.83774921428572	0.10148323939822178	0.08249753244579734	0.3707444882388728	0.00016081884649379652	0.8860215053763442	0.43032572799631685
157893664	[153,-191.0,38.0]	40.58205400000001	-73.82697754	0.10148323939822178	0.08249753244579734	0.3707444882388728	0.00016081884649379652	0.8860215053763442	0.43032572799631685
157893667	[162,-208.0,46.0]	40.58215204	-73.82392278	0.10148323939822178	0.08249753244579734	0.3707444882388728	0.00016081884649379652	0.8860215053763442	0.43032572799631685
157893689	[155,-191.0,36.0]	40.58228586	-73.82692746000001	0.10148323939822178	0.08249753244579734	0.3707444882388728	0.00016081884649379652	0.8860215053763442	0.43032572799631685
157893681	[184,-218.0,34.0]	40.58559736	-73.82126714	0.10148323939822178	0.08249753244579734	0.3707444882388728	0.00016081884649379652	0.8860215053763442	0.43032572799631685
285071910	[134,-144.0,10.0]	40.58293253	-73.83532885000002	0.10148323939822178	0.08249753244579734	0.3707444882388728	0.00016081884649379652	0.8860215053763442	0.43032572799631685
515834816	[134,-147.0,13.0]	40.582548200000005	-73.83481610000001	0.10148323939822178	0.08249753244579734	0.3707444882388728	0.00016081884649379652	0.8860215053763442	0.43032572799631685
285072436	[98,-121.0,23.0]	40.57779345555556	-73.83935969999999	0.10148323939822178	0.08249753244579734	0.3707444882388728	0.00016081884649379652	0.8860215053763442	0.43032572799631685
285078196	[62,-68.0,6.0]	40.57600005625	-73.84873218125	0.10148323939822178	0.08249753244579734	0.3707444882388728	0.00016081884649379652	0.8860215053763442	0.43032572799631685
285069185	[176,-218.0,42.0]	40.58384204117647	-73.82070336470588	0.10148323939822178	0.08249753244579734	0.3707444882388728	0.00016081884649379652	0.8860215053763442	0.43032572799631685
321569122	321569122	0
321705340	321569122	4.0
509507285	321569122	4.0
509507295	321569122	4.0
321705338	321569122	4.0
321705341	321569122	4.0
321705342	321569122	4.0
321705343	321569122	4.0
321705344	321569122	4.0
321705345	321569122	4.0
321705346	321569122	4.0
509507284	321569122	4.0
509507294	321569122	4.0
285293025	321569122	5.0
285293022	321569122	5.0
285293023	321569122	5.0
474812032	321569122	5.0
474812033	321569122	5.0
474812034	321569122	5.0
474812035	321569122	5.0
513746760	321569122	5.0
157893641	321569122	5.0
157893642	321569122	5.0
157893653	321569122	5.0
157893654	321569122	5.0
157893665	321569122	5.0
157893666	321569122	5.0
157893671	321569122	5.0
157893674	321569122	5.0
157893675	321569122	5.0
157893676	321569122	5.0
157893692	321569122	5.0
157893727	321569122	5.0
285312665	321569122	5.0
513743135	321569122	5.0
285080526	321569122	5.0
285078197	321569122	5.0
285069274	321569122	5.0
285069186	321569122	5.0
329871559	321569122	4.0
509507304	321569122	4.0
362332677	321569122	5.0
285310128	321569122	5.0
285310129	321569122	5.0
329871553	321569122	5.0
329871554	321569122	5.0
329871557	321569122	5.0
362332602	321569122	5.0
474812629	321569122	5.0
157893342	321569122	5.0
157893651	321569122	5.0
157893704	321569122	5.0
157893640	321569122	5.0
157893723	321569122	5.0
285071974	321569122	5.0
320896571	321569122	5.0
513746745	321569122	5.0
513746751	321569122	5.0
526933452	321569122	5.0
285071641	321569122	5.0
157893664	321569122	5.0
157893667	321569122	5.0
157893689	321569122	5.0
157893681	321569122	5.0
285071910	321569122	5.0
515834816	321569122	5.0
285072436	321569122	5.0
285078196	321569122	5.0
285069185	321569122	5.0
321705340	321705340	0
509507285	321705340	1.0
509507295	321705340	0.0
321705338	321705340	0.0
321705341	321705340	1.0
321705342	321705340	1.0
321705343	321705340	1.0
321705344	321705340	1.0
321705345	321705340	2.0
321705346	321705340	2.0
509507284	321705340	1.0
509507294	321705340	0.0
285293025	321705340	4.0
285293022	321705340	5.0
285293023	321705340	5.0
474812032	321705340	4.0
474812033	321705340	4.0
474812034	321705340	4.0
474812035	321705340	4.0
513746760	321705340	5.0
157893641	321705340	5.0
157893642	321705340	5.0
157893653	321705340	5.0
157893654	321705340	5.0
157893665	321705340	5.0
157893666	321705340	5.0
157893671	321705340	5.0
157893674	321705340	6.0
157893675	321705340	5.0
157893676	321705340	5.0
157893692	321705340	5.0
157893727	321705340	5.0
285312665	321705340	5.0
513743135	321705340	5.0
285080526	321705340	4.0
285078197	321705340	4.0
285069274	321705340	5.0
285069186	321705340	5.0
329871559	321705340	2.0
509507304	321705340	2.0
362332677	321705340	4.0
285310128	321705340	5.0
285310129	321705340	5.0
329871553	321705340	5.0
329871554	321705340	5.0
329871557	321705340	5.0
362332602	321705340	5.0
474812629	321705340	5.0
157893342	321705340	5.0
157893651	321705340	5.0
157893704	321705340	5.0
157893640	321705340	5.0
157893723	321705340	5.0
285071974	321705340	5.0
320896571	321705340	5.0
513746745	321705340	5.0
513746751	321705340	5.0
526933452	321705340	5.0
285071641	321705340	5.0
157893664	321705340	5.0
157893667	321705340	5.0
157893689	321705340	5.0
157893681	321705340	5.0
285071910	321705340	5.0
515834816	321705340	5.0
285072436	321705340	5.0
285078196	321705340	4.0
285069185	321705340	5.0
509507285	509507285	0
509507295	509507285	1.0
321705338	509507285	1.0
321705341	509507285	1.0
321705342	509507285	2.0
321705343	509507285	2.0
321705344	509507285	2.0
321705345	509507285	2.0
321705346	509507285	2.0
509507284	509507285	0.0
509507294	509507285	1.0
285293025	509507285	4.0
285293022	509507285	5.0
285293023	509507285	5.0
474812032	509507285	4.0
474812033	509507285	4.0
474812034	509507285	4.0
474812035	509507285	4.0
513746760	509507285	5.0
157893641	509507285	5.0
157893642	509507285	5.0
157893653	509507285	5.0
157893654	509507285	5.0
157893665	509507285	5.0
157893666	509507285	5.0
157893671	509507285	5.0
157893674	509507285	6.0
157893675	509507285	5.0
157893676	509507285	5.0
157893692	509507285	5.0
157893727	509507285	5.0
285312665	509507285	5.0
513743135	509507285	5.0
285080526	509507285	4.0
285078197	509507285	4.0
285069274	509507285	6.0
285069186	509507285	5.0
329871559	509507285	2.0
509507304	509507285	2.0
362332677	509507285	4.0
285310128	509507285	5.0
285310129	509507285	5.0
329871553	509507285	5.0
329871554	509507285	5.0
329871557	509507285	5.0
362332602	509507285	5.0
474812629	509507285	5.0
157893342	509507285	5.0
157893651	509507285	5.0
157893704	509507285	5.0
157893640	509507285	5.0
157893723	509507285	5.0
285071974	509507285	5.0
320896571	509507285	5.0
513746745	509507285	5.0
513746751	509507285	5.0
526933452	509507285	5.0
285071641	509507285	5.0
157893664	509507285	5.0
157893667	509507285	5.0
157893689	509507285	5.0
157893681	509507285	5.0
285071910	509507285	5.0
515834816	509507285	5.0
285072436	509507285	5.0
285078196	509507285	4.0
285069185	509507285	5.0
509507295	509507295	0
321705338	509507295	0.0
321705341	509507295	1.0
321705342	509507295	1.0
321705343	509507295	1.0
321705344	509507295	1.0
321705345	509507295	2.0
321705346	509507295	2.0
509507284	509507295	1.0
509507294	509507295	0.0
285293025	509507295	4.0
285293022	509507295	5.0
285293023	509507295	5.0
474812032	509507295	4.0
474812033	509507295	4.0
474812034	509507295	4.0
474812035	509507295	4.0
513746760	509507295	5.0
157893641	509507295	5.0
157893642	509507295	5.0
157893653	509507295	5.0
157893654	509507295	5.0
157893665	509507295	5.0
157893666	509507295	5.0
157893671	509507295	5.0
157893674	509507295	6.0
157893675	509507295	5.0
157893676	509507295	5.0
157893692	509507295	5.0
157893727	509507295	5.0
285312665	509507295	5.0
513743135	509507295	5.0
285080526	509507295	4.0
285078197	509507295	4.0
285069274	509507295	5.0
285069186	509507295	5.0
329871559	509507295	2.0
509507304	509507295	2.0
362332677	509507295	4.0
285310128	509507295	5.0
285310129	509507295	5.0
329871553	509507295	5.0
329871554	509507295	5.0
329871557	509507295	5.0
362332602	509507295	5.0
474812629	509507295	5.0
157893342	509507295	5.0
157893651	509507295	5.0
157893704	509507295	5.0
157893640	509507295	5.0
157893723	509507295	5.0
285071974	509507295	5.0
320896571	509507295	5.0
513746745	509507295	5.0
513746751	509507295	5.0
526933452	509507295	5.0
285071641	509507295	5.0
157893664	509507295	5.0
157893667	509507295	5.0
157893689	509507295	5.0
157893681	509507295	5.0
285071910	509507295	5.0
515834816	509507295	5.0
285072436	509507295	5.0
285078196	509507295	4.0
285069185	509507295	5.0
321705338	321705338	0
321705341	321705338	0.0
321705342	321705338	0.0
321705343	321705338	0.0
321705344	321705338	0.0
321705345	321705338	1.0
321705346	321705338	1.0
509507284	321705338	1.0
509507294	321705338	0.0
285293025	321705338	4.0
285293022	321705338	4.0
285293023	321705338	4.0
474812032	321705338	4.0
474812033	321705338	4.0
474812034	321705338	4.0
474812035	321705338	4.0
513746760	321705338	5.0
157893641	321705338	5.0
157893642	321705338	5.0
157893653	321705338	5.0
157893654	321705338	5.0
157893665	321705338	5.0
157893666	321705338	5.0
157893671	321705338	5.0
157893674	321705338	5.0
157893675	321705338	5.0
157893676	321705338	5.0
157893692	321705338	5.0
157893727	321705338	5.0
285312665	321705338	5.0
513743135	321705338	5.0
285080526	321705338	4.0
285078197	321705338	4.0
285069274	321705338	5.0
285069186	321705338	5.0
329871559	321705338	2.0
509507304	321705338	2.0
362332677	321705338	4.0
285310128	321705338	5.0
285310129	321705338	5.0
329871553	321705338	5.0
329871554	321705338	5.0
329871557	321705338	5.0
362332602	321705338	5.0
474812629	321705338	4.0
157893342	321705338	5.0
157893651	321705338	5.0
157893704	321705338	5.0
157893640	321705338	5.0
157893723	321705338	5.0
285071974	321705338	5.0
320896571	321705338	5.0
513746745	321705338	5.0
513746751	321705338	5.0
526933452	321705338	5.0
285071641	321705338	5.0
157893664	321705338	5.0
157893667	321705338	5.0
157893689	321705338	5.0
157893681	321705338	5.0
285071910	321705338	5.0
515834816	321705338	5.0
285072436	321705338	5.0
285078196	321705338	4.0
285069185	321705338	5.0
321705341	321705341	0
321705342	321705341	0.0
321705343	321705341	0.0
321705344	321705341	0.0
321705345	321705341	1.0
321705346	321705341	1.0
509507284	321705341	1.0
509507294	321705341	0.0
285293025	321705341	4.0
285293022	321705341	4.0
285293023	321705341	4.0
474812032	321705341	4.0
474812033	321705341	4.0
474812034	321705341	4.0
474812035	321705341	4.0
513746760	321705341	5.0
157893641	321705341	5.0
157893642	321705341	5.0
157893653	321705341	5.0
157893654	321705341	5.0
157893665	321705341	5.0
157893666	321705341	5.0
157893671	321705341	5.0
157893674	321705341	6.0
157893675	321705341	5.0
157893676	321705341	5.0
157893692	321705341	5.0
157893727	321705341	5.0
285312665	321705341	5.0
513743135	321705341	5.0
285080526	321705341	4.0
285078197	321705341	4.0
285069274	321705341	5.0
285069186	321705341	5.0
329871559	321705341	2.0
509507304	321705341	1.0
362332677	321705341	4.0
285310128	321705341	5.0
285310129	321705341	5.0
329871553	321705341	5.0
329871554	321705341	5.0
329871557	321705341	5.0
362332602	321705341	5.0
474812629	321705341	5.0
157893342	321705341	5.0
157893651	321705341	5.0
157893704	321705341	5.0
157893640	321705341	5.0
157893723	321705341	5.0
285071974	321705341	5.0
320896571	321705341	5.0
513746745	321705341	5.0
513746751	321705341	5.0
526933452	321705341	5.0
285071641	321705341	5.0
157893664	321705341	5.0
157893667	321705341	5.0
157893689	321705341	5.0
157893681	321705341	5.0
285071910	321705341	5.0
515834816	321705341	5.0
285072436	321705341	5.0
285078196	321705341	4.0
285069185	321705341	5.0
321705342	321705342	0
321705343	321705342	0.0
321705344	321705342	0.0
321705345	321705342	1.0
321705346	321705342	1.0
509507284	321705342	2.0
509507294	321705342	1.0
285293025	321705342	4.0
285293022	321705342	4.0
285293023	321705342	4.0
474812032	321705342	4.0
474812033	321705342	4.0
474812034	321705342	4.0
474812035	321705342	4.0
513746760	321705342	5.0
157893641	321705342	5.0
157893642	321705342	5.0
157893653	321705342	5.0
157893654	321705342	5.0
157893665	321705342	5.0
157893666	321705342	5.0
157893671	321705342	5.0
157893674	321705342	5.0
157893675	321705342	5.0
157893676	321705342	5.0
157893692	321705342	5.0
157893727	321705342	5.0
285312665	321705342	5.0
513743135	321705342	5.0
285080526	321705342	4.0
285078197	321705342	4.0
285069274	321705342	5.0
285069186	321705342	5.0
329871559	321705342	1.0
509507304	321705342	2.0
362332677	321705342	4.0
285310128	321705342	5.0
285310129	321705342	5.0
329871553	321705342	5.0
329871554	321705342	5.0
329871557	321705342	5.0
362332602	321705342	5.0
474812629	321705342	4.0
157893342	321705342	5.0
157893651	321705342	5.0
157893704	321705342	5.0
157893640	321705342	5.0
157893723	321705342	5.0
285071974	321705342	5.0
320896571	321705342	5.0
513746745	321705342	5.0
513746751	321705342	5.0
526933452	321705342	5.0
285071641	321705342	5.0
157893664	321705342	5.0
157893667	321705342	5.0
157893689	321705342	5.0
157893681	321705342	5.0
285071910	321705342	5.0
515834816	321705342	5.0
285072436	321705342	5.0
285078196	321705342	4.0
285069185	321705342	5.0
321705343	321705343	0
321705344	321705343	0.0
321705345	321705343	1.0
321705346	321705343	1.0
509507284	321705343	2.0
509507294	321705343	1.0
285293025	321705343	4.0
285293022	321705343	4.0
285293023	321705343	4.0
474812032	321705343	4.0
474812033	321705343	4.0
474812034	321705343	4.0
474812035	321705343	4.0
513746760	321705343	5.0
157893641	321705343	5.0
157893642	321705343	5.0
157893653	321705343	5.0
157893654	321705343	5.0
157893665	321705343	5.0
157893666	321705343	5.0
157893671	321705343	5.0
157893674	321705343	5.0
157893675	321705343	5.0
157893676	321705343	5.0
157893692	321705343	5.0
157893727	321705343	5.0
285312665	321705343	5.0
513743135	321705343	5.0
285080526	321705343	4.0
285078197	321705343	4.0
285069274	321705343	5.0
285069186	321705343	5.0
329871559	321705343	1.0
509507304	321705343	1.0
362332677	321705343	4.0
285310128	321705343	5.0
285310129	321705343	5.0
329871553	321705343	5.0
329871554	321705343	5.0
329871557	321705343	5.0
362332602	321705343	5.0
474812629	321705343	4.0
157893342	321705343	5.0
157893651	321705343	5.0
157893704	321705343	5.0
157893640	321705343	5.0
157893723	321705343	5.0
285071974	321705343	5.0
320896571	321705343	5.0
513746745	321705343	5.0
513746751	321705343	5.0
526933452	321705343	5.0
285071641	321705343	5.0
157893664	321705343	5.0
157893667	321705343	5.0
157893689	321705343	5.0
157893681	321705343	5.0
285071910	321705343	5.0
515834816	321705343	5.0
285072436	321705343	5.0
285078196	321705343	4.0
285069185	321705343	5.0
321705344	321705344	0
321705345	321705344	1.0
321705346	321705344	1.0
509507284	321705344	2.0
509507294	321705344	1.0
285293025	321705344	4.0
285293022	321705344	4.0
285293023	321705344	4.0
474812032	321705344	4.0
474812033	321705344	4.0
474812034	321705344	4.0
474812035	321705344	4.0
513746760	321705344	5.0
157893641	321705344	5.0
157893642	321705344	5.0
157893653	321705344	5.0
157893654	321705344	5.0
157893665	321705344	5.0
157893666	321705344	5.0
157893671	321705344	5.0
157893674	321705344	5.0
157893675	321705344	5.0
157893676	321705344	5.0
157893692	321705344	5.0
157893727	321705344	5.0
285312665	321705344	5.0
513743135	321705344	5.0
285080526	321705344	4.0
285078197	321705344	4.0
285069274	321705344	5.0
285069186	321705344	5.0
329871559	321705344	1.0
509507304	321705344	2.0
362332677	321705344	4.0
285310128	321705344	5.0
285310129	321705344	5.0
329871553	321705344	5.0
329871554	321705344	5.0
329871557	321705344	5.0
362332602	321705344	5.0
474812629	321705344	4.0
157893342	321705344	5.0
157893651	321705344	5.0
157893704	321705344	5.0
157893640	321705344	5.0
157893723	321705344	5.0
285071974	321705344	5.0
320896571	321705344	5.0
513746745	321705344	5.0
513746751	321705344	5.0
526933452	321705344	5.0
285071641	321705344	5.0
157893664	321705344	5.0
157893667	321705344	5.0
157893689	321705344	5.0
157893681	321705344	5.0
285071910	321705344	5.0
515834816	321705344	5.0
285072436	321705344	5.0
285078196	321705344	4.0
285069185	321705344	5.0
321705345	321705345	0
321705346	321705345	0.0
509507284	321705345	2.0
509507294	321705345	2.0
285293025	321705345	4.0
285293022	321705345	4.0
285293023	321705345	4.0
474812032	321705345	4.0
474812033	321705345	4.0
474812034	321705345	4.0
474812035	321705345	4.0
513746760	321705345	5.0
157893641	321705345	5.0
157893642	321705345	5.0
157893653	321705345	5.0
157893654	321705345	5.0
157893665	321705345	5.0
157893666	321705345	5.0
157893671	321705345	5.0
157893674	321705345	5.0
157893675	321705345	5.0
157893676	321705345	5.0
157893692	321705345	5.0
157893727	321705345	5.0
285312665	321705345	5.0
513743135	321705345	5.0
285080526	321705345	4.0
285078197	321705345	4.0
285069274	321705345	5.0
285069186	321705345	5.0
329871559	321705345	2.0
509507304	321705345	0.0
362332677	321705345	4.0
285310128	321705345	5.0
285310129	321705345	5.0
329871553	321705345	5.0
329871554	321705345	5.0
329871557	321705345	4.0
362332602	321705345	5.0
474812629	321705345	4.0
157893342	321705345	5.0
157893651	321705345	5.0
157893704	321705345	5.0
157893640	321705345	5.0
157893723	321705345	5.0
285071974	321705345	5.0
320896571	321705345	5.0
513746745	321705345	5.0
513746751	321705345	5.0
526933452	321705345	5.0
285071641	321705345	4.0
157893664	321705345	5.0
157893667	321705345	5.0
157893689	321705345	5.0
157893681	321705345	5.0
285071910	321705345	5.0
515834816	321705345	5.0
285072436	321705345	4.0
285078196	321705345	4.0
285069185	321705345	5.0
321705346	321705346	0
509507284	321705346	2.0
509507294	321705346	2.0
285293025	321705346	4.0
285293022	321705346	4.0
285293023	321705346	4.0
474812032	321705346	4.0
474812033	321705346	4.0
474812034	321705346	4.0
474812035	321705346	4.0
513746760	321705346	5.0
157893641	321705346	5.0
157893642	321705346	5.0
157893653	321705346	5.0
157893654	321705346	5.0
157893665	321705346	5.0
157893666	321705346	5.0
157893671	321705346	5.0
157893674	321705346	5.0
157893675	321705346	5.0
157893676	321705346	5.0
157893692	321705346	5.0
157893727	321705346	5.0
285312665	321705346	5.0
513743135	321705346	5.0
285080526	321705346	4.0
285078197	321705346	4.0
285069274	321705346	5.0
285069186	321705346	5.0
329871559	321705346	2.0
509507304	321705346	0.0
362332677	321705346	4.0
285310128	321705346	5.0
285310129	321705346	5.0
329871553	321705346	5.0
329871554	321705346	5.0
329871557	321705346	4.0
362332602	321705346	5.0
474812629	321705346	4.0
157893342	321705346	5.0
157893651	321705346	5.0
157893704	321705346	5.0
157893640	321705346	5.0
157893723	321705346	5.0
285071974	321705346	5.0
320896571	321705346	5.0
513746745	321705346	5.0
513746751	321705346	5.0
526933452	321705346	5.0
285071641	321705346	4.0
157893664	321705346	5.0
157893667	321705346	5.0
157893689	321705346	5.0
157893681	321705346	5.0
285071910	321705346	5.0
515834816	321705346	5.0
285072436	321705346	4.0
285078196	321705346	4.0
285069185	321705346	5.0
509507284	509507284	0
509507294	509507284	1.0
285293025	509507284	4.0
285293022	509507284	5.0
285293023	509507284	5.0
474812032	509507284	4.0
474812033	509507284	4.0
474812034	509507284	4.0
474812035	509507284	4.0
513746760	509507284	5.0
157893641	509507284	5.0
157893642	509507284	5.0
157893653	509507284	5.0
157893654	509507284	5.0
157893665	509507284	5.0
157893666	509507284	5.0
157893671	509507284	5.0
157893674	509507284	6.0
157893675	509507284	5.0
157893676	509507284	5.0
157893692	509507284	5.0
157893727	509507284	5.0
285312665	509507284	5.0
513743135	509507284	5.0
285080526	509507284	4.0
285078197	509507284	4.0
285069274	509507284	6.0
285069186	509507284	5.0
329871559	509507284	2.0
509507304	509507284	2.0
362332677	509507284	4.0
285310128	509507284	5.0
285310129	509507284	5.0
329871553	509507284	5.0
329871554	509507284	5.0
329871557	509507284	5.0
362332602	509507284	5.0
474812629	509507284	5.0
157893342	509507284	5.0
157893651	509507284	5.0
157893704	509507284	5.0
157893640	509507284	5.0
157893723	509507284	5.0
285071974	509507284	5.0
320896571	509507284	5.0
513746745	509507284	5.0
513746751	509507284	5.0
526933452	509507284	5.0
285071641	509507284	5.0
157893664	509507284	5.0
157893667	509507284	5.0
157893689	509507284	5.0
157893681	509507284	5.0
285071910	509507284	5.0
515834816	509507284	5.0
285072436	509507284	5.0
285078196	509507284	4.0
285069185	509507284	5.0
509507294	509507294	0
285293025	509507294	4.0
285293022	509507294	4.0
285293023	509507294	5.0
474812032	509507294	4.0
474812033	509507294	4.0
474812034	509507294	4.0
474812035	509507294	4.0
513746760	509507294	5.0
157893641	509507294	5.0
157893642	509507294	5.0
157893653	509507294	5.0
157893654	509507294	5.0
157893665	509507294	5.0
157893666	509507294	5.0
157893671	509507294	5.0
157893674	509507294	6.0
157893675	509507294	5.0
157893676	509507294	5.0
157893692	509507294	5.0
157893727	509507294	5.0
285312665	509507294	5.0
513743135	509507294	5.0
285080526	509507294	4.0
285078197	509507294	4.0
285069274	509507294	5.0
285069186	509507294	5.0
329871559	509507294	2.0
509507304	509507294	2.0
362332677	509507294	4.0
285310128	509507294	5.0
285310129	509507294	5.0
329871553	509507294	5.0
329871554	509507294	5.0
329871557	509507294	5.0
362332602	509507294	5.0
474812629	509507294	5.0
157893342	509507294	5.0
157893651	509507294	5.0
157893704	509507294	5.0
157893640	509507294	5.0
157893723	509507294	5.0
285071974	509507294	5.0
320896571	509507294	5.0
513746745	509507294	5.0
513746751	509507294	5.0
526933452	509507294	5.0
285071641	509507294	5.0
157893664	509507294	5.0
157893667	509507294	5.0
157893689	509507294	5.0
157893681	509507294	5.0
285071910	509507294	5.0
515834816	509507294	5.0
285072436	509507294	5.0
285078196	509507294	4.0
285069185	509507294	5.0
285293025	285293025	0
285293022	285293025	3.0
285293023	285293025	3.0
474812032	285293025	2.0
474812033	285293025	2.0
474812034	285293025	3.0
474812035	285293025	3.0
513746760	285293025	4.0
157893641	285293025	4.0
157893642	285293025	4.0
157893653	285293025	4.0
157893654	285293025	4.0
157893665	285293025	4.0
157893666	285293025	4.0
157893671	285293025	4.0
157893674	285293025	5.0
157893675	285293025	4.0
157893676	285293025	4.0
157893692	285293025	4.0
157893727	285293025	4.0
285312665	285293025	5.0
513743135	285293025	4.0
285080526	285293025	1.0
285078197	285293025	2.0
285069274	285293025	5.0
285069186	285293025	5.0
329871559	285293025	4.0
509507304	285293025	4.0
362332677	285293025	2.0
285310128	285293025	4.0
285310129	285293025	4.0
329871553	285293025	4.0
329871554	285293025	4.0
329871557	285293025	3.0
362332602	285293025	3.0
474812629	285293025	3.0
157893342	285293025	4.0
157893651	285293025	4.0
157893704	285293025	4.0
157893640	285293025	4.0
157893723	285293025	5.0
285071974	285293025	4.0
320896571	285293025	4.0
513746745	285293025	4.0
513746751	285293025	4.0
526933452	285293025	5.0
285071641	285293025	4.0
157893664	285293025	4.0
157893667	285293025	5.0
157893689	285293025	4.0
157893681	285293025	5.0
285071910	285293025	4.0
515834816	285293025	4.0
285072436	285293025	4.0
285078196	285293025	2.0
285069185	285293025	5.0
285293022	285293022	0
285293023	285293022	0.0
474812032	285293022	2.0
474812033	285293022	2.0
474812034	285293022	2.0
474812035	285293022	2.0
513746760	285293022	4.0
157893641	285293022	4.0
157893642	285293022	4.0
157893653	285293022	4.0
157893654	285293022	4.0
157893665	285293022	4.0
157893666	285293022	4.0
157893671	285293022	4.0
157893674	285293022	4.0
157893675	285293022	4.0
157893676	285293022	4.0
157893692	285293022	4.0
157893727	285293022	4.0
285312665	285293022	4.0
513743135	285293022	4.0
285080526	285293022	3.0
285078197	285293022	2.0
285069274	285293022	4.0
285069186	285293022	4.0
329871559	285293022	4.0
509507304	285293022	4.0
362332677	285293022	0.0
285310128	285293022	3.0
285310129	285293022	3.0
329871553	285293022	3.0
329871554	285293022	3.0
329871557	285293022	1.0
362332602	285293022	2.0
474812629	285293022	3.0
157893342	285293022	4.0
157893651	285293022	4.0
157893704	285293022	4.0
157893640	285293022	4.0
157893723	285293022	4.0
285071974	285293022	4.0
320896571	285293022	3.0
513746745	285293022	4.0
513746751	285293022	4.0
526933452	285293022	4.0
285071641	285293022	3.0
157893664	285293022	4.0
157893667	285293022	4.0
157893689	285293022	4.0
157893681	285293022	4.0
285071910	285293022	3.0
515834816	285293022	3.0
285072436	285293022	3.0
285078196	285293022	3.0
285069185	285293022	4.0
285293023	285293023	0
474812032	285293023	2.0
474812033	285293023	2.0
474812034	285293023	2.0
474812035	285293023	2.0
513746760	285293023	4.0
157893641	285293023	4.0
157893642	285293023	4.0
157893653	285293023	4.0
157893654	285293023	4.0
157893665	285293023	4.0
157893666	285293023	4.0
157893671	285293023	4.0
157893674	285293023	4.0
157893675	285293023	4.0
157893676	285293023	4.0
157893692	285293023	4.0
157893727	285293023	4.0
285312665	285293023	4.0
513743135	285293023	4.0
285080526	285293023	3.0
285078197	285293023	2.0
285069274	285293023	4.0
285069186	285293023	4.0
329871559	285293023	4.0
509507304	285293023	4.0
362332677	285293023	1.0
285310128	285293023	3.0
285310129	285293023	3.0
329871553	285293023	3.0
329871554	285293023	3.0
329871557	285293023	1.0
362332602	285293023	2.0
474812629	285293023	3.0
157893342	285293023	4.0
157893651	285293023	4.0
157893704	285293023	4.0
157893640	285293023	4.0
157893723	285293023	4.0
285071974	285293023	4.0
320896571	285293023	3.0
513746745	285293023	4.0
513746751	285293023	4.0
526933452	285293023	4.0
285071641	285293023	3.0
157893664	285293023	4.0
157893667	285293023	4.0
157893689	285293023	4.0
157893681	285293023	4.0
285071910	285293023	3.0
515834816	285293023	3.0
285072436	285293023	3.0
285078196	285293023	3.0
285069185	285293023	4.0
474812032	474812032	0
474812033	474812032	0.0
474812034	474812032	0.0
474812035	474812032	0.0
513746760	474812032	4.0
157893641	474812032	4.0
157893642	474812032	4.0
157893653	474812032	4.0
157893654	474812032	4.0
157893665	474812032	4.0
157893666	474812032	4.0
157893671	474812032	4.0
157893674	474812032	4.0
157893675	474812032	4.0
157893676	474812032	4.0
157893692	474812032	4.0
157893727	474812032	4.0
285312665	474812032	4.0
513743135	474812032	4.0
285080526	474812032	3.0
285078197	474812032	0.0
285069274	474812032	4.0
285069186	474812032	4.0
329871559	474812032	4.0
509507304	474812032	4.0
362332677	474812032	2.0
285310128	474812032	3.0
285310129	474812032	3.0
329871553	474812032	3.0
329871554	474812032	3.0
329871557	474812032	3.0
362332602	474812032	3.0
474812629	474812032	3.0
157893342	474812032	4.0
157893651	474812032	4.0
157893704	474812032	4.0
157893640	474812032	4.0
157893723	474812032	4.0
285071974	474812032	4.0
320896571	474812032	4.0
513746745	474812032	4.0
513746751	474812032	4.0
526933452	474812032	4.0
285071641	474812032	3.0
157893664	474812032	4.0
157893667	474812032	4.0
157893689	474812032	4.0
157893681	474812032	4.0
285071910	474812032	4.0
515834816	474812032	4.0
285072436	474812032	3.0
285078196	474812032	0.0
285069185	474812032	4.0
474812033	474812033	0
474812034	474812033	0.0
474812035	474812033	0.0
513746760	474812033	4.0
157893641	474812033	4.0
157893642	474812033	4.0
157893653	474812033	4.0
157893654	474812033	4.0
157893665	474812033	4.0
157893666	474812033	4.0
157893671	474812033	4.0
157893674	474812033	4.0
157893675	474812033	4.0
157893676	474812033	4.0
157893692	474812033	4.0
157893727	474812033	4.0
285312665	474812033	4.0
513743135	474812033	4.0
285080526	474812033	3.0
285078197	474812033	0.0
285069274	474812033	4.0
285069186	474812033	4.0
329871559	474812033	4.0
509507304	474812033	4.0
362332677	474812033	2.0
285310128	474812033	3.0
285310129	474812033	3.0
329871553	474812033	3.0
329871554	474812033	3.0
329871557	474812033	3.0
362332602	474812033	3.0
474812629	474812033	3.0
157893342	474812033	4.0
157893651	474812033	4.0
157893704	474812033	4.0
157893640	474812033	4.0
157893723	474812033	4.0
285071974	474812033	4.0
320896571	474812033	4.0
513746745	474812033	4.0
513746751	474812033	4.0
526933452	474812033	4.0
285071641	474812033	3.0
157893664	474812033	4.0
157893667	474812033	4.0
157893689	474812033	4.0
157893681	474812033	4.0
285071910	474812033	4.0
515834816	474812033	4.0
285072436	474812033	3.0
285078196	474812033	0.0
285069185	474812033	4.0
474812034	474812034	0
474812035	474812034	0.0
513746760	474812034	4.0
157893641	474812034	4.0
157893642	474812034	4.0
157893653	474812034	4.0
157893654	474812034	4.0
157893665	474812034	4.0
157893666	474812034	4.0
157893671	474812034	4.0
157893674	474812034	4.0
157893675	474812034	4.0
157893676	474812034	4.0
157893692	474812034	4.0
157893727	474812034	4.0
285312665	474812034	4.0
513743135	474812034	4.0
285080526	474812034	3.0
285078197	474812034	1.0
285069274	474812034	4.0
285069186	474812034	4.0
329871559	474812034	4.0
509507304	474812034	4.0
362332677	474812034	3.0
285310128	474812034	3.0
285310129	474812034	3.0
329871553	474812034	3.0
329871554	474812034	3.0
329871557	474812034	3.0
362332602	474812034	3.0
474812629	474812034	2.0
157893342	474812034	4.0
157893651	474812034	4.0
157893704	474812034	4.0
157893640	474812034	4.0
157893723	474812034	4.0
285071974	474812034	4.0
320896571	474812034	4.0
513746745	474812034	4.0
513746751	474812034	4.0
526933452	474812034	4.0
285071641	474812034	3.0
157893664	474812034	4.0
157893667	474812034	4.0
157893689	474812034	4.0
157893681	474812034	4.0
285071910	474812034	3.0
515834816	474812034	4.0
285072436	474812034	3.0
285078196	474812034	0.0
285069185	474812034	4.0
474812035	474812035	0
513746760	474812035	4.0
157893641	474812035	4.0
157893642	474812035	4.0
157893653	474812035	4.0
157893654	474812035	4.0
157893665	474812035	4.0
157893666	474812035	4.0
157893671	474812035	4.0
157893674	474812035	4.0
157893675	474812035	4.0
157893676	474812035	4.0
157893692	474812035	4.0
157893727	474812035	4.0
285312665	474812035	4.0
513743135	474812035	4.0
285080526	474812035	3.0
285078197	474812035	1.0
285069274	474812035	4.0
285069186	474812035	4.0
329871559	474812035	4.0
509507304	474812035	4.0
362332677	474812035	2.0
285310128	474812035	3.0
285310129	474812035	3.0
329871553	474812035	3.0
329871554	474812035	3.0
329871557	474812035	3.0
362332602	474812035	3.0
474812629	474812035	2.0
157893342	474812035	4.0
157893651	474812035	4.0
157893704	474812035	4.0
157893640	474812035	4.0
157893723	474812035	4.0
285071974	474812035	4.0
320896571	474812035	4.0
513746745	474812035	4.0
513746751	474812035	4.0
526933452	474812035	4.0
285071641	474812035	3.0
157893664	474812035	4.0
157893667	474812035	4.0
157893689	474812035	4.0
157893681	474812035	4.0
285071910	474812035	3.0
515834816	474812035	4.0
285072436	474812035	3.0
285078196	474812035	2.0
285069185	474812035	4.0
513746760	513746760	0
157893641	513746760	3.0
157893642	513746760	3.0
157893653	513746760	3.0
157893654	513746760	3.0
157893665	513746760	3.0
157893666	513746760	3.0
157893671	513746760	3.0
157893674	513746760	3.0
157893675	513746760	3.0
157893676	513746760	3.0
157893692	513746760	3.0
157893727	513746760	3.0
285312665	513746760	3.0
513743135	513746760	3.0
285080526	513746760	4.0
285078197	513746760	4.0
285069274	513746760	3.0
285069186	513746760	3.0
329871559	513746760	5.0
509507304	513746760	5.0
362332677	513746760	4.0
285310128	513746760	3.0
285310129	513746760	3.0
329871553	513746760	3.0
329871554	513746760	3.0
329871557	513746760	3.0
362332602	513746760	3.0
474812629	513746760	3.0
157893342	513746760	2.0
157893651	513746760	2.0
157893704	513746760	2.0
157893640	513746760	2.0
157893723	513746760	3.0
285071974	513746760	2.0
320896571	513746760	2.0
513746745	513746760	3.0
513746751	513746760	2.0
526933452	513746760	3.0
285071641	513746760	2.0
157893664	513746760	2.0
157893667	513746760	2.0
157893689	513746760	2.0
157893681	513746760	3.0
285071910	513746760	2.0
515834816	513746760	3.0
285072436	513746760	3.0
285078196	513746760	4.0
285069185	513746760	3.0
157893641	157893641	0
157893642	157893641	0.0
157893653	157893641	0.0
157893654	157893641	0.0
157893665	157893641	0.0
157893666	157893641	0.0
157893671	157893641	0.0
157893674	157893641	1.0
157893675	157893641	0.0
157893676	157893641	0.0
157893692	157893641	0.0
157893727	157893641	0.0
285312665	157893641	3.0
513743135	157893641	0.0
285080526	157893641	5.0
285078197	157893641	4.0
285069274	157893641	1.0
285069186	157893641	4.0
329871559	157893641	5.0
509507304	157893641	5.0
362332677	157893641	4.0
285310128	157893641	4.0
285310129	157893641	3.0
329871553	157893641	3.0
329871554	157893641	3.0
329871557	157893641	4.0
362332602	157893641	3.0
474812629	157893641	4.0
157893342	157893641	3.0
157893651	157893641	3.0
157893704	157893641	4.0
157893640	157893641	3.0
157893723	157893641	4.0
285071974	157893641	2.0
320896571	157893641	2.0
513746745	157893641	3.0
513746751	157893641	3.0
526933452	157893641	4.0
285071641	157893641	3.0
157893664	157893641	3.0
157893667	157893641	4.0
157893689	157893641	3.0
157893681	157893641	3.0
285071910	157893641	3.0
515834816	157893641	3.0
285072436	157893641	4.0
285078196	157893641	4.0
285069185	157893641	3.0
157893642	157893642	0
157893653	157893642	0.0
157893654	157893642	0.0
157893665	157893642	0.0
157893666	157893642	0.0
157893671	157893642	0.0
157893674	157893642	1.0
157893675	157893642	0.0
157893676	157893642	0.0
157893692	157893642	0.0
157893727	157893642	0.0
285312665	157893642	3.0
513743135	157893642	0.0
285080526	157893642	5.0
285078197	157893642	4.0
285069274	157893642	1.0
285069186	157893642	4.0
329871559	157893642	5.0
509507304	157893642	5.0
362332677	157893642	4.0
285310128	157893642	4.0
285310129	157893642	3.0
329871553	157893642	3.0
329871554	157893642	3.0
329871557	157893642	4.0
362332602	157893642	3.0
474812629	157893642	4.0
157893342	157893642	3.0
157893651	157893642	3.0
157893704	157893642	4.0
157893640	157893642	3.0
157893723	157893642	4.0
285071974	157893642	2.0
320896571	157893642	2.0
513746745	157893642	3.0
513746751	157893642	3.0
526933452	157893642	4.0
285071641	157893642	3.0
157893664	157893642	3.0
157893667	157893642	4.0
157893689	157893642	3.0
157893681	157893642	3.0
285071910	157893642	3.0
515834816	157893642	3.0
285072436	157893642	4.0
285078196	157893642	4.0
285069185	157893642	3.0
157893653	157893653	0
157893654	157893653	0.0
157893665	157893653	0.0
157893666	157893653	0.0
157893671	157893653	0.0
157893674	157893653	1.0
157893675	157893653	0.0
157893676	157893653	0.0
157893692	157893653	0.0
157893727	157893653	1.0
285312665	157893653	3.0
513743135	157893653	0.0
285080526	157893653	5.0
285078197	157893653	4.0
285069274	157893653	0.0
285069186	157893653	4.0
329871559	157893653	5.0
509507304	157893653	5.0
362332677	157893653	4.0
285310128	157893653	4.0
285310129	157893653	3.0
329871553	157893653	3.0
329871554	157893653	3.0
329871557	157893653	4.0
362332602	157893653	3.0
474812629	157893653	4.0
157893342	157893653	3.0
157893651	157893653	3.0
157893704	157893653	4.0
157893640	157893653	3.0
157893723	157893653	4.0
285071974	157893653	2.0
320896571	157893653	2.0
513746745	157893653	3.0
513746751	157893653	3.0
526933452	157893653	4.0
285071641	157893653	3.0
157893664	157893653	3.0
157893667	157893653	4.0
157893689	157893653	3.0
157893681	157893653	3.0
285071910	157893653	3.0
515834816	157893653	3.0
285072436	157893653	4.0
285078196	157893653	4.0
285069185	157893653	3.0
157893654	157893654	0
157893665	157893654	0.0
157893666	157893654	0.0
157893671	157893654	0.0
157893674	157893654	2.0
157893675	157893654	0.0
157893676	157893654	0.0
157893692	157893654	0.0
157893727	157893654	0.0
285312665	157893654	2.0
513743135	157893654	0.0
285080526	157893654	4.0
285078197	157893654	4.0
285069274	157893654	1.0
285069186	157893654	2.0
329871559	157893654	5.0
509507304	157893654	5.0
362332677	157893654	4.0
285310128	157893654	3.0
285310129	157893654	3.0
329871553	157893654	3.0
329871554	157893654	3.0
329871557	157893654	4.0
362332602	157893654	3.0
474812629	157893654	4.0
157893342	157893654	3.0
157893651	157893654	3.0
157893704	157893654	2.0
157893640	157893654	3.0
157893723	157893654	3.0
285071974	157893654	2.0
320896571	157893654	2.0
513746745	157893654	2.0
513746751	157893654	2.0
526933452	157893654	3.0
285071641	157893654	3.0
157893664	157893654	3.0
157893667	157893654	3.0
157893689	157893654	3.0
157893681	157893654	2.0
285071910	157893654	3.0
515834816	157893654	3.0
285072436	157893654	4.0
285078196	157893654	4.0
285069185	157893654	2.0
157893665	157893665	0
157893666	157893665	0.0
157893671	157893665	0.0
157893674	157893665	1.0
157893675	157893665	0.0
157893676	157893665	0.0
157893692	157893665	0.0
157893727	157893665	0.0
285312665	157893665	3.0
513743135	157893665	0.0
285080526	157893665	5.0
285078197	157893665	4.0
285069274	157893665	1.0
285069186	157893665	4.0
329871559	157893665	5.0
509507304	157893665	5.0
362332677	157893665	4.0
285310128	157893665	4.0
285310129	157893665	3.0
329871553	157893665	3.0
329871554	157893665	3.0
329871557	157893665	4.0
362332602	157893665	3.0
474812629	157893665	4.0
157893342	157893665	3.0
157893651	157893665	3.0
157893704	157893665	4.0
157893640	157893665	3.0
157893723	157893665	4.0
285071974	157893665	2.0
320896571	157893665	2.0
513746745	157893665	3.0
513746751	157893665	3.0
526933452	157893665	4.0
285071641	157893665	3.0
157893664	157893665	3.0
157893667	157893665	4.0
157893689	157893665	3.0
157893681	157893665	3.0
285071910	157893665	3.0
515834816	157893665	3.0
285072436	157893665	4.0
285078196	157893665	4.0
285069185	157893665	3.0
157893666	157893666	0
157893671	157893666	0.0
157893674	157893666	1.0
157893675	157893666	0.0
157893676	157893666	0.0
157893692	157893666	0.0
157893727	157893666	0.0
285312665	157893666	3.0
513743135	157893666	0.0
285080526	157893666	5.0
285078197	157893666	4.0
285069274	157893666	1.0
285069186	157893666	4.0
329871559	157893666	5.0
509507304	157893666	5.0
362332677	157893666	4.0
285310128	157893666	4.0
285310129	157893666	3.0
329871553	157893666	3.0
329871554	157893666	3.0
329871557	157893666	4.0
362332602	157893666	3.0
474812629	157893666	4.0
157893342	157893666	3.0
157893651	157893666	3.0
157893704	157893666	4.0
157893640	157893666	3.0
157893723	157893666	4.0
285071974	157893666	2.0
320896571	157893666	2.0
513746745	157893666	3.0
513746751	157893666	3.0
526933452	157893666	4.0
285071641	157893666	3.0
157893664	157893666	3.0
157893667	157893666	4.0
157893689	157893666	3.0
157893681	157893666	3.0
285071910	157893666	3.0
515834816	157893666	3.0
285072436	157893666	4.0
285078196	157893666	4.0
285069185	157893666	3.0
157893671	157893671	0
157893674	157893671	1.0
157893675	157893671	0.0
157893676	157893671	0.0
157893692	157893671	0.0
157893727	157893671	1.0
285312665	157893671	2.0
513743135	157893671	1.0
285080526	157893671	5.0
285078197	157893671	4.0
285069274	157893671	0.0
285069186	157893671	2.0
329871559	157893671	5.0
509507304	157893671	5.0
362332677	157893671	4.0
285310128	157893671	4.0
285310129	157893671	3.0
329871553	157893671	3.0
329871554	157893671	3.0
329871557	157893671	4.0
362332602	157893671	3.0
474812629	157893671	4.0
157893342	157893671	2.0
157893651	157893671	3.0
157893704	157893671	3.0
157893640	157893671	2.0
157893723	157893671	3.0
285071974	157893671	2.0
320896571	157893671	2.0
513746745	157893671	2.0
513746751	157893671	2.0
526933452	157893671	2.0
285071641	157893671	3.0
157893664	157893671	2.0
157893667	157893671	3.0
157893689	157893671	2.0
157893681	157893671	2.0
285071910	157893671	3.0
515834816	157893671	3.0
285072436	157893671	4.0
285078196	157893671	4.0
285069185	157893671	2.0
157893674	157893674	0
157893675	157893674	2.0
157893676	157893674	1.0
157893692	157893674	1.0
157893727	157893674	2.0
285312665	157893674	2.0
513743135	157893674	2.0
285080526	157893674	5.0
285078197	157893674	4.0
285069274	157893674	1.0
285069186	157893674	3.0
329871559	157893674	5.0
509507304	157893674	5.0
362332677	157893674	4.0
285310128	157893674	4.0
285310129	157893674	3.0
329871553	157893674	3.0
329871554	157893674	3.0
329871557	157893674	4.0
362332602	157893674	4.0
474812629	157893674	4.0
157893342	157893674	3.0
157893651	157893674	3.0
157893704	157893674	3.0
157893640	157893674	3.0
157893723	157893674	3.0
285071974	157893674	3.0
320896571	157893674	3.0
513746745	157893674	2.0
513746751	157893674	3.0
526933452	157893674	3.0
285071641	157893674	4.0
157893664	157893674	3.0
157893667	157893674	3.0
157893689	157893674	3.0
157893681	157893674	2.0
285071910	157893674	3.0
515834816	157893674	3.0
285072436	157893674	4.0
285078196	157893674	4.0
285069185	157893674	2.0
157893675	157893675	0
157893676	157893675	0.0
157893692	157893675	0.0
157893727	157893675	0.0
285312665	157893675	2.0
513743135	157893675	0.0
285080526	157893675	4.0
285078197	157893675	4.0
285069274	157893675	1.0
285069186	157893675	2.0
329871559	157893675	5.0
509507304	157893675	5.0
362332677	157893675	4.0
285310128	157893675	3.0
285310129	157893675	3.0
329871553	157893675	3.0
329871554	157893675	3.0
329871557	157893675	4.0
362332602	157893675	3.0
474812629	157893675	4.0
157893342	157893675	3.0
157893651	157893675	3.0
157893704	157893675	2.0
157893640	157893675	3.0
157893723	157893675	3.0
285071974	157893675	2.0
320896571	157893675	2.0
513746745	157893675	2.0
513746751	157893675	2.0
526933452	157893675	3.0
285071641	157893675	3.0
157893664	157893675	3.0
157893667	157893675	3.0
157893689	157893675	3.0
157893681	157893675	2.0
285071910	157893675	3.0
515834816	157893675	3.0
285072436	157893675	4.0
285078196	157893675	4.0
285069185	157893675	2.0
157893676	157893676	0
157893692	157893676	0.0
157893727	157893676	0.0
285312665	157893676	3.0
513743135	157893676	0.0
285080526	157893676	5.0
285078197	157893676	4.0
285069274	157893676	1.0
285069186	157893676	4.0
329871559	157893676	5.0
509507304	157893676	5.0
362332677	157893676	4.0
285310128	157893676	4.0
285310129	157893676	3.0
329871553	157893676	3.0
329871554	157893676	3.0
329871557	157893676	4.0
362332602	157893676	3.0
474812629	157893676	4.0
157893342	157893676	3.0
157893651	157893676	3.0
157893704	157893676	4.0
157893640	157893676	3.0
157893723	157893676	4.0
285071974	157893676	2.0
320896571	157893676	2.0
513746745	157893676	3.0
513746751	157893676	3.0
526933452	157893676	4.0
285071641	157893676	3.0
157893664	157893676	3.0
157893667	157893676	4.0
157893689	157893676	3.0
157893681	157893676	3.0
285071910	157893676	3.0
515834816	157893676	3.0
285072436	157893676	4.0
285078196	157893676	4.0
285069185	157893676	3.0
157893692	157893692	0
157893727	157893692	0.0
285312665	157893692	3.0
513743135	157893692	0.0
285080526	157893692	5.0
285078197	157893692	4.0
285069274	157893692	0.0
285069186	157893692	4.0
329871559	157893692	5.0
509507304	157893692	5.0
362332677	157893692	4.0
285310128	157893692	4.0
285310129	157893692	3.0
329871553	157893692	3.0
329871554	157893692	3.0
329871557	157893692	4.0
362332602	157893692	3.0
474812629	157893692	4.0
157893342	157893692	3.0
157893651	157893692	3.0
157893704	157893692	4.0
157893640	157893692	3.0
157893723	157893692	4.0
285071974	157893692	2.0
320896571	157893692	2.0
513746745	157893692	3.0
513746751	157893692	3.0
526933452	157893692	4.0
285071641	157893692	3.0
157893664	157893692	3.0
157893667	157893692	4.0
157893689	157893692	3.0
157893681	157893692	3.0
285071910	157893692	3.0
515834816	157893692	3.0
285072436	157893692	4.0
285078196	157893692	4.0
285069185	157893692	3.0
157893727	157893727	0
285312665	157893727	2.0
513743135	157893727	0.0
285080526	157893727	4.0
285078197	157893727	4.0
285069274	157893727	1.0
285069186	157893727	3.0
329871559	157893727	5.0
509507304	157893727	5.0
362332677	157893727	4.0
285310128	157893727	3.0
285310129	157893727	3.0
329871553	157893727	3.0
329871554	157893727	3.0
329871557	157893727	4.0
362332602	157893727	3.0
474812629	157893727	4.0
157893342	157893727	3.0
157893651	157893727	3.0
157893704	157893727	3.0
157893640	157893727	3.0
157893723	157893727	3.0
285071974	157893727	1.0
320896571	157893727	2.0
513746745	157893727	2.0
513746751	157893727	3.0
526933452	157893727	3.0
285071641	157893727	3.0
157893664	157893727	3.0
157893667	157893727	3.0
157893689	157893727	3.0
157893681	157893727	2.0
285071910	157893727	2.0
515834816	157893727	2.0
285072436	157893727	3.0
285078196	157893727	4.0
285069185	157893727	2.0
285312665	285312665	0
513743135	285312665	2.0
285080526	285312665	4.0
285078197	285312665	4.0
285069274	285312665	2.0
285069186	285312665	2.0
329871559	285312665	5.0
509507304	285312665	5.0
362332677	285312665	4.0
285310128	285312665	3.0
285310129	285312665	3.0
329871553	285312665	3.0
329871554	285312665	3.0
329871557	285312665	4.0
362332602	285312665	3.0
474812629	285312665	4.0
157893342	285312665	2.0
157893651	285312665	3.0
157893704	285312665	3.0
157893640	285312665	2.0
157893723	285312665	3.0
285071974	285312665	2.0
320896571	285312665	3.0
513746745	285312665	2.0
513746751	285312665	3.0
526933452	285312665	3.0
285071641	285312665	3.0
157893664	285312665	2.0
157893667	285312665	3.0
157893689	285312665	2.0
157893681	285312665	2.0
285071910	285312665	3.0
515834816	285312665	3.0
285072436	285312665	4.0
285078196	285312665	4.0
285069185	285312665	2.0
513743135	513743135	0
285080526	513743135	4.0
285078197	513743135	4.0
285069274	513743135	1.0
285069186	513743135	3.0
329871559	513743135	5.0
509507304	513743135	5.0
362332677	513743135	4.0
285310128	513743135	3.0
285310129	513743135	3.0
329871553	513743135	3.0
329871554	513743135	3.0
329871557	513743135	4.0
362332602	513743135	3.0
474812629	513743135	4.0
157893342	513743135	3.0
157893651	513743135	3.0
157893704	513743135	3.0
157893640	513743135	3.0
157893723	513743135	3.0
285071974	513743135	2.0
320896571	513743135	2.0
513746745	513743135	2.0
513746751	513743135	3.0
526933452	513743135	3.0
285071641	513743135	3.0
157893664	513743135	3.0
157893667	513743135	3.0
157893689	513743135	3.0
157893681	513743135	2.0
285071910	513743135	2.0
515834816	513743135	3.0
285072436	513743135	4.0
285078196	513743135	4.0
285069185	513743135	2.0
285080526	285080526	0
285078197	285080526	3.0
285069274	285080526	5.0
285069186	285080526	5.0
329871559	285080526	4.0
509507304	285080526	4.0
362332677	285080526	2.0
285310128	285080526	4.0
285310129	285080526	4.0
329871553	285080526	4.0
329871554	285080526	4.0
329871557	285080526	3.0
362332602	285080526	3.0
474812629	285080526	3.0
157893342	285080526	4.0
157893651	285080526	4.0
157893704	285080526	4.0
157893640	285080526	4.0
157893723	285080526	5.0
285071974	285080526	4.0
320896571	285080526	4.0
513746745	285080526	5.0
513746751	285080526	4.0
526933452	285080526	4.0
285071641	285080526	4.0
157893664	285080526	4.0
157893667	285080526	5.0
157893689	285080526	4.0
157893681	285080526	5.0
285071910	285080526	4.0
515834816	285080526	4.0
285072436	285080526	4.0
285078196	285080526	2.0
285069185	285080526	5.0
285078197	285078197	0
285069274	285078197	4.0
285069186	285078197	4.0
329871559	285078197	4.0
509507304	285078197	4.0
362332677	285078197	2.0
285310128	285078197	3.0
285310129	285078197	4.0
329871553	285078197	3.0
329871554	285078197	3.0
329871557	285078197	3.0
362332602	285078197	3.0
474812629	285078197	3.0
157893342	285078197	4.0
157893651	285078197	4.0
157893704	285078197	4.0
157893640	285078197	4.0
157893723	285078197	4.0
285071974	285078197	4.0
320896571	285078197	4.0
513746745	285078197	4.0
513746751	285078197	4.0
526933452	285078197	4.0
285071641	285078197	3.0
157893664	285078197	4.0
157893667	285078197	4.0
157893689	285078197	4.0
157893681	285078197	4.0
285071910	285078197	4.0
515834816	285078197	4.0
285072436	285078197	3.0
285078196	285078197	0.0
285069185	285078197	4.0
285069274	285069274	0
285069186	285069274	2.0
329871559	285069274	5.0
509507304	285069274	5.0
362332677	285069274	4.0
285310128	285069274	4.0
285310129	285069274	3.0
329871553	285069274	3.0
329871554	285069274	3.0
329871557	285069274	4.0
362332602	285069274	4.0
474812629	285069274	4.0
157893342	285069274	2.0
157893651	285069274	3.0
157893704	285069274	3.0
157893640	285069274	2.0
157893723	285069274	3.0
285071974	285069274	2.0
320896571	285069274	3.0
513746745	285069274	1.0
513746751	285069274	3.0
526933452	285069274	2.0
285071641	285069274	4.0
157893664	285069274	3.0
157893667	285069274	3.0
157893689	285069274	2.0
157893681	285069274	1.0
285071910	285069274	3.0
515834816	285069274	3.0
285072436	285069274	4.0
285078196	285069274	4.0
285069185	285069274	1.0
285069186	285069186	0
329871559	285069186	5.0
509507304	285069186	5.0
362332677	285069186	4.0
285310128	285069186	4.0
285310129	285069186	4.0
329871553	285069186	4.0
329871554	285069186	4.0
329871557	285069186	4.0
362332602	285069186	4.0
474812629	285069186	4.0
157893342	285069186	3.0
157893651	285069186	3.0
157893704	285069186	3.0
157893640	285069186	3.0
157893723	285069186	2.0
285071974	285069186	3.0
320896571	285069186	3.0
513746745	285069186	2.0
513746751	285069186	3.0
526933452	285069186	2.0
285071641	285069186	4.0
157893664	285069186	3.0
157893667	285069186	2.0
157893689	285069186	3.0
157893681	285069186	1.0
285071910	285069186	3.0
515834816	285069186	3.0
285072436	285069186	4.0
285078196	285069186	4.0
285069185	285069186	0.0
329871559	329871559	0
509507304	329871559	2.0
362332677	329871559	4.0
285310128	329871559	5.0
285310129	329871559	5.0
329871553	329871559	5.0
329871554	329871559	5.0
329871557	329871559	5.0
362332602	329871559	5.0
474812629	329871559	4.0
157893342	329871559	5.0
157893651	329871559	5.0
157893704	329871559	5.0
157893640	329871559	5.0
157893723	329871559	5.0
285071974	329871559	5.0
320896571	329871559	5.0
513746745	329871559	5.0
513746751	329871559	5.0
526933452	329871559	5.0
285071641	329871559	5.0
157893664	329871559	5.0
157893667	329871559	5.0
157893689	329871559	5.0
157893681	329871559	5.0
285071910	329871559	5.0
515834816	329871559	5.0
285072436	329871559	5.0
285078196	329871559	4.0
285069185	329871559	5.0
509507304	509507304	0
362332677	509507304	4.0
285310128	509507304	5.0
285310129	509507304	5.0
329871553	509507304	5.0
329871554	509507304	5.0
329871557	509507304	4.0
362332602	509507304	5.0
474812629	509507304	4.0
157893342	509507304	5.0
157893651	509507304	5.0
157893704	509507304	5.0
157893640	509507304	5.0
157893723	509507304	5.0
285071974	509507304	5.0
320896571	509507304	5.0
513746745	509507304	5.0
513746751	509507304	5.0
526933452	509507304	5.0
285071641	509507304	4.0
157893664	509507304	5.0
157893667	509507304	5.0
157893689	509507304	5.0
157893681	509507304	5.0
285071910	509507304	5.0
515834816	509507304	5.0
285072436	509507304	4.0
285078196	509507304	4.0
285069185	509507304	5.0
362332677	362332677	0
285310128	362332677	3.0
285310129	362332677	3.0
329871553	362332677	3.0
329871554	362332677	3.0
329871557	362332677	2.0
362332602	362332677	3.0
474812629	362332677	3.0
157893342	362332677	4.0
157893651	362332677	4.0
157893704	362332677	4.0
157893640	362332677	4.0
157893723	362332677	4.0
285071974	362332677	4.0
320896571	362332677	4.0
513746745	362332677	4.0
513746751	362332677	4.0
526933452	362332677	4.0
285071641	362332677	3.0
157893664	362332677	4.0
157893667	362332677	4.0
157893689	362332677	4.0
157893681	362332677	4.0
285071910	362332677	3.0
515834816	362332677	3.0
285072436	362332677	3.0
285078196	362332677	2.0
285069185	362332677	4.0
285310128	285310128	0
285310129	285310128	2.0
329871553	285310128	1.0
329871554	285310128	1.0
329871557	285310128	3.0
362332602	285310128	2.0
474812629	285310128	2.0
157893342	285310128	3.0
157893651	285310128	3.0
157893704	285310128	3.0
157893640	285310128	3.0
157893723	285310128	4.0
285071974	285310128	3.0
320896571	285310128	3.0
513746745	285310128	4.0
513746751	285310128	3.0
526933452	285310128	3.0
285071641	285310128	2.0
157893664	285310128	3.0
157893667	285310128	4.0
157893689	285310128	3.0
157893681	285310128	4.0
285071910	285310128	2.0
515834816	285310128	2.0
285072436	285310128	2.0
285078196	285310128	3.0
285069185	285310128	4.0
285310129	285310129	0
329871553	285310129	1.0
329871554	285310129	1.0
329871557	285310129	3.0
362332602	285310129	2.0
474812629	285310129	3.0
157893342	285310129	3.0
157893651	285310129	3.0
157893704	285310129	3.0
157893640	285310129	3.0
157893723	285310129	4.0
285071974	285310129	2.0
320896571	285310129	2.0
513746745	285310129	3.0
513746751	285310129	3.0
526933452	285310129	3.0
285071641	285310129	2.0
157893664	285310129	3.0
157893667	285310129	3.0
157893689	285310129	3.0
157893681	285310129	3.0
285071910	285310129	1.0
515834816	285310129	1.0
285072436	285310129	3.0
285078196	285310129	4.0
285069185	285310129	4.0
329871553	329871553	0
329871554	329871553	0.0
329871557	329871553	2.0
362332602	329871553	1.0
474812629	329871553	2.0
157893342	329871553	3.0
157893651	329871553	3.0
157893704	329871553	3.0
157893640	329871553	3.0
157893723	329871553	4.0
285071974	329871553	2.0
320896571	329871553	2.0
513746745	329871553	3.0
513746751	329871553	3.0
526933452	329871553	3.0
285071641	329871553	1.0
157893664	329871553	3.0
157893667	329871553	4.0
157893689	329871553	3.0
157893681	329871553	4.0
285071910	329871553	1.0
515834816	329871553	1.0
285072436	329871553	2.0
285078196	329871553	3.0
285069185	329871553	4.0
329871554	329871554	0
329871557	329871554	2.0
362332602	329871554	1.0
474812629	329871554	2.0
157893342	329871554	3.0
157893651	329871554	3.0
157893704	329871554	3.0
157893640	329871554	3.0
157893723	329871554	4.0
285071974	329871554	2.0
320896571	329871554	2.0
513746745	329871554	3.0
513746751	329871554	3.0
526933452	329871554	3.0
285071641	329871554	1.0
157893664	329871554	3.0
157893667	329871554	4.0
157893689	329871554	3.0
157893681	329871554	4.0
285071910	329871554	1.0
515834816	329871554	1.0
285072436	329871554	2.0
285078196	329871554	3.0
285069185	329871554	4.0
329871557	329871557	0
362332602	329871557	1.0
474812629	329871557	2.0
157893342	329871557	4.0
157893651	329871557	4.0
157893704	329871557	4.0
157893640	329871557	4.0
157893723	329871557	4.0
285071974	329871557	3.0
320896571	329871557	3.0
513746745	329871557	4.0
513746751	329871557	4.0
526933452	329871557	4.0
285071641	329871557	3.0
157893664	329871557	4.0
157893667	329871557	4.0
157893689	329871557	4.0
157893681	329871557	4.0
285071910	329871557	3.0
515834816	329871557	3.0
285072436	329871557	3.0
285078196	329871557	3.0
285069185	329871557	4.0
362332602	362332602	0
474812629	362332602	2.0
157893342	362332602	4.0
157893651	362332602	3.0
157893704	362332602	3.0
157893640	362332602	3.0
157893723	362332602	4.0
285071974	362332602	3.0
320896571	362332602	3.0
513746745	362332602	4.0
513746751	362332602	3.0
526933452	362332602	4.0
285071641	362332602	2.0
157893664	362332602	4.0
157893667	362332602	4.0
157893689	362332602	4.0
157893681	362332602	4.0
285071910	362332602	2.0
515834816	362332602	2.0
285072436	362332602	2.0
285078196	362332602	3.0
285069185	362332602	4.0
474812629	474812629	0
157893342	474812629	4.0
157893651	474812629	4.0
157893704	474812629	3.0
157893640	474812629	4.0
157893723	474812629	4.0
285071974	474812629	3.0
320896571	474812629	3.0
513746745	474812629	4.0
513746751	474812629	3.0
526933452	474812629	4.0
285071641	474812629	1.0
157893664	474812629	4.0
157893667	474812629	4.0
157893689	474812629	4.0
157893681	474812629	4.0
285071910	474812629	3.0
515834816	474812629	3.0
285072436	474812629	1.0
285078196	474812629	2.0
285069185	474812629	4.0
157893342	157893342	0
157893651	157893342	1.0
157893704	157893342	1.0
157893640	157893342	1.0
157893723	157893342	2.0
285071974	157893342	2.0
320896571	157893342	3.0
513746745	157893342	2.0
513746751	157893342	2.0
526933452	157893342	1.0
285071641	157893342	3.0
157893664	157893342	0.0
157893667	157893342	2.0
157893689	157893342	0.0
157893681	157893342	2.0
285071910	157893342	3.0
515834816	157893342	3.0
285072436	157893342	3.0
285078196	157893342	4.0
285069185	157893342	2.0
157893651	157893651	0
157893704	157893651	0.0
157893640	157893651	2.0
157893723	157893651	2.0
285071974	157893651	2.0
320896571	157893651	2.0
513746745	157893651	3.0
513746751	157893651	2.0
526933452	157893651	2.0
285071641	157893651	3.0
157893664	157893651	1.0
157893667	157893651	2.0
157893689	157893651	1.0
157893681	157893651	3.0
285071910	157893651	3.0
515834816	157893651	3.0
285072436	157893651	3.0
285078196	157893651	4.0
285069185	157893651	3.0
157893704	157893704	0
157893640	157893704	2.0
157893723	157893704	3.0
285071974	157893704	2.0
320896571	157893704	2.0
513746745	157893704	2.0
513746751	157893704	2.0
526933452	157893704	3.0
285071641	157893704	3.0
157893664	157893704	1.0
157893667	157893704	2.0
157893689	157893704	1.0
157893681	157893704	3.0
285071910	157893704	2.0
515834816	157893704	2.0
285072436	157893704	3.0
285078196	157893704	4.0
285069185	157893704	3.0
157893640	157893640	0
157893723	157893640	2.0
285071974	157893640	2.0
320896571	157893640	2.0
513746745	157893640	2.0
513746751	157893640	1.0
526933452	157893640	1.0
285071641	157893640	3.0
157893664	157893640	1.0
157893667	157893640	2.0
157893689	157893640	1.0
157893681	157893640	2.0
285071910	157893640	3.0
515834816	157893640	3.0
285072436	157893640	3.0
285078196	157893640	4.0
285069185	157893640	2.0
157893723	157893723	0
285071974	157893723	3.0
320896571	157893723	3.0
513746745	157893723	2.0
513746751	157893723	3.0
526933452	157893723	2.0
285071641	157893723	4.0
157893664	157893723	2.0
157893667	157893723	0.0
157893689	157893723	2.0
157893681	157893723	3.0
285071910	157893723	3.0
515834816	157893723	3.0
285072436	157893723	4.0
285078196	157893723	4.0
285069185	157893723	2.0
285071974	285071974	0
320896571	285071974	2.0
513746745	285071974	3.0
513746751	285071974	1.0
526933452	285071974	2.0
285071641	285071974	3.0
157893664	285071974	2.0
157893667	285071974	3.0
157893689	285071974	2.0
157893681	285071974	3.0
285071910	285071974	2.0
515834816	285071974	2.0
285072436	285071974	3.0
285078196	285071974	4.0
285069185	285071974	3.0
320896571	320896571	0
513746745	320896571	3.0
513746751	320896571	2.0
526933452	320896571	3.0
285071641	320896571	3.0
157893664	320896571	3.0
157893667	320896571	3.0
157893689	320896571	3.0
157893681	320896571	3.0
285071910	320896571	1.0
515834816	320896571	1.0
285072436	320896571	3.0
285078196	320896571	4.0
285069185	320896571	3.0
513746745	513746745	0
513746751	513746745	2.0
526933452	513746745	2.0
285071641	513746745	3.0
157893664	513746745	2.0
157893667	513746745	2.0
157893689	513746745	2.0
157893681	513746745	1.0
285071910	513746745	3.0
515834816	513746745	3.0
285072436	513746745	4.0
285078196	513746745	4.0
285069185	513746745	1.0
513746751	513746751	0
526933452	513746751	2.0
285071641	513746751	3.0
157893664	513746751	2.0
157893667	513746751	2.0
157893689	513746751	2.0
157893681	513746751	3.0
285071910	513746751	2.0
515834816	513746751	2.0
285072436	513746751	3.0
285078196	513746751	4.0
285069185	513746751	3.0
526933452	526933452	0
285071641	526933452	3.0
157893664	526933452	1.0
157893667	526933452	2.0
157893689	526933452	1.0
157893681	526933452	2.0
285071910	526933452	3.0
515834816	526933452	3.0
285072436	526933452	3.0
285078196	526933452	4.0
285069185	526933452	2.0
285071641	285071641	0
157893664	285071641	3.0
157893667	285071641	3.0
157893689	285071641	3.0
157893681	285071641	4.0
285071910	285071641	2.0
515834816	285071641	2.0
285072436	285071641	1.0
285078196	285071641	3.0
285069185	285071641	4.0
157893664	157893664	0
157893667	157893664	2.0
157893689	157893664	0.0
157893681	157893664	3.0
285071910	157893664	3.0
515834816	157893664	3.0
285072436	157893664	4.0
285078196	157893664	4.0
285069185	157893664	2.0
157893667	157893667	0
157893689	157893667	2.0
157893681	157893667	3.0
285071910	157893667	3.0
515834816	157893667	3.0
285072436	157893667	4.0
285078196	157893667	4.0
285069185	157893667	2.0
157893689	157893689	0
157893681	157893689	2.0
285071910	157893689	3.0
515834816	157893689	3.0
285072436	157893689	3.0
285078196	157893689	4.0
285069185	157893689	2.0
157893681	157893681	0
285071910	157893681	3.0
515834816	157893681	3.0
285072436	157893681	4.0
285078196	157893681	4.0
285069185	157893681	1.0
285071910	285071910	0
515834816	285071910	0.0
285072436	285071910	3.0
285078196	285071910	4.0
285069185	285071910	3.0
515834816	515834816	0
285072436	515834816	3.0
285078196	515834816	4.0
285069185	515834816	3.0
285072436	285072436	0
285078196	285072436	3.0
285069185	285072436	4.0
285078196	285078196	0
285069185	285078196	4.0
285069185	285069185	0
