111811148	[4,33.0,-37.0]	40.648470562499995	-73.87839964999999	0.08817704511904798	0.05888703297068166	0.2865740074111671	0.0004895847502100742	0.8688172043010752	0.1497959219811062
111811149	[3,32.0,-35.0]	40.64808365	-73.87832614999999	0.08817704511904798	0.05888703297068166	0.2865740074111671	0.0004895847502100742	0.8688172043010752	0.1497959219811062
111811154	[5,34.0,-39.0]	40.6488344	-73.87874006666665	0.08817704511904798	0.05888703297068166	0.2865740074111671	0.0004895847502100742	0.8688172043010752	0.1497959219811062
412096034	[-16,69.0,-53.0]	40.64817202	-73.8849056	0.08817704511904798	0.05888703297068166	0.2865740074111671	0.0004895847502100742	0.8688172043010752	0.1497959219811062
412096036	[-15,72.0,-57.0]	40.648498440000004	-73.88543528	0.08817704511904798	0.05888703297068166	0.2865740074111671	0.0004895847502100742	0.8688172043010752	0.1497959219811062
412096040	[-21,47.0,-26.0]	40.6447969	-73.88098456	0.08817704511904798	0.05888703297068166	0.2865740074111671	0.0004895847502100742	0.8688172043010752	0.1497959219811062
412096043	[-23,48.0,-25.0]	40.64450748	-73.88119309999999	0.08817704511904798	0.05888703297068166	0.2865740074111671	0.0004895847502100742	0.8688172043010752	0.1497959219811062
412096047	[-16,68.0,-52.0]	40.648044000000006	-73.88475808000001	0.08817704511904798	0.05888703297068166	0.2865740074111671	0.0004895847502100742	0.8688172043010752	0.1497959219811062
412096049	[-15,70.0,-55.0]	40.64829676	-73.88504370000001	0.08817704511904798	0.05888703297068166	0.2865740074111671	0.0004895847502100742	0.8688172043010752	0.1497959219811062
412097219	[-6,50.0,-44.0]	40.64823211666667	-73.8814609	0.08817704511904798	0.05888703297068166	0.2865740074111671	0.0004895847502100742	0.8688172043010752	0.1497959219811062
412093468	[-11,69.0,-58.0]	40.64915506	-73.8848222	0.08817704511904798	0.05888703297068166	0.2865740074111671	0.0004895847502100742	0.8688172043010752	0.1497959219811062
412096039	[6,50.0,-56.0]	40.65068718	-73.88149244	0.08817704511904798	0.05888703297068166	0.2865740074111671	0.0004895847502100742	0.8688172043010752	0.1497959219811062
412096044	[8,48.0,-56.0]	40.650807220000004	-73.88120678	0.08817704511904798	0.05888703297068166	0.2865740074111671	0.0004895847502100742	0.8688172043010752	0.1497959219811062
412096045	[9,45.0,-54.0]	40.65078030769231	-73.88060552307694	0.08817704511904798	0.05888703297068166	0.2865740074111671	0.0004895847502100742	0.8688172043010752	0.1497959219811062
412096046	[11,53.0,-64.0]	40.651940339999996	-73.88199562	0.08817704511904798	0.05888703297068166	0.2865740074111671	0.0004895847502100742	0.8688172043010752	0.1497959219811062
412096048	[15,51.0,-66.0]	40.652682834782595	-73.8817166173913	0.08817704511904798	0.05888703297068166	0.2865740074111671	0.0004895847502100742	0.8688172043010752	0.1497959219811062
558628576	[19,4.0,-23.0]	40.64858423333333	-73.87340214583334	0.08817704511904798	0.05888703297068166	0.2865740074111671	0.0004895847502100742	0.8688172043010752	0.1497959219811062
249983619	[-20,53.0,-33.0]	40.64565513076923	-73.8819710923077	0.08817704511904798	0.05888703297068166	0.2865740074111671	0.0004895847502100742	0.8688172043010752	0.1497959219811062
413355896	[-15,54.0,-39.0]	40.6467161625	-73.8822135	0.08817704511904798	0.05888703297068166	0.2865740074111671	0.0004895847502100742	0.8688172043010752	0.1497959219811062
412096042	[-24,53.0,-29.0]	40.644791	-73.8819873	0.08817704511904798	0.05888703297068166	0.2865740074111671	0.0004895847502100742	0.8688172043010752	0.1497959219811062
412097224	[-14,58.0,-44.0]	40.64737117619048	-73.88281374285715	0.08817704511904798	0.05888703297068166	0.2865740074111671	0.0004895847502100742	0.8688172043010752	0.1497959219811062
413357499	[-1,26.0,-25.0]	40.64671450833333	-73.87728819166666	0.08817704511904798	0.05888703297068166	0.2865740074111671	0.0004895847502100742	0.8688172043010752	0.1497959219811062
247460487	[-8,66.0,-58.0]	40.649323314285716	-73.88438009285714	0.08817704511904798	0.05888703297068166	0.2865740074111671	0.0004895847502100742	0.8688172043010752	0.1497959219811062
412099918	[6,37.0,-43.0]	40.64926763333333	-73.87920418333334	0.08817704511904798	0.05888703297068166	0.2865740074111671	0.0004895847502100742	0.8688172043010752	0.1497959219811062
413357494	[-3,23.0,-20.0]	40.6460156611111	-73.87661022222223	0.08817704511904798	0.05888703297068166	0.2865740074111671	0.0004895847502100742	0.8688172043010752	0.1497959219811062
558598271	[-15,24.0,-9.0]	40.643711700000004	-73.8769452875	0.08817704511904798	0.05888703297068166	0.2865740074111671	0.0004895847502100742	0.8688172043010752	0.1497959219811062
558628578	[-15,19.0,-4.0]	40.64314650444444	-73.87599788	0.08817704511904798	0.05888703297068166	0.2865740074111671	0.0004895847502100742	0.8688172043010752	0.1497959219811062
558628579	[34,-36.0,2.0]	40.647660935714285	-73.86624259999999	0.08817704511904798	0.05888703297068166	0.2865740074111671	0.0004895847502100742	0.8688172043010752	0.1497959219811062
180522728	[40,-9.0,-31.0]	40.65149310909092	-73.87095682818176	0.08817704511904798	0.05888703297068166	0.2865740074111671	0.0004895847502100742	0.8688172043010752	0.1497959219811062
180522736	[40,-14.0,-26.0]	40.65097430833333	-73.87011685	0.08817704511904798	0.05888703297068166	0.2865740074111671	0.0004895847502100742	0.8688172043010752	0.1497959219811062
180522737	[41,-15.0,-26.0]	40.65120537692307	-73.86991307692307	0.08817704511904798	0.05888703297068166	0.2865740074111671	0.0004895847502100742	0.8688172043010752	0.1497959219811062
180522738	[32,-6.0,-26.0]	40.65016716666667	-73.87148473333333	0.08817704511904798	0.05888703297068166	0.2865740074111671	0.0004895847502100742	0.8688172043010752	0.1497959219811062
180522744	[24,11.0,-35.0]	40.650324340000004	-73.87468248	0.08817704511904798	0.05888703297068166	0.2865740074111671	0.0004895847502100742	0.8688172043010752	0.1497959219811062
180522746	[46,-20.0,-26.0]	40.651673699999996	-73.869063	0.08817704511904798	0.05888703297068166	0.2865740074111671	0.0004895847502100742	0.8688172043010752	0.1497959219811062
412123940	[49,-4.0,-45.0]	40.65391461428571	-73.87201041428571	0.08817704511904798	0.05888703297068166	0.2865740074111671	0.0004895847502100742	0.8688172043010752	0.1497959219811062
412123941	[42,8.0,-50.0]	40.65372526	-73.87400686	0.08817704511904798	0.05888703297068166	0.2865740074111671	0.0004895847502100742	0.8688172043010752	0.1497959219811062
412123942	[38,8.0,-46.0]	40.65296666	-73.87397466	0.08817704511904798	0.05888703297068166	0.2865740074111671	0.0004895847502100742	0.8688172043010752	0.1497959219811062
412123945	[34,17.0,-51.0]	40.653033066666666	-73.8756380888889	0.08817704511904798	0.05888703297068166	0.2865740074111671	0.0004895847502100742	0.8688172043010752	0.1497959219811062
412123946	[33,14.0,-47.0]	40.65250826111111	-73.87504136111109	0.08817704511904798	0.05888703297068166	0.2865740074111671	0.0004895847502100742	0.8688172043010752	0.1497959219811062
412123947	[36,10.0,-46.0]	40.65279574	-73.87437431999999	0.08817704511904798	0.05888703297068166	0.2865740074111671	0.0004895847502100742	0.8688172043010752	0.1497959219811062
412123948	[49,-1.0,-48.0]	40.65414034285715	-73.87245675714287	0.08817704511904798	0.05888703297068166	0.2865740074111671	0.0004895847502100742	0.8688172043010752	0.1497959219811062
412123949	[39,9.0,-48.0]	40.6532618	-73.87419104	0.08817704511904798	0.05888703297068166	0.2865740074111671	0.0004895847502100742	0.8688172043010752	0.1497959219811062
412123950	[44,4.0,-48.0]	40.653716972727274	-73.87339974545455	0.08817704511904798	0.05888703297068166	0.2865740074111671	0.0004895847502100742	0.8688172043010752	0.1497959219811062
412123951	[33,16.0,-49.0]	40.652739759999996	-73.87540586	0.08817704511904798	0.05888703297068166	0.2865740074111671	0.0004895847502100742	0.8688172043010752	0.1497959219811062
412123952	[49,-2.0,-47.0]	40.65417405714286	-73.87220044285714	0.08817704511904798	0.05888703297068166	0.2865740074111671	0.0004895847502100742	0.8688172043010752	0.1497959219811062
412123954	[35,14.0,-49.0]	40.6529142	-73.87500278	0.08817704511904798	0.05888703297068166	0.2865740074111671	0.0004895847502100742	0.8688172043010752	0.1497959219811062
412123956	[45,2.0,-47.0]	40.65368065384616	-73.87292984615384	0.08817704511904798	0.05888703297068166	0.2865740074111671	0.0004895847502100742	0.8688172043010752	0.1497959219811062
412123957	[41,7.0,-48.0]	40.65343294	-73.8737897	0.08817704511904798	0.05888703297068166	0.2865740074111671	0.0004895847502100742	0.8688172043010752	0.1497959219811062
412123958	[48,-2.0,-46.0]	40.653844428571425	-73.87223882857143	0.08817704511904798	0.05888703297068166	0.2865740074111671	0.0004895847502100742	0.8688172043010752	0.1497959219811062
412123959	[36,15.0,-51.0]	40.653204339999995	-73.87521664	0.08817704511904798	0.05888703297068166	0.2865740074111671	0.0004895847502100742	0.8688172043010752	0.1497959219811062
412123961	[40,10.0,-50.0]	40.65355008	-73.87441121999998	0.08817704511904798	0.05888703297068166	0.2865740074111671	0.0004895847502100742	0.8688172043010752	0.1497959219811062
412123962	[38,12.0,-50.0]	40.65337932	-73.87481158	0.08817704511904798	0.05888703297068166	0.2865740074111671	0.0004895847502100742	0.8688172043010752	0.1497959219811062
412123963	[37,11.0,-48.0]	40.6530889	-73.87459642	0.08817704511904798	0.05888703297068166	0.2865740074111671	0.0004895847502100742	0.8688172043010752	0.1497959219811062
412450772	[84,-40.0,-44.0]	40.657393614285716	-73.86551432857144	0.08817704511904798	0.05888703297068166	0.2865740074111671	0.0004895847502100742	0.8688172043010752	0.1497959219811062
412450780	[68,-39.0,-29.0]	40.654200494117646	-73.86559359411766	0.08817704511904798	0.05888703297068166	0.2865740074111671	0.0004895847502100742	0.8688172043010752	0.1497959219811062
412450794	[80,-47.0,-33.0]	40.65592554	-73.86425502	0.08817704511904798	0.05888703297068166	0.2865740074111671	0.0004895847502100742	0.8688172043010752	0.1497959219811062
412450796	[77,-28.0,-49.0]	40.657162435714284	-73.8677169	0.08817704511904798	0.05888703297068166	0.2865740074111671	0.0004895847502100742	0.8688172043010752	0.1497959219811062
558628577	[46,-27.0,-19.0]	40.65094700470588	-73.86784056470587	0.08817704511904798	0.05888703297068166	0.2865740074111671	0.0004895847502100742	0.8688172043010752	0.1497959219811062
377561552	[54,2.0,-56.0]	40.655482140000004	-73.87295958000001	0.08817704511904798	0.05888703297068166	0.2865740074111671	0.0004895847502100742	0.8688172043010752	0.1497959219811062
377560450	[66,-25.0,-41.0]	40.65534066666667	-73.86815398333333	0.08817704511904798	0.05888703297068166	0.2865740074111671	0.0004895847502100742	0.8688172043010752	0.1497959219811062
377561301	[47,1.0,-48.0]	40.65406176	-73.87273726	0.08817704511904798	0.05888703297068166	0.2865740074111671	0.0004895847502100742	0.8688172043010752	0.1497959219811062
377561302	[46,-1.0,-45.0]	40.65364215714286	-73.87245684285713	0.08817704511904798	0.05888703297068166	0.2865740074111671	0.0004895847502100742	0.8688172043010752	0.1497959219811062
377561303	[51,-3.0,-48.0]	40.6543633	-73.87202429999999	0.08817704511904798	0.05888703297068166	0.2865740074111671	0.0004895847502100742	0.8688172043010752	0.1497959219811062
377561304	[50,-5.0,-45.0]	40.653993820000004	-73.8717534	0.08817704511904798	0.05888703297068166	0.2865740074111671	0.0004895847502100742	0.8688172043010752	0.1497959219811062
377561330	[51,0.0,-51.0]	40.65479492	-73.87253076	0.08817704511904798	0.05888703297068166	0.2865740074111671	0.0004895847502100742	0.8688172043010752	0.1497959219811062
377561331	[52,-1.0,-51.0]	40.654927400000005	-73.87242508	0.08817704511904798	0.05888703297068166	0.2865740074111671	0.0004895847502100742	0.8688172043010752	0.1497959219811062
377561551	[51,5.0,-56.0]	40.65525446666667	-73.87351933333333	0.08817704511904798	0.05888703297068166	0.2865740074111671	0.0004895847502100742	0.8688172043010752	0.1497959219811062
111811148	111811148	0
111811149	111811148	0.0
111811154	111811148	0.0
412096034	111811148	2.0
412096036	111811148	3.0
412096040	111811148	2.0
412096043	111811148	2.0
412096047	111811148	2.0
412096049	111811148	3.0
412097219	111811148	2.0
412093468	111811148	3.0
412096039	111811148	3.0
412096044	111811148	3.0
412096045	111811148	3.0
412096046	111811148	3.0
412096048	111811148	2.0
558628576	111811148	4.0
249983619	111811148	2.0
413355896	111811148	2.0
412096042	111811148	3.0
412097224	111811148	2.0
413357499	111811148	1.0
247460487	111811148	3.0
412099918	111811148	0.0
413357494	111811148	2.0
558598271	111811148	2.0
558628578	111811148	2.0
558628579	111811148	4.0
180522728	111811148	4.0
180522736	111811148	4.0
180522737	111811148	4.0
180522738	111811148	4.0
180522744	111811148	4.0
180522746	111811148	4.0
412123940	111811148	4.0
412123941	111811148	4.0
412123942	111811148	4.0
412123945	111811148	3.0
412123946	111811148	4.0
412123947	111811148	4.0
412123948	111811148	4.0
412123949	111811148	4.0
412123950	111811148	4.0
412123951	111811148	4.0
412123952	111811148	4.0
412123954	111811148	4.0
412123956	111811148	4.0
412123957	111811148	4.0
412123958	111811148	4.0
412123959	111811148	4.0
412123961	111811148	4.0
412123962	111811148	4.0
412123963	111811148	4.0
412450772	111811148	4.0
412450780	111811148	4.0
412450794	111811148	4.0
412450796	111811148	4.0
558628577	111811148	4.0
377561552	111811148	4.0
377560450	111811148	4.0
377561301	111811148	4.0
377561302	111811148	4.0
377561303	111811148	4.0
377561304	111811148	4.0
377561330	111811148	4.0
377561331	111811148	4.0
377561551	111811148	4.0
111811149	111811149	0
111811154	111811149	1.0
412096034	111811149	3.0
412096036	111811149	3.0
412096040	111811149	3.0
412096043	111811149	3.0
412096047	111811149	3.0
412096049	111811149	3.0
412097219	111811149	2.0
412093468	111811149	3.0
412096039	111811149	3.0
412096044	111811149	3.0
412096045	111811149	3.0
412096046	111811149	3.0
412096048	111811149	2.0
558628576	111811149	4.0
249983619	111811149	2.0
413355896	111811149	2.0
412096042	111811149	3.0
412097224	111811149	3.0
413357499	111811149	1.0
247460487	111811149	3.0
412099918	111811149	1.0
413357494	111811149	1.0
558598271	111811149	2.0
558628578	111811149	2.0
558628579	111811149	4.0
180522728	111811149	4.0
180522736	111811149	4.0
180522737	111811149	4.0
180522738	111811149	4.0
180522744	111811149	4.0
180522746	111811149	4.0
412123940	111811149	4.0
412123941	111811149	4.0
412123942	111811149	4.0
412123945	111811149	4.0
412123946	111811149	4.0
412123947	111811149	4.0
412123948	111811149	4.0
412123949	111811149	4.0
412123950	111811149	4.0
412123951	111811149	4.0
412123952	111811149	4.0
412123954	111811149	4.0
412123956	111811149	4.0
412123957	111811149	4.0
412123958	111811149	4.0
412123959	111811149	4.0
412123961	111811149	4.0
412123962	111811149	4.0
412123963	111811149	4.0
412450772	111811149	4.0
412450780	111811149	4.0
412450794	111811149	4.0
412450796	111811149	4.0
558628577	111811149	4.0
377561552	111811149	4.0
377560450	111811149	4.0
377561301	111811149	4.0
377561302	111811149	4.0
377561303	111811149	4.0
377561304	111811149	4.0
377561330	111811149	4.0
377561331	111811149	4.0
377561551	111811149	4.0
111811154	111811154	0
412096034	111811154	2.0
412096036	111811154	2.0
412096040	111811154	2.0
412096043	111811154	2.0
412096047	111811154	2.0
412096049	111811154	2.0
412097219	111811154	1.0
412093468	111811154	2.0
412096039	111811154	3.0
412096044	111811154	3.0
412096045	111811154	3.0
412096046	111811154	2.0
412096048	111811154	2.0
558628576	111811154	4.0
249983619	111811154	2.0
413355896	111811154	2.0
412096042	111811154	3.0
412097224	111811154	2.0
413357499	111811154	2.0
247460487	111811154	3.0
412099918	111811154	0.0
413357494	111811154	2.0
558598271	111811154	2.0
558628578	111811154	3.0
558628579	111811154	4.0
180522728	111811154	4.0
180522736	111811154	4.0
180522737	111811154	4.0
180522738	111811154	4.0
180522744	111811154	4.0
180522746	111811154	4.0
412123940	111811154	4.0
412123941	111811154	4.0
412123942	111811154	4.0
412123945	111811154	3.0
412123946	111811154	4.0
412123947	111811154	4.0
412123948	111811154	4.0
412123949	111811154	4.0
412123950	111811154	4.0
412123951	111811154	3.0
412123952	111811154	4.0
412123954	111811154	4.0
412123956	111811154	4.0
412123957	111811154	4.0
412123958	111811154	4.0
412123959	111811154	3.0
412123961	111811154	4.0
412123962	111811154	4.0
412123963	111811154	4.0
412450772	111811154	4.0
412450780	111811154	4.0
412450794	111811154	4.0
412450796	111811154	4.0
558628577	111811154	4.0
377561552	111811154	4.0
377560450	111811154	4.0
377561301	111811154	4.0
377561302	111811154	4.0
377561303	111811154	4.0
377561304	111811154	4.0
377561330	111811154	4.0
377561331	111811154	4.0
377561551	111811154	4.0
412096034	412096034	0
412096036	412096034	0.0
412096040	412096034	2.0
412096043	412096034	2.0
412096047	412096034	0.0
412096049	412096034	0.0
412097219	412096034	2.0
412093468	412096034	0.0
412096039	412096034	2.0
412096044	412096034	2.0
412096045	412096034	2.0
412096046	412096034	2.0
412096048	412096034	2.0
558628576	412096034	4.0
249983619	412096034	2.0
413355896	412096034	2.0
412096042	412096034	3.0
412097224	412096034	2.0
413357499	412096034	3.0
247460487	412096034	0.0
412099918	412096034	2.0
413357494	412096034	3.0
558598271	412096034	3.0
558628578	412096034	3.0
558628579	412096034	4.0
180522728	412096034	4.0
180522736	412096034	4.0
180522737	412096034	4.0
180522738	412096034	4.0
180522744	412096034	4.0
180522746	412096034	4.0
412123940	412096034	4.0
412123941	412096034	4.0
412123942	412096034	4.0
412123945	412096034	4.0
412123946	412096034	4.0
412123947	412096034	4.0
412123948	412096034	4.0
412123949	412096034	4.0
412123950	412096034	4.0
412123951	412096034	4.0
412123952	412096034	4.0
412123954	412096034	4.0
412123956	412096034	4.0
412123957	412096034	4.0
412123958	412096034	4.0
412123959	412096034	4.0
412123961	412096034	4.0
412123962	412096034	4.0
412123963	412096034	4.0
412450772	412096034	4.0
412450780	412096034	4.0
412450794	412096034	5.0
412450796	412096034	4.0
558628577	412096034	4.0
377561552	412096034	4.0
377560450	412096034	4.0
377561301	412096034	4.0
377561302	412096034	4.0
377561303	412096034	4.0
377561304	412096034	4.0
377561330	412096034	4.0
377561331	412096034	4.0
377561551	412096034	4.0
412096036	412096036	0
412096040	412096036	2.0
412096043	412096036	2.0
412096047	412096036	0.0
412096049	412096036	0.0
412097219	412096036	2.0
412093468	412096036	0.0
412096039	412096036	2.0
412096044	412096036	2.0
412096045	412096036	2.0
412096046	412096036	2.0
412096048	412096036	2.0
558628576	412096036	4.0
249983619	412096036	2.0
413355896	412096036	2.0
412096042	412096036	3.0
412097224	412096036	2.0
413357499	412096036	3.0
247460487	412096036	0.0
412099918	412096036	2.0
413357494	412096036	3.0
558598271	412096036	3.0
558628578	412096036	3.0
558628579	412096036	4.0
180522728	412096036	4.0
180522736	412096036	4.0
180522737	412096036	4.0
180522738	412096036	4.0
180522744	412096036	4.0
180522746	412096036	4.0
412123940	412096036	4.0
412123941	412096036	4.0
412123942	412096036	4.0
412123945	412096036	4.0
412123946	412096036	4.0
412123947	412096036	4.0
412123948	412096036	4.0
412123949	412096036	4.0
412123950	412096036	4.0
412123951	412096036	4.0
412123952	412096036	4.0
412123954	412096036	4.0
412123956	412096036	4.0
412123957	412096036	4.0
412123958	412096036	4.0
412123959	412096036	4.0
412123961	412096036	4.0
412123962	412096036	4.0
412123963	412096036	4.0
412450772	412096036	4.0
412450780	412096036	4.0
412450794	412096036	5.0
412450796	412096036	4.0
558628577	412096036	4.0
377561552	412096036	4.0
377560450	412096036	4.0
377561301	412096036	4.0
377561302	412096036	4.0
377561303	412096036	4.0
377561304	412096036	4.0
377561330	412096036	4.0
377561331	412096036	4.0
377561551	412096036	4.0
412096040	412096040	0
412096043	412096040	0.0
412096047	412096040	2.0
412096049	412096040	2.0
412097219	412096040	2.0
412093468	412096040	3.0
412096039	412096040	3.0
412096044	412096040	3.0
412096045	412096040	3.0
412096046	412096040	3.0
412096048	412096040	3.0
558628576	412096040	4.0
249983619	412096040	0.0
413355896	412096040	0.0
412096042	412096040	3.0
412097224	412096040	2.0
413357499	412096040	3.0
247460487	412096040	3.0
412099918	412096040	2.0
413357494	412096040	3.0
558598271	412096040	2.0
558628578	412096040	2.0
558628579	412096040	4.0
180522728	412096040	4.0
180522736	412096040	4.0
180522737	412096040	4.0
180522738	412096040	4.0
180522744	412096040	4.0
180522746	412096040	4.0
412123940	412096040	4.0
412123941	412096040	4.0
412123942	412096040	4.0
412123945	412096040	4.0
412123946	412096040	4.0
412123947	412096040	4.0
412123948	412096040	4.0
412123949	412096040	4.0
412123950	412096040	4.0
412123951	412096040	4.0
412123952	412096040	4.0
412123954	412096040	4.0
412123956	412096040	4.0
412123957	412096040	4.0
412123958	412096040	4.0
412123959	412096040	4.0
412123961	412096040	4.0
412123962	412096040	4.0
412123963	412096040	4.0
412450772	412096040	4.0
412450780	412096040	4.0
412450794	412096040	4.0
412450796	412096040	4.0
558628577	412096040	4.0
377561552	412096040	4.0
377560450	412096040	4.0
377561301	412096040	4.0
377561302	412096040	4.0
377561303	412096040	4.0
377561304	412096040	4.0
377561330	412096040	4.0
377561331	412096040	4.0
377561551	412096040	4.0
412096043	412096043	0
412096047	412096043	2.0
412096049	412096043	2.0
412097219	412096043	2.0
412093468	412096043	3.0
412096039	412096043	3.0
412096044	412096043	3.0
412096045	412096043	3.0
412096046	412096043	3.0
412096048	412096043	3.0
558628576	412096043	4.0
249983619	412096043	0.0
413355896	412096043	0.0
412096042	412096043	3.0
412097224	412096043	2.0
413357499	412096043	3.0
247460487	412096043	3.0
412099918	412096043	2.0
413357494	412096043	3.0
558598271	412096043	2.0
558628578	412096043	2.0
558628579	412096043	4.0
180522728	412096043	4.0
180522736	412096043	4.0
180522737	412096043	4.0
180522738	412096043	4.0
180522744	412096043	4.0
180522746	412096043	4.0
412123940	412096043	4.0
412123941	412096043	4.0
412123942	412096043	4.0
412123945	412096043	4.0
412123946	412096043	4.0
412123947	412096043	4.0
412123948	412096043	4.0
412123949	412096043	4.0
412123950	412096043	4.0
412123951	412096043	4.0
412123952	412096043	4.0
412123954	412096043	4.0
412123956	412096043	4.0
412123957	412096043	4.0
412123958	412096043	4.0
412123959	412096043	4.0
412123961	412096043	4.0
412123962	412096043	4.0
412123963	412096043	4.0
412450772	412096043	4.0
412450780	412096043	4.0
412450794	412096043	4.0
412450796	412096043	4.0
558628577	412096043	4.0
377561552	412096043	4.0
377560450	412096043	4.0
377561301	412096043	4.0
377561302	412096043	4.0
377561303	412096043	4.0
377561304	412096043	4.0
377561330	412096043	4.0
377561331	412096043	4.0
377561551	412096043	4.0
412096047	412096047	0
412096049	412096047	0.0
412097219	412096047	2.0
412093468	412096047	0.0
412096039	412096047	2.0
412096044	412096047	2.0
412096045	412096047	2.0
412096046	412096047	2.0
412096048	412096047	2.0
558628576	412096047	4.0
249983619	412096047	2.0
413355896	412096047	2.0
412096042	412096047	3.0
412097224	412096047	2.0
413357499	412096047	3.0
247460487	412096047	0.0
412099918	412096047	2.0
413357494	412096047	3.0
558598271	412096047	3.0
558628578	412096047	3.0
558628579	412096047	4.0
180522728	412096047	4.0
180522736	412096047	4.0
180522737	412096047	4.0
180522738	412096047	4.0
180522744	412096047	4.0
180522746	412096047	4.0
412123940	412096047	4.0
412123941	412096047	4.0
412123942	412096047	4.0
412123945	412096047	4.0
412123946	412096047	4.0
412123947	412096047	4.0
412123948	412096047	4.0
412123949	412096047	4.0
412123950	412096047	4.0
412123951	412096047	4.0
412123952	412096047	4.0
412123954	412096047	4.0
412123956	412096047	4.0
412123957	412096047	4.0
412123958	412096047	4.0
412123959	412096047	4.0
412123961	412096047	4.0
412123962	412096047	4.0
412123963	412096047	4.0
412450772	412096047	4.0
412450780	412096047	4.0
412450794	412096047	5.0
412450796	412096047	4.0
558628577	412096047	4.0
377561552	412096047	4.0
377560450	412096047	4.0
377561301	412096047	4.0
377561302	412096047	4.0
377561303	412096047	4.0
377561304	412096047	4.0
377561330	412096047	4.0
377561331	412096047	4.0
377561551	412096047	4.0
412096049	412096049	0
412097219	412096049	2.0
412093468	412096049	0.0
412096039	412096049	2.0
412096044	412096049	2.0
412096045	412096049	2.0
412096046	412096049	2.0
412096048	412096049	2.0
558628576	412096049	4.0
249983619	412096049	2.0
413355896	412096049	2.0
412096042	412096049	3.0
412097224	412096049	2.0
413357499	412096049	3.0
247460487	412096049	0.0
412099918	412096049	2.0
413357494	412096049	3.0
558598271	412096049	3.0
558628578	412096049	3.0
558628579	412096049	4.0
180522728	412096049	4.0
180522736	412096049	4.0
180522737	412096049	4.0
180522738	412096049	4.0
180522744	412096049	4.0
180522746	412096049	4.0
412123940	412096049	4.0
412123941	412096049	4.0
412123942	412096049	4.0
412123945	412096049	4.0
412123946	412096049	4.0
412123947	412096049	4.0
412123948	412096049	4.0
412123949	412096049	4.0
412123950	412096049	4.0
412123951	412096049	4.0
412123952	412096049	4.0
412123954	412096049	4.0
412123956	412096049	4.0
412123957	412096049	4.0
412123958	412096049	4.0
412123959	412096049	4.0
412123961	412096049	4.0
412123962	412096049	4.0
412123963	412096049	4.0
412450772	412096049	4.0
412450780	412096049	4.0
412450794	412096049	5.0
412450796	412096049	4.0
558628577	412096049	4.0
377561552	412096049	4.0
377560450	412096049	4.0
377561301	412096049	4.0
377561302	412096049	4.0
377561303	412096049	4.0
377561304	412096049	4.0
377561330	412096049	4.0
377561331	412096049	4.0
377561551	412096049	4.0
412097219	412097219	0
412093468	412097219	2.0
412096039	412097219	2.0
412096044	412097219	2.0
412096045	412097219	2.0
412096046	412097219	3.0
412096048	412097219	2.0
558628576	412097219	4.0
249983619	412097219	2.0
413355896	412097219	2.0
412096042	412097219	2.0
412097224	412097219	1.0
413357499	412097219	3.0
247460487	412097219	2.0
412099918	412097219	1.0
413357494	412097219	3.0
558598271	412097219	2.0
558628578	412097219	2.0
558628579	412097219	4.0
180522728	412097219	4.0
180522736	412097219	4.0
180522737	412097219	4.0
180522738	412097219	4.0
180522744	412097219	4.0
180522746	412097219	4.0
412123940	412097219	4.0
412123941	412097219	4.0
412123942	412097219	4.0
412123945	412097219	4.0
412123946	412097219	4.0
412123947	412097219	4.0
412123948	412097219	4.0
412123949	412097219	4.0
412123950	412097219	4.0
412123951	412097219	4.0
412123952	412097219	4.0
412123954	412097219	4.0
412123956	412097219	4.0
412123957	412097219	4.0
412123958	412097219	4.0
412123959	412097219	4.0
412123961	412097219	4.0
412123962	412097219	4.0
412123963	412097219	4.0
412450772	412097219	4.0
412450780	412097219	4.0
412450794	412097219	4.0
412450796	412097219	4.0
558628577	412097219	4.0
377561552	412097219	4.0
377560450	412097219	4.0
377561301	412097219	4.0
377561302	412097219	4.0
377561303	412097219	4.0
377561304	412097219	4.0
377561330	412097219	4.0
377561331	412097219	4.0
377561551	412097219	4.0
412093468	412093468	0
412096039	412093468	2.0
412096044	412093468	2.0
412096045	412093468	2.0
412096046	412093468	2.0
412096048	412093468	2.0
558628576	412093468	4.0
249983619	412093468	2.0
413355896	412093468	2.0
412096042	412093468	3.0
412097224	412093468	2.0
413357499	412093468	3.0
247460487	412093468	0.0
412099918	412093468	2.0
413357494	412093468	3.0
558598271	412093468	3.0
558628578	412093468	3.0
558628579	412093468	4.0
180522728	412093468	4.0
180522736	412093468	4.0
180522737	412093468	4.0
180522738	412093468	4.0
180522744	412093468	4.0
180522746	412093468	4.0
412123940	412093468	4.0
412123941	412093468	4.0
412123942	412093468	4.0
412123945	412093468	4.0
412123946	412093468	4.0
412123947	412093468	4.0
412123948	412093468	4.0
412123949	412093468	4.0
412123950	412093468	4.0
412123951	412093468	4.0
412123952	412093468	4.0
412123954	412093468	4.0
412123956	412093468	4.0
412123957	412093468	4.0
412123958	412093468	4.0
412123959	412093468	4.0
412123961	412093468	4.0
412123962	412093468	4.0
412123963	412093468	4.0
412450772	412093468	4.0
412450780	412093468	4.0
412450794	412093468	5.0
412450796	412093468	4.0
558628577	412093468	4.0
377561552	412093468	4.0
377560450	412093468	4.0
377561301	412093468	4.0
377561302	412093468	4.0
377561303	412093468	4.0
377561304	412093468	4.0
377561330	412093468	4.0
377561331	412093468	4.0
377561551	412093468	4.0
412096039	412096039	0
412096044	412096039	0.0
412096045	412096039	0.0
412096046	412096039	0.0
412096048	412096039	1.0
558628576	412096039	4.0
249983619	412096039	3.0
413355896	412096039	3.0
412096042	412096039	3.0
412097224	412096039	3.0
413357499	412096039	3.0
247460487	412096039	2.0
412099918	412096039	3.0
413357494	412096039	3.0
558598271	412096039	3.0
558628578	412096039	3.0
558628579	412096039	4.0
180522728	412096039	4.0
180522736	412096039	4.0
180522737	412096039	4.0
180522738	412096039	4.0
180522744	412096039	3.0
180522746	412096039	4.0
412123940	412096039	4.0
412123941	412096039	3.0
412123942	412096039	3.0
412123945	412096039	3.0
412123946	412096039	3.0
412123947	412096039	3.0
412123948	412096039	4.0
412123949	412096039	3.0
412123950	412096039	3.0
412123951	412096039	3.0
412123952	412096039	4.0
412123954	412096039	3.0
412123956	412096039	3.0
412123957	412096039	3.0
412123958	412096039	4.0
412123959	412096039	3.0
412123961	412096039	3.0
412123962	412096039	3.0
412123963	412096039	3.0
412450772	412096039	4.0
412450780	412096039	4.0
412450794	412096039	4.0
412450796	412096039	4.0
558628577	412096039	4.0
377561552	412096039	3.0
377560450	412096039	4.0
377561301	412096039	3.0
377561302	412096039	4.0
377561303	412096039	4.0
377561304	412096039	4.0
377561330	412096039	3.0
377561331	412096039	3.0
377561551	412096039	4.0
412096044	412096044	0
412096045	412096044	0.0
412096046	412096044	0.0
412096048	412096044	1.0
558628576	412096044	4.0
249983619	412096044	3.0
413355896	412096044	3.0
412096042	412096044	3.0
412097224	412096044	3.0
413357499	412096044	3.0
247460487	412096044	2.0
412099918	412096044	3.0
413357494	412096044	3.0
558598271	412096044	3.0
558628578	412096044	3.0
558628579	412096044	4.0
180522728	412096044	4.0
180522736	412096044	4.0
180522737	412096044	4.0
180522738	412096044	4.0
180522744	412096044	3.0
180522746	412096044	5.0
412123940	412096044	4.0
412123941	412096044	3.0
412123942	412096044	3.0
412123945	412096044	3.0
412123946	412096044	3.0
412123947	412096044	3.0
412123948	412096044	4.0
412123949	412096044	3.0
412123950	412096044	3.0
412123951	412096044	3.0
412123952	412096044	4.0
412123954	412096044	3.0
412123956	412096044	4.0
412123957	412096044	3.0
412123958	412096044	4.0
412123959	412096044	3.0
412123961	412096044	3.0
412123962	412096044	3.0
412123963	412096044	3.0
412450772	412096044	4.0
412450780	412096044	4.0
412450794	412096044	4.0
412450796	412096044	4.0
558628577	412096044	4.0
377561552	412096044	3.0
377560450	412096044	4.0
377561301	412096044	3.0
377561302	412096044	4.0
377561303	412096044	4.0
377561304	412096044	4.0
377561330	412096044	3.0
377561331	412096044	3.0
377561551	412096044	4.0
412096045	412096045	0
412096046	412096045	0.0
412096048	412096045	1.0
558628576	412096045	4.0
249983619	412096045	3.0
413355896	412096045	3.0
412096042	412096045	3.0
412097224	412096045	3.0
413357499	412096045	3.0
247460487	412096045	2.0
412099918	412096045	3.0
413357494	412096045	3.0
558598271	412096045	3.0
558628578	412096045	3.0
558628579	412096045	4.0
180522728	412096045	4.0
180522736	412096045	4.0
180522737	412096045	4.0
180522738	412096045	4.0
180522744	412096045	3.0
180522746	412096045	5.0
412123940	412096045	4.0
412123941	412096045	3.0
412123942	412096045	3.0
412123945	412096045	3.0
412123946	412096045	3.0
412123947	412096045	3.0
412123948	412096045	3.0
412123949	412096045	3.0
412123950	412096045	3.0
412123951	412096045	3.0
412123952	412096045	4.0
412123954	412096045	3.0
412123956	412096045	3.0
412123957	412096045	3.0
412123958	412096045	4.0
412123959	412096045	3.0
412123961	412096045	3.0
412123962	412096045	3.0
412123963	412096045	3.0
412450772	412096045	4.0
412450780	412096045	4.0
412450794	412096045	4.0
412450796	412096045	4.0
558628577	412096045	4.0
377561552	412096045	3.0
377560450	412096045	4.0
377561301	412096045	3.0
377561302	412096045	4.0
377561303	412096045	4.0
377561304	412096045	4.0
377561330	412096045	3.0
377561331	412096045	3.0
377561551	412096045	4.0
412096046	412096046	0
412096048	412096046	0.0
558628576	412096046	3.0
249983619	412096046	3.0
413355896	412096046	3.0
412096042	412096046	3.0
412097224	412096046	3.0
413357499	412096046	3.0
247460487	412096046	2.0
412099918	412096046	2.0
413357494	412096046	3.0
558598271	412096046	3.0
558628578	412096046	3.0
558628579	412096046	4.0
180522728	412096046	4.0
180522736	412096046	4.0
180522737	412096046	4.0
180522738	412096046	4.0
180522744	412096046	3.0
180522746	412096046	5.0
412123940	412096046	3.0
412123941	412096046	3.0
412123942	412096046	3.0
412123945	412096046	3.0
412123946	412096046	3.0
412123947	412096046	3.0
412123948	412096046	3.0
412123949	412096046	3.0
412123950	412096046	3.0
412123951	412096046	3.0
412123952	412096046	4.0
412123954	412096046	3.0
412123956	412096046	3.0
412123957	412096046	3.0
412123958	412096046	3.0
412123959	412096046	3.0
412123961	412096046	3.0
412123962	412096046	3.0
412123963	412096046	3.0
412450772	412096046	4.0
412450780	412096046	4.0
412450794	412096046	4.0
412450796	412096046	4.0
558628577	412096046	4.0
377561552	412096046	3.0
377560450	412096046	4.0
377561301	412096046	3.0
377561302	412096046	3.0
377561303	412096046	4.0
377561304	412096046	3.0
377561330	412096046	3.0
377561331	412096046	3.0
377561551	412096046	3.0
412096048	412096048	0
558628576	412096048	3.0
249983619	412096048	3.0
413355896	412096048	3.0
412096042	412096048	3.0
412097224	412096048	3.0
413357499	412096048	3.0
247460487	412096048	2.0
412099918	412096048	2.0
413357494	412096048	3.0
558598271	412096048	3.0
558628578	412096048	3.0
558628579	412096048	4.0
180522728	412096048	4.0
180522736	412096048	4.0
180522737	412096048	4.0
180522738	412096048	4.0
180522744	412096048	3.0
180522746	412096048	4.0
412123940	412096048	3.0
412123941	412096048	3.0
412123942	412096048	3.0
412123945	412096048	3.0
412123946	412096048	3.0
412123947	412096048	3.0
412123948	412096048	3.0
412123949	412096048	3.0
412123950	412096048	3.0
412123951	412096048	3.0
412123952	412096048	3.0
412123954	412096048	3.0
412123956	412096048	3.0
412123957	412096048	3.0
412123958	412096048	3.0
412123959	412096048	3.0
412123961	412096048	3.0
412123962	412096048	3.0
412123963	412096048	3.0
412450772	412096048	4.0
412450780	412096048	4.0
412450794	412096048	4.0
412450796	412096048	4.0
558628577	412096048	4.0
377561552	412096048	3.0
377560450	412096048	4.0
377561301	412096048	3.0
377561302	412096048	3.0
377561303	412096048	3.0
377561304	412096048	3.0
377561330	412096048	3.0
377561331	412096048	3.0
377561551	412096048	3.0
558628576	558628576	0
249983619	558628576	4.0
413355896	558628576	4.0
412096042	558628576	4.0
412097224	558628576	4.0
413357499	558628576	4.0
247460487	558628576	4.0
412099918	558628576	4.0
413357494	558628576	4.0
558598271	558628576	4.0
558628578	558628576	4.0
558628579	558628576	3.0
180522728	558628576	2.0
180522736	558628576	1.0
180522737	558628576	2.0
180522738	558628576	1.0
180522744	558628576	0.0
180522746	558628576	2.0
412123940	558628576	3.0
412123941	558628576	2.0
412123942	558628576	2.0
412123945	558628576	2.0
412123946	558628576	2.0
412123947	558628576	2.0
412123948	558628576	3.0
412123949	558628576	2.0
412123950	558628576	2.0
412123951	558628576	2.0
412123952	558628576	3.0
412123954	558628576	2.0
412123956	558628576	2.0
412123957	558628576	2.0
412123958	558628576	3.0
412123959	558628576	2.0
412123961	558628576	2.0
412123962	558628576	2.0
412123963	558628576	2.0
412450772	558628576	3.0
412450780	558628576	3.0
412450794	558628576	3.0
412450796	558628576	3.0
558628577	558628576	3.0
377561552	558628576	3.0
377560450	558628576	3.0
377561301	558628576	3.0
377561302	558628576	2.0
377561303	558628576	3.0
377561304	558628576	3.0
377561330	558628576	3.0
377561331	558628576	3.0
377561551	558628576	3.0
249983619	249983619	0
413355896	249983619	0.0
412096042	249983619	3.0
412097224	249983619	2.0
413357499	249983619	3.0
247460487	249983619	2.0
412099918	249983619	2.0
413357494	249983619	2.0
558598271	249983619	2.0
558628578	249983619	2.0
558628579	249983619	4.0
180522728	249983619	4.0
180522736	249983619	4.0
180522737	249983619	4.0
180522738	249983619	4.0
180522744	249983619	4.0
180522746	249983619	4.0
412123940	249983619	4.0
412123941	249983619	4.0
412123942	249983619	4.0
412123945	249983619	4.0
412123946	249983619	4.0
412123947	249983619	4.0
412123948	249983619	4.0
412123949	249983619	4.0
412123950	249983619	4.0
412123951	249983619	4.0
412123952	249983619	4.0
412123954	249983619	4.0
412123956	249983619	4.0
412123957	249983619	4.0
412123958	249983619	4.0
412123959	249983619	4.0
412123961	249983619	4.0
412123962	249983619	4.0
412123963	249983619	4.0
412450772	249983619	4.0
412450780	249983619	4.0
412450794	249983619	4.0
412450796	249983619	4.0
558628577	249983619	4.0
377561552	249983619	4.0
377560450	249983619	4.0
377561301	249983619	4.0
377561302	249983619	4.0
377561303	249983619	4.0
377561304	249983619	4.0
377561330	249983619	4.0
377561331	249983619	4.0
377561551	249983619	4.0
413355896	413355896	0
412096042	413355896	3.0
412097224	413355896	2.0
413357499	413355896	3.0
247460487	413355896	2.0
412099918	413355896	2.0
413357494	413355896	2.0
558598271	413355896	2.0
558628578	413355896	2.0
558628579	413355896	4.0
180522728	413355896	4.0
180522736	413355896	4.0
180522737	413355896	4.0
180522738	413355896	4.0
180522744	413355896	4.0
180522746	413355896	4.0
412123940	413355896	4.0
412123941	413355896	4.0
412123942	413355896	4.0
412123945	413355896	4.0
412123946	413355896	4.0
412123947	413355896	4.0
412123948	413355896	4.0
412123949	413355896	4.0
412123950	413355896	4.0
412123951	413355896	4.0
412123952	413355896	4.0
412123954	413355896	4.0
412123956	413355896	4.0
412123957	413355896	4.0
412123958	413355896	4.0
412123959	413355896	4.0
412123961	413355896	4.0
412123962	413355896	4.0
412123963	413355896	4.0
412450772	413355896	4.0
412450780	413355896	4.0
412450794	413355896	4.0
412450796	413355896	4.0
558628577	413355896	4.0
377561552	413355896	4.0
377560450	413355896	4.0
377561301	413355896	4.0
377561302	413355896	4.0
377561303	413355896	4.0
377561304	413355896	4.0
377561330	413355896	4.0
377561331	413355896	4.0
377561551	413355896	4.0
412096042	412096042	0
412097224	412096042	2.0
413357499	412096042	3.0
247460487	412096042	3.0
412099918	412096042	3.0
413357494	412096042	3.0
558598271	412096042	2.0
558628578	412096042	3.0
558628579	412096042	4.0
180522728	412096042	4.0
180522736	412096042	4.0
180522737	412096042	4.0
180522738	412096042	4.0
180522744	412096042	4.0
180522746	412096042	4.0
412123940	412096042	4.0
412123941	412096042	4.0
412123942	412096042	4.0
412123945	412096042	4.0
412123946	412096042	4.0
412123947	412096042	4.0
412123948	412096042	4.0
412123949	412096042	4.0
412123950	412096042	4.0
412123951	412096042	4.0
412123952	412096042	4.0
412123954	412096042	4.0
412123956	412096042	4.0
412123957	412096042	4.0
412123958	412096042	4.0
412123959	412096042	4.0
412123961	412096042	4.0
412123962	412096042	4.0
412123963	412096042	4.0
412450772	412096042	4.0
412450780	412096042	4.0
412450794	412096042	4.0
412450796	412096042	4.0
558628577	412096042	4.0
377561552	412096042	4.0
377560450	412096042	4.0
377561301	412096042	4.0
377561302	412096042	4.0
377561303	412096042	4.0
377561304	412096042	4.0
377561330	412096042	4.0
377561331	412096042	4.0
377561551	412096042	4.0
412097224	412097224	0
413357499	412097224	3.0
247460487	412097224	2.0
412099918	412097224	2.0
413357494	412097224	3.0
558598271	412097224	3.0
558628578	412097224	3.0
558628579	412097224	4.0
180522728	412097224	4.0
180522736	412097224	4.0
180522737	412097224	4.0
180522738	412097224	4.0
180522744	412097224	4.0
180522746	412097224	4.0
412123940	412097224	4.0
412123941	412097224	4.0
412123942	412097224	4.0
412123945	412097224	4.0
412123946	412097224	4.0
412123947	412097224	4.0
412123948	412097224	4.0
412123949	412097224	4.0
412123950	412097224	4.0
412123951	412097224	4.0
412123952	412097224	4.0
412123954	412097224	4.0
412123956	412097224	4.0
412123957	412097224	4.0
412123958	412097224	4.0
412123959	412097224	4.0
412123961	412097224	4.0
412123962	412097224	4.0
412123963	412097224	4.0
412450772	412097224	4.0
412450780	412097224	4.0
412450794	412097224	4.0
412450796	412097224	4.0
558628577	412097224	4.0
377561552	412097224	4.0
377560450	412097224	4.0
377561301	412097224	4.0
377561302	412097224	4.0
377561303	412097224	4.0
377561304	412097224	4.0
377561330	412097224	4.0
377561331	412097224	4.0
377561551	412097224	4.0
413357499	413357499	0
247460487	413357499	3.0
412099918	413357499	2.0
413357494	413357499	1.0
558598271	413357499	2.0
558628578	413357499	2.0
558628579	413357499	4.0
180522728	413357499	4.0
180522736	413357499	4.0
180522737	413357499	4.0
180522738	413357499	4.0
180522744	413357499	4.0
180522746	413357499	4.0
412123940	413357499	4.0
412123941	413357499	4.0
412123942	413357499	4.0
412123945	413357499	4.0
412123946	413357499	4.0
412123947	413357499	4.0
412123948	413357499	4.0
412123949	413357499	4.0
412123950	413357499	4.0
412123951	413357499	4.0
412123952	413357499	4.0
412123954	413357499	4.0
412123956	413357499	4.0
412123957	413357499	4.0
412123958	413357499	4.0
412123959	413357499	4.0
412123961	413357499	4.0
412123962	413357499	4.0
412123963	413357499	4.0
412450772	413357499	4.0
412450780	413357499	4.0
412450794	413357499	4.0
412450796	413357499	4.0
558628577	413357499	4.0
377561552	413357499	4.0
377560450	413357499	4.0
377561301	413357499	4.0
377561302	413357499	4.0
377561303	413357499	4.0
377561304	413357499	4.0
377561330	413357499	4.0
377561331	413357499	4.0
377561551	413357499	4.0
247460487	247460487	0
412099918	247460487	2.0
413357494	247460487	3.0
558598271	247460487	3.0
558628578	247460487	3.0
558628579	247460487	4.0
180522728	247460487	4.0
180522736	247460487	4.0
180522737	247460487	4.0
180522738	247460487	4.0
180522744	247460487	4.0
180522746	247460487	4.0
412123940	247460487	4.0
412123941	247460487	4.0
412123942	247460487	4.0
412123945	247460487	4.0
412123946	247460487	4.0
412123947	247460487	4.0
412123948	247460487	4.0
412123949	247460487	4.0
412123950	247460487	4.0
412123951	247460487	4.0
412123952	247460487	4.0
412123954	247460487	4.0
412123956	247460487	4.0
412123957	247460487	4.0
412123958	247460487	4.0
412123959	247460487	4.0
412123961	247460487	4.0
412123962	247460487	4.0
412123963	247460487	4.0
412450772	247460487	4.0
412450780	247460487	4.0
412450794	247460487	4.0
412450796	247460487	4.0
558628577	247460487	4.0
377561552	247460487	4.0
377560450	247460487	4.0
377561301	247460487	4.0
377561302	247460487	4.0
377561303	247460487	4.0
377561304	247460487	4.0
377561330	247460487	4.0
377561331	247460487	4.0
377561551	247460487	4.0
412099918	412099918	0
413357494	412099918	2.0
558598271	412099918	2.0
558628578	412099918	3.0
558628579	412099918	4.0
180522728	412099918	4.0
180522736	412099918	4.0
180522737	412099918	4.0
180522738	412099918	4.0
180522744	412099918	4.0
180522746	412099918	4.0
412123940	412099918	4.0
412123941	412099918	4.0
412123942	412099918	4.0
412123945	412099918	3.0
412123946	412099918	4.0
412123947	412099918	4.0
412123948	412099918	4.0
412123949	412099918	4.0
412123950	412099918	4.0
412123951	412099918	3.0
412123952	412099918	4.0
412123954	412099918	4.0
412123956	412099918	4.0
412123957	412099918	4.0
412123958	412099918	4.0
412123959	412099918	3.0
412123961	412099918	4.0
412123962	412099918	4.0
412123963	412099918	4.0
412450772	412099918	4.0
412450780	412099918	4.0
412450794	412099918	4.0
412450796	412099918	4.0
558628577	412099918	4.0
377561552	412099918	4.0
377560450	412099918	4.0
377561301	412099918	4.0
377561302	412099918	4.0
377561303	412099918	4.0
377561304	412099918	4.0
377561330	412099918	4.0
377561331	412099918	4.0
377561551	412099918	4.0
413357494	413357494	0
558598271	413357494	1.0
558628578	413357494	2.0
558628579	413357494	3.0
180522728	413357494	4.0
180522736	413357494	4.0
180522737	413357494	4.0
180522738	413357494	4.0
180522744	413357494	4.0
180522746	413357494	4.0
412123940	413357494	4.0
412123941	413357494	4.0
412123942	413357494	4.0
412123945	413357494	4.0
412123946	413357494	4.0
412123947	413357494	4.0
412123948	413357494	4.0
412123949	413357494	4.0
412123950	413357494	4.0
412123951	413357494	4.0
412123952	413357494	4.0
412123954	413357494	4.0
412123956	413357494	4.0
412123957	413357494	4.0
412123958	413357494	4.0
412123959	413357494	4.0
412123961	413357494	4.0
412123962	413357494	4.0
412123963	413357494	4.0
412450772	413357494	4.0
412450780	413357494	4.0
412450794	413357494	4.0
412450796	413357494	4.0
558628577	413357494	3.0
377561552	413357494	4.0
377560450	413357494	4.0
377561301	413357494	4.0
377561302	413357494	4.0
377561303	413357494	4.0
377561304	413357494	4.0
377561330	413357494	4.0
377561331	413357494	4.0
377561551	413357494	4.0
558598271	558598271	0
558628578	558598271	0.0
558628579	558598271	3.0
180522728	558598271	4.0
180522736	558598271	4.0
180522737	558598271	4.0
180522738	558598271	4.0
180522744	558598271	4.0
180522746	558598271	4.0
412123940	558598271	4.0
412123941	558598271	4.0
412123942	558598271	4.0
412123945	558598271	4.0
412123946	558598271	4.0
412123947	558598271	4.0
412123948	558598271	4.0
412123949	558598271	4.0
412123950	558598271	4.0
412123951	558598271	4.0
412123952	558598271	4.0
412123954	558598271	4.0
412123956	558598271	4.0
412123957	558598271	4.0
412123958	558598271	4.0
412123959	558598271	4.0
412123961	558598271	4.0
412123962	558598271	4.0
412123963	558598271	4.0
412450772	558598271	4.0
412450780	558598271	4.0
412450794	558598271	4.0
412450796	558598271	4.0
558628577	558598271	3.0
377561552	558598271	4.0
377560450	558598271	4.0
377561301	558598271	4.0
377561302	558598271	4.0
377561303	558598271	4.0
377561304	558598271	4.0
377561330	558598271	4.0
377561331	558598271	4.0
377561551	558598271	4.0
558628578	558628578	0
558628579	558628578	3.0
180522728	558628578	4.0
180522736	558628578	4.0
180522737	558628578	4.0
180522738	558628578	4.0
180522744	558628578	4.0
180522746	558628578	4.0
412123940	558628578	4.0
412123941	558628578	4.0
412123942	558628578	4.0
412123945	558628578	4.0
412123946	558628578	4.0
412123947	558628578	4.0
412123948	558628578	4.0
412123949	558628578	4.0
412123950	558628578	4.0
412123951	558628578	4.0
412123952	558628578	4.0
412123954	558628578	4.0
412123956	558628578	4.0
412123957	558628578	4.0
412123958	558628578	4.0
412123959	558628578	4.0
412123961	558628578	4.0
412123962	558628578	4.0
412123963	558628578	4.0
412450772	558628578	4.0
412450780	558628578	4.0
412450794	558628578	4.0
412450796	558628578	4.0
558628577	558628578	3.0
377561552	558628578	4.0
377560450	558628578	4.0
377561301	558628578	4.0
377561302	558628578	4.0
377561303	558628578	4.0
377561304	558628578	4.0
377561330	558628578	4.0
377561331	558628578	4.0
377561551	558628578	4.0
558628579	558628579	0
180522728	558628579	3.0
180522736	558628579	3.0
180522737	558628579	3.0
180522738	558628579	3.0
180522744	558628579	3.0
180522746	558628579	2.0
412123940	558628579	3.0
412123941	558628579	3.0
412123942	558628579	3.0
412123945	558628579	4.0
412123946	558628579	4.0
412123947	558628579	3.0
412123948	558628579	3.0
412123949	558628579	3.0
412123950	558628579	3.0
412123951	558628579	4.0
412123952	558628579	3.0
412123954	558628579	4.0
412123956	558628579	3.0
412123957	558628579	3.0
412123958	558628579	3.0
412123959	558628579	4.0
412123961	558628579	3.0
412123962	558628579	3.0
412123963	558628579	3.0
412450772	558628579	3.0
412450780	558628579	2.0
412450794	558628579	3.0
412450796	558628579	3.0
558628577	558628579	2.0
377561552	558628579	3.0
377560450	558628579	3.0
377561301	558628579	3.0
377561302	558628579	3.0
377561303	558628579	3.0
377561304	558628579	3.0
377561330	558628579	3.0
377561331	558628579	3.0
377561551	558628579	3.0
180522728	180522728	0
180522736	180522728	0.0
180522737	180522728	0.0
180522738	180522728	1.0
180522744	180522728	1.0
180522746	180522728	1.0
412123940	180522728	3.0
412123941	180522728	3.0
412123942	180522728	3.0
412123945	180522728	3.0
412123946	180522728	2.0
412123947	180522728	3.0
412123948	180522728	3.0
412123949	180522728	3.0
412123950	180522728	3.0
412123951	180522728	2.0
412123952	180522728	3.0
412123954	180522728	3.0
412123956	180522728	3.0
412123957	180522728	3.0
412123958	180522728	3.0
412123959	180522728	3.0
412123961	180522728	3.0
412123962	180522728	3.0
412123963	180522728	3.0
412450772	180522728	3.0
412450780	180522728	2.0
412450794	180522728	3.0
412450796	180522728	3.0
558628577	180522728	3.0
377561552	180522728	3.0
377560450	180522728	2.0
377561301	180522728	3.0
377561302	180522728	3.0
377561303	180522728	3.0
377561304	180522728	3.0
377561330	180522728	3.0
377561331	180522728	3.0
377561551	180522728	3.0
180522736	180522736	0
180522737	180522736	0.0
180522738	180522736	1.0
180522744	180522736	2.0
180522746	180522736	0.0
412123940	180522736	3.0
412123941	180522736	3.0
412123942	180522736	3.0
412123945	180522736	3.0
412123946	180522736	3.0
412123947	180522736	3.0
412123948	180522736	3.0
412123949	180522736	3.0
412123950	180522736	3.0
412123951	180522736	3.0
412123952	180522736	3.0
412123954	180522736	3.0
412123956	180522736	3.0
412123957	180522736	3.0
412123958	180522736	3.0
412123959	180522736	3.0
412123961	180522736	3.0
412123962	180522736	3.0
412123963	180522736	3.0
412450772	180522736	3.0
412450780	180522736	2.0
412450794	180522736	3.0
412450796	180522736	3.0
558628577	180522736	2.0
377561552	180522736	3.0
377560450	180522736	3.0
377561301	180522736	3.0
377561302	180522736	3.0
377561303	180522736	3.0
377561304	180522736	3.0
377561330	180522736	3.0
377561331	180522736	3.0
377561551	180522736	3.0
180522737	180522737	0
180522738	180522737	1.0
180522744	180522737	2.0
180522746	180522737	0.0
412123940	180522737	3.0
412123941	180522737	3.0
412123942	180522737	3.0
412123945	180522737	3.0
412123946	180522737	3.0
412123947	180522737	3.0
412123948	180522737	3.0
412123949	180522737	3.0
412123950	180522737	3.0
412123951	180522737	3.0
412123952	180522737	3.0
412123954	180522737	3.0
412123956	180522737	3.0
412123957	180522737	3.0
412123958	180522737	3.0
412123959	180522737	3.0
412123961	180522737	3.0
412123962	180522737	3.0
412123963	180522737	3.0
412450772	180522737	3.0
412450780	180522737	2.0
412450794	180522737	3.0
412450796	180522737	3.0
558628577	180522737	3.0
377561552	180522737	3.0
377560450	180522737	2.0
377561301	180522737	3.0
377561302	180522737	3.0
377561303	180522737	3.0
377561304	180522737	3.0
377561330	180522737	3.0
377561331	180522737	3.0
377561551	180522737	3.0
180522738	180522738	0
180522744	180522738	1.0
180522746	180522738	1.0
412123940	180522738	3.0
412123941	180522738	3.0
412123942	180522738	3.0
412123945	180522738	3.0
412123946	180522738	2.0
412123947	180522738	3.0
412123948	180522738	3.0
412123949	180522738	3.0
412123950	180522738	3.0
412123951	180522738	2.0
412123952	180522738	3.0
412123954	180522738	3.0
412123956	180522738	3.0
412123957	180522738	3.0
412123958	180522738	3.0
412123959	180522738	3.0
412123961	180522738	3.0
412123962	180522738	3.0
412123963	180522738	3.0
412450772	180522738	3.0
412450780	180522738	3.0
412450794	180522738	3.0
412450796	180522738	3.0
558628577	180522738	3.0
377561552	180522738	3.0
377560450	180522738	3.0
377561301	180522738	3.0
377561302	180522738	3.0
377561303	180522738	3.0
377561304	180522738	3.0
377561330	180522738	3.0
377561331	180522738	3.0
377561551	180522738	3.0
180522744	180522744	0
180522746	180522744	2.0
412123940	180522744	2.0
412123941	180522744	2.0
412123942	180522744	2.0
412123945	180522744	2.0
412123946	180522744	1.0
412123947	180522744	2.0
412123948	180522744	2.0
412123949	180522744	2.0
412123950	180522744	2.0
412123951	180522744	2.0
412123952	180522744	2.0
412123954	180522744	2.0
412123956	180522744	2.0
412123957	180522744	2.0
412123958	180522744	2.0
412123959	180522744	2.0
412123961	180522744	2.0
412123962	180522744	2.0
412123963	180522744	2.0
412450772	180522744	4.0
412450780	180522744	3.0
412450794	180522744	3.0
412450796	180522744	3.0
558628577	180522744	3.0
377561552	180522744	3.0
377560450	180522744	3.0
377561301	180522744	2.0
377561302	180522744	2.0
377561303	180522744	2.0
377561304	180522744	2.0
377561330	180522744	3.0
377561331	180522744	3.0
377561551	180522744	3.0
180522746	180522746	0
412123940	180522746	3.0
412123941	180522746	3.0
412123942	180522746	3.0
412123945	180522746	3.0
412123946	180522746	3.0
412123947	180522746	3.0
412123948	180522746	3.0
412123949	180522746	3.0
412123950	180522746	3.0
412123951	180522746	3.0
412123952	180522746	3.0
412123954	180522746	3.0
412123956	180522746	3.0
412123957	180522746	3.0
412123958	180522746	3.0
412123959	180522746	3.0
412123961	180522746	3.0
412123962	180522746	3.0
412123963	180522746	3.0
412450772	180522746	3.0
412450780	180522746	2.0
412450794	180522746	3.0
412450796	180522746	2.0
558628577	180522746	2.0
377561552	180522746	3.0
377560450	180522746	2.0
377561301	180522746	3.0
377561302	180522746	3.0
377561303	180522746	3.0
377561304	180522746	3.0
377561330	180522746	3.0
377561331	180522746	3.0
377561551	180522746	3.0
412123940	412123940	0
412123941	412123940	1.0
412123942	412123940	1.0
412123945	412123940	2.0
412123946	412123940	1.0
412123947	412123940	1.0
412123948	412123940	0.0
412123949	412123940	1.0
412123950	412123940	1.0
412123951	412123940	2.0
412123952	412123940	0.0
412123954	412123940	1.0
412123956	412123940	0.0
412123957	412123940	1.0
412123958	412123940	0.0
412123959	412123940	1.0
412123961	412123940	1.0
412123962	412123940	1.0
412123963	412123940	1.0
412450772	412123940	3.0
412450780	412123940	3.0
412450794	412123940	3.0
412450796	412123940	2.0
558628577	412123940	3.0
377561552	412123940	3.0
377560450	412123940	2.0
377561301	412123940	0.0
377561302	412123940	0.0
377561303	412123940	0.0
377561304	412123940	0.0
377561330	412123940	3.0
377561331	412123940	3.0
377561551	412123940	3.0
412123941	412123941	0
412123942	412123941	0.0
412123945	412123941	0.0
412123946	412123941	1.0
412123947	412123941	0.0
412123948	412123941	0.0
412123949	412123941	0.0
412123950	412123941	0.0
412123951	412123941	1.0
412123952	412123941	1.0
412123954	412123941	0.0
412123956	412123941	0.0
412123957	412123941	0.0
412123958	412123941	1.0
412123959	412123941	0.0
412123961	412123941	0.0
412123962	412123941	0.0
412123963	412123941	0.0
412450772	412123941	3.0
412450780	412123941	3.0
412450794	412123941	3.0
412450796	412123941	2.0
558628577	412123941	3.0
377561552	412123941	3.0
377560450	412123941	2.0
377561301	412123941	0.0
377561302	412123941	0.0
377561303	412123941	1.0
377561304	412123941	1.0
377561330	412123941	2.0
377561331	412123941	2.0
377561551	412123941	2.0
412123942	412123942	0
412123945	412123942	1.0
412123946	412123942	0.0
412123947	412123942	0.0
412123948	412123942	1.0
412123949	412123942	0.0
412123950	412123942	0.0
412123951	412123942	0.0
412123952	412123942	1.0
412123954	412123942	0.0
412123956	412123942	0.0
412123957	412123942	0.0
412123958	412123942	1.0
412123959	412123942	0.0
412123961	412123942	0.0
412123962	412123942	0.0
412123963	412123942	0.0
412450772	412123942	3.0
412450780	412123942	3.0
412450794	412123942	3.0
412450796	412123942	2.0
558628577	412123942	3.0
377561552	412123942	3.0
377560450	412123942	2.0
377561301	412123942	1.0
377561302	412123942	0.0
377561303	412123942	1.0
377561304	412123942	1.0
377561330	412123942	3.0
377561331	412123942	3.0
377561551	412123942	3.0
412123945	412123945	0
412123946	412123945	0.0
412123947	412123945	0.0
412123948	412123945	1.0
412123949	412123945	0.0
412123950	412123945	1.0
412123951	412123945	0.0
412123952	412123945	1.0
412123954	412123945	0.0
412123956	412123945	1.0
412123957	412123945	1.0
412123958	412123945	1.0
412123959	412123945	0.0
412123961	412123945	0.0
412123962	412123945	0.0
412123963	412123945	0.0
412450772	412123945	4.0
412450780	412123945	3.0
412450794	412123945	4.0
412450796	412123945	3.0
558628577	412123945	3.0
377561552	412123945	2.0
377560450	412123945	2.0
377561301	412123945	1.0
377561302	412123945	1.0
377561303	412123945	1.0
377561304	412123945	2.0
377561330	412123945	2.0
377561331	412123945	2.0
377561551	412123945	2.0
412123946	412123946	0
412123947	412123946	0.0
412123948	412123946	1.0
412123949	412123946	0.0
412123950	412123946	1.0
412123951	412123946	0.0
412123952	412123946	1.0
412123954	412123946	0.0
412123956	412123946	1.0
412123957	412123946	1.0
412123958	412123946	1.0
412123959	412123946	0.0
412123961	412123946	1.0
412123962	412123946	0.0
412123963	412123946	0.0
412450772	412123946	4.0
412450780	412123946	3.0
412450794	412123946	4.0
412450796	412123946	3.0
558628577	412123946	3.0
377561552	412123946	2.0
377560450	412123946	2.0
377561301	412123946	1.0
377561302	412123946	1.0
377561303	412123946	2.0
377561304	412123946	1.0
377561330	412123946	2.0
377561331	412123946	2.0
377561551	412123946	2.0
412123947	412123947	0
412123948	412123947	1.0
412123949	412123947	0.0
412123950	412123947	1.0
412123951	412123947	0.0
412123952	412123947	1.0
412123954	412123947	0.0
412123956	412123947	1.0
412123957	412123947	0.0
412123958	412123947	1.0
412123959	412123947	0.0
412123961	412123947	0.0
412123962	412123947	0.0
412123963	412123947	0.0
412450772	412123947	3.0
412450780	412123947	3.0
412450794	412123947	3.0
412450796	412123947	3.0
558628577	412123947	3.0
377561552	412123947	3.0
377560450	412123947	2.0
377561301	412123947	1.0
377561302	412123947	1.0
377561303	412123947	1.0
377561304	412123947	1.0
377561330	412123947	2.0
377561331	412123947	2.0
377561551	412123947	2.0
412123948	412123948	0
412123949	412123948	1.0
412123950	412123948	0.0
412123951	412123948	1.0
412123952	412123948	0.0
412123954	412123948	1.0
412123956	412123948	0.0
412123957	412123948	1.0
412123958	412123948	0.0
412123959	412123948	1.0
412123961	412123948	1.0
412123962	412123948	1.0
412123963	412123948	1.0
412450772	412123948	3.0
412450780	412123948	3.0
412450794	412123948	3.0
412450796	412123948	2.0
558628577	412123948	3.0
377561552	412123948	3.0
377560450	412123948	2.0
377561301	412123948	0.0
377561302	412123948	0.0
377561303	412123948	0.0
377561304	412123948	0.0
377561330	412123948	3.0
377561331	412123948	3.0
377561551	412123948	3.0
412123949	412123949	0
412123950	412123949	0.0
412123951	412123949	1.0
412123952	412123949	1.0
412123954	412123949	0.0
412123956	412123949	1.0
412123957	412123949	0.0
412123958	412123949	1.0
412123959	412123949	0.0
412123961	412123949	0.0
412123962	412123949	0.0
412123963	412123949	0.0
412450772	412123949	3.0
412450780	412123949	3.0
412450794	412123949	3.0
412450796	412123949	2.0
558628577	412123949	3.0
377561552	412123949	3.0
377560450	412123949	2.0
377561301	412123949	1.0
377561302	412123949	1.0
377561303	412123949	1.0
377561304	412123949	1.0
377561330	412123949	2.0
377561331	412123949	2.0
377561551	412123949	2.0
412123950	412123950	0
412123951	412123950	1.0
412123952	412123950	0.0
412123954	412123950	1.0
412123956	412123950	0.0
412123957	412123950	0.0
412123958	412123950	0.0
412123959	412123950	1.0
412123961	412123950	0.0
412123962	412123950	0.0
412123963	412123950	1.0
412450772	412123950	3.0
412450780	412123950	3.0
412450794	412123950	3.0
412450796	412123950	2.0
558628577	412123950	3.0
377561552	412123950	3.0
377560450	412123950	2.0
377561301	412123950	0.0
377561302	412123950	0.0
377561303	412123950	0.0
377561304	412123950	1.0
377561330	412123950	3.0
377561331	412123950	3.0
377561551	412123950	3.0
412123951	412123951	0
412123952	412123951	2.0
412123954	412123951	0.0
412123956	412123951	1.0
412123957	412123951	1.0
412123958	412123951	1.0
412123959	412123951	0.0
412123961	412123951	0.0
412123962	412123951	0.0
412123963	412123951	0.0
412450772	412123951	4.0
412450780	412123951	3.0
412450794	412123951	4.0
412450796	412123951	3.0
558628577	412123951	3.0
377561552	412123951	2.0
377560450	412123951	2.0
377561301	412123951	1.0
377561302	412123951	1.0
377561303	412123951	2.0
377561304	412123951	2.0
377561330	412123951	2.0
377561331	412123951	2.0
377561551	412123951	2.0
412123952	412123952	0
412123954	412123952	1.0
412123956	412123952	0.0
412123957	412123952	1.0
412123958	412123952	0.0
412123959	412123952	1.0
412123961	412123952	1.0
412123962	412123952	1.0
412123963	412123952	1.0
412450772	412123952	3.0
412450780	412123952	3.0
412450794	412123952	3.0
412450796	412123952	2.0
558628577	412123952	3.0
377561552	412123952	3.0
377560450	412123952	2.0
377561301	412123952	0.0
377561302	412123952	0.0
377561303	412123952	0.0
377561304	412123952	0.0
377561330	412123952	3.0
377561331	412123952	3.0
377561551	412123952	3.0
412123954	412123954	0
412123956	412123954	1.0
412123957	412123954	1.0
412123958	412123954	1.0
412123959	412123954	0.0
412123961	412123954	0.0
412123962	412123954	0.0
412123963	412123954	0.0
412450772	412123954	4.0
412450780	412123954	3.0
412450794	412123954	4.0
412450796	412123954	3.0
558628577	412123954	3.0
377561552	412123954	2.0
377560450	412123954	2.0
377561301	412123954	1.0
377561302	412123954	1.0
377561303	412123954	1.0
377561304	412123954	1.0
377561330	412123954	2.0
377561331	412123954	2.0
377561551	412123954	2.0
412123956	412123956	0
412123957	412123956	0.0
412123958	412123956	0.0
412123959	412123956	1.0
412123961	412123956	1.0
412123962	412123956	1.0
412123963	412123956	1.0
412450772	412123956	3.0
412450780	412123956	3.0
412450794	412123956	3.0
412450796	412123956	2.0
558628577	412123956	3.0
377561552	412123956	3.0
377560450	412123956	2.0
377561301	412123956	0.0
377561302	412123956	0.0
377561303	412123956	0.0
377561304	412123956	0.0
377561330	412123956	3.0
377561331	412123956	3.0
377561551	412123956	3.0
412123957	412123957	0
412123958	412123957	1.0
412123959	412123957	0.0
412123961	412123957	0.0
412123962	412123957	0.0
412123963	412123957	0.0
412450772	412123957	3.0
412450780	412123957	3.0
412450794	412123957	3.0
412450796	412123957	2.0
558628577	412123957	3.0
377561552	412123957	3.0
377560450	412123957	2.0
377561301	412123957	0.0
377561302	412123957	0.0
377561303	412123957	1.0
377561304	412123957	1.0
377561330	412123957	3.0
377561331	412123957	3.0
377561551	412123957	3.0
412123958	412123958	0
412123959	412123958	1.0
412123961	412123958	1.0
412123962	412123958	1.0
412123963	412123958	1.0
412450772	412123958	3.0
412450780	412123958	3.0
412450794	412123958	3.0
412450796	412123958	2.0
558628577	412123958	3.0
377561552	412123958	3.0
377560450	412123958	2.0
377561301	412123958	0.0
377561302	412123958	0.0
377561303	412123958	0.0
377561304	412123958	0.0
377561330	412123958	3.0
377561331	412123958	3.0
377561551	412123958	3.0
412123959	412123959	0
412123961	412123959	0.0
412123962	412123959	0.0
412123963	412123959	0.0
412450772	412123959	4.0
412450780	412123959	3.0
412450794	412123959	4.0
412450796	412123959	3.0
558628577	412123959	3.0
377561552	412123959	2.0
377560450	412123959	2.0
377561301	412123959	1.0
377561302	412123959	1.0
377561303	412123959	1.0
377561304	412123959	1.0
377561330	412123959	2.0
377561331	412123959	2.0
377561551	412123959	2.0
412123961	412123961	0
412123962	412123961	0.0
412123963	412123961	0.0
412450772	412123961	3.0
412450780	412123961	3.0
412450794	412123961	3.0
412450796	412123961	2.0
558628577	412123961	3.0
377561552	412123961	2.0
377560450	412123961	2.0
377561301	412123961	0.0
377561302	412123961	1.0
377561303	412123961	1.0
377561304	412123961	1.0
377561330	412123961	2.0
377561331	412123961	2.0
377561551	412123961	2.0
412123962	412123962	0
412123963	412123962	0.0
412450772	412123962	3.0
412450780	412123962	3.0
412450794	412123962	3.0
412450796	412123962	2.0
558628577	412123962	3.0
377561552	412123962	2.0
377560450	412123962	2.0
377561301	412123962	1.0
377561302	412123962	1.0
377561303	412123962	1.0
377561304	412123962	1.0
377561330	412123962	2.0
377561331	412123962	2.0
377561551	412123962	2.0
412123963	412123963	0
412450772	412123963	3.0
412450780	412123963	3.0
412450794	412123963	3.0
412450796	412123963	3.0
558628577	412123963	3.0
377561552	412123963	2.0
377560450	412123963	2.0
377561301	412123963	1.0
377561302	412123963	1.0
377561303	412123963	1.0
377561304	412123963	1.0
377561330	412123963	2.0
377561331	412123963	2.0
377561551	412123963	2.0
412450772	412450772	0
412450780	412450772	2.0
412450794	412450772	0.0
412450796	412450772	2.0
558628577	412450772	3.0
377561552	412450772	3.0
377560450	412450772	2.0
377561301	412450772	3.0
377561302	412450772	3.0
377561303	412450772	3.0
377561304	412450772	3.0
377561330	412450772	3.0
377561331	412450772	3.0
377561551	412450772	3.0
412450780	412450780	0
412450794	412450780	2.0
412450796	412450780	2.0
558628577	412450780	2.0
377561552	412450780	3.0
377560450	412450780	2.0
377561301	412450780	3.0
377561302	412450780	3.0
377561303	412450780	3.0
377561304	412450780	3.0
377561330	412450780	3.0
377561331	412450780	3.0
377561551	412450780	3.0
412450794	412450794	0
412450796	412450794	2.0
558628577	412450794	3.0
377561552	412450794	3.0
377560450	412450794	3.0
377561301	412450794	3.0
377561302	412450794	3.0
377561303	412450794	3.0
377561304	412450794	3.0
377561330	412450794	3.0
377561331	412450794	3.0
377561551	412450794	3.0
412450796	412450796	0
558628577	412450796	2.0
377561552	412450796	2.0
377560450	412450796	0.0
377561301	412450796	2.0
377561302	412450796	2.0
377561303	412450796	2.0
377561304	412450796	2.0
377561330	412450796	2.0
377561331	412450796	2.0
377561551	412450796	2.0
558628577	558628577	0
377561552	558628577	3.0
377560450	558628577	2.0
377561301	558628577	3.0
377561302	558628577	3.0
377561303	558628577	3.0
377561304	558628577	3.0
377561330	558628577	3.0
377561331	558628577	3.0
377561551	558628577	3.0
377561552	377561552	0
377560450	377561552	2.0
377561301	377561552	3.0
377561302	377561552	3.0
377561303	377561552	3.0
377561304	377561552	3.0
377561330	377561552	0.0
377561331	377561552	0.0
377561551	377561552	0.0
377560450	377560450	0
377561301	377560450	2.0
377561302	377560450	2.0
377561303	377560450	2.0
377561304	377560450	2.0
377561330	377560450	2.0
377561331	377560450	2.0
377561551	377560450	2.0
377561301	377561301	0
377561302	377561301	0.0
377561303	377561301	0.0
377561304	377561301	0.0
377561330	377561301	3.0
377561331	377561301	3.0
377561551	377561301	3.0
377561302	377561302	0
377561303	377561302	0.0
377561304	377561302	0.0
377561330	377561302	3.0
377561331	377561302	3.0
377561551	377561302	3.0
377561303	377561303	0
377561304	377561303	0.0
377561330	377561303	3.0
377561331	377561303	3.0
377561551	377561303	3.0
377561304	377561304	0
377561330	377561304	3.0
377561331	377561304	3.0
377561551	377561304	3.0
377561330	377561330	0
377561331	377561330	0.0
377561551	377561330	0.0
377561331	377561331	0
377561551	377561331	0.0
377561551	377561551	0
