524279937	[-37,41.0,-4.0]	40.715179320000004	-73.88534834	0.12157078668315337	0.12206865876436955	0.27151258815483537	0.001455055707924994	0.8795698924731182	0.43456665515684345
524279938	[-38,43.0,-5.0]	40.715159500000006	-73.88561021999999	0.12157078668315337	0.12206865876436955	0.27151258815483537	0.001455055707924994	0.8795698924731182	0.43456665515684345
61185845	[-9,31.0,-22.0]	40.71990263529412	-73.88336732941174	0.12157078668315337	0.12206865876436955	0.27151258815483537	0.001455055707924994	0.8795698924731182	0.43456665515684345
61185861	[-5,26.0,-21.0]	40.72024098947369	-73.88261235789474	0.12157078668315337	0.12206865876436955	0.27151258815483537	0.001455055707924994	0.8795698924731182	0.43456665515684345
61185862	[-12,29.0,-17.0]	40.719173180952374	-73.88316495238094	0.12157078668315337	0.12206865876436955	0.27151258815483537	0.001455055707924994	0.8795698924731182	0.43456665515684345
61185863	[-7,24.0,-17.0]	40.71955916875	-73.88221088125	0.12157078668315337	0.12206865876436955	0.27151258815483537	0.001455055707924994	0.8795698924731182	0.43456665515684345
295640601	[4,15.0,-19.0]	40.72087059166666	-73.88058530833335	0.12157078668315337	0.12206865876436955	0.27151258815483537	0.001455055707924994	0.8795698924731182	0.43456665515684345
295640602	[5,5.0,-10.0]	40.72004293846153	-73.87882053076922	0.12157078668315337	0.12206865876436955	0.27151258815483537	0.001455055707924994	0.8795698924731182	0.43456665515684345
295640603	[8,7.0,-15.0]	40.721005600000005	-73.87912146923077	0.12157078668315337	0.12206865876436955	0.27151258815483537	0.001455055707924994	0.8795698924731182	0.43456665515684345
295640604	[13,-4.0,-9.0]	40.72093384	-73.8772299	0.12157078668315337	0.12206865876436955	0.27151258815483537	0.001455055707924994	0.8795698924731182	0.43456665515684345
295640605	[11,-5.0,-6.0]	40.72032678	-73.87720162000001	0.12157078668315337	0.12206865876436955	0.27151258815483537	0.001455055707924994	0.8795698924731182	0.43456665515684345
295640606	[0,13.0,-13.0]	40.71995736	-73.88021861	0.12157078668315337	0.12206865876436955	0.27151258815483537	0.001455055707924994	0.8795698924731182	0.43456665515684345
415467336	[-11,36.0,-25.0]	40.7199964	-73.88429786	0.12157078668315337	0.12206865876436955	0.27151258815483537	0.001455055707924994	0.8795698924731182	0.43456665515684345
415467348	[8,-1.0,-7.0]	40.720108825	-73.8778223	0.12157078668315337	0.12206865876436955	0.27151258815483537	0.001455055707924994	0.8795698924731182	0.43456665515684345
415564700	[11,-1.0,-10.0]	40.72063530526316	-73.87780965789473	0.12157078668315337	0.12206865876436955	0.27151258815483537	0.001455055707924994	0.8795698924731182	0.43456665515684345
415568529	[-12,44.0,-32.0]	40.72072467058825	-73.88574329411765	0.12157078668315337	0.12206865876436955	0.27151258815483537	0.001455055707924994	0.8795698924731182	0.43456665515684345
524276423	[15,-4.0,-11.0]	40.72117398	-73.87723196	0.12157078668315337	0.12206865876436955	0.27151258815483537	0.001455055707924994	0.8795698924731182	0.43456665515684345
524276426	[13,-2.0,-11.0]	40.72105852	-73.87769968	0.12157078668315337	0.12206865876436955	0.27151258815483537	0.001455055707924994	0.8795698924731182	0.43456665515684345
524276428	[13,-2.0,-11.0]	40.72108212	-73.87749822	0.12157078668315337	0.12206865876436955	0.27151258815483537	0.001455055707924994	0.8795698924731182	0.43456665515684345
524276430	[14,-3.0,-11.0]	40.721087139999995	-73.87745284	0.12157078668315337	0.12206865876436955	0.27151258815483537	0.001455055707924994	0.8795698924731182	0.43456665515684345
415467338	[11,-5.0,-6.0]	40.72034664	-73.87702931999999	0.12157078668315337	0.12206865876436955	0.27151258815483537	0.001455055707924994	0.8795698924731182	0.43456665515684345
415467340	[12,-6.0,-6.0]	40.72036737999999	-73.87686719999999	0.12157078668315337	0.12206865876436955	0.27151258815483537	0.001455055707924994	0.8795698924731182	0.43456665515684345
415467342	[12,-7.0,-5.0]	40.720387280000004	-73.87669632	0.12157078668315337	0.12206865876436955	0.27151258815483537	0.001455055707924994	0.8795698924731182	0.43456665515684345
415467344	[13,-8.0,-5.0]	40.72040474	-73.87653529999999	0.12157078668315337	0.12206865876436955	0.27151258815483537	0.001455055707924994	0.8795698924731182	0.43456665515684345
415467345	[13,-9.0,-4.0]	40.72042468	-73.87636332000001	0.12157078668315337	0.12206865876436955	0.27151258815483537	0.001455055707924994	0.8795698924731182	0.43456665515684345
415467346	[14,-10.0,-4.0]	40.720444580000006	-73.87620668	0.12157078668315337	0.12206865876436955	0.27151258815483537	0.001455055707924994	0.8795698924731182	0.43456665515684345
415467347	[15,-11.0,-4.0]	40.72046368	-73.876038	0.12157078668315337	0.12206865876436955	0.27151258815483537	0.001455055707924994	0.8795698924731182	0.43456665515684345
415467349	[14,-7.0,-7.0]	40.720785666666664	-73.87667668333334	0.12157078668315337	0.12206865876436955	0.27151258815483537	0.001455055707924994	0.8795698924731182	0.43456665515684345
415564701	[17,-7.0,-10.0]	40.72125782	-73.87666732	0.12157078668315337	0.12206865876436955	0.27151258815483537	0.001455055707924994	0.8795698924731182	0.43456665515684345
248822717	[-40,46.0,-6.0]	40.71508608461538	-73.88620556153845	0.12157078668315337	0.12206865876436955	0.27151258815483537	0.001455055707924994	0.8795698924731182	0.43456665515684345
250628089	[-68,60.0,8.0]	40.710873073529406	-73.88860380588233	0.12157078668315337	0.12206865876436955	0.27151258815483537	0.001455055707924994	0.8795698924731182	0.43456665515684345
280171329	[-17,-35.0,52.0]	40.71155975517242	-73.8717046827586	0.12157078668315337	0.12206865876436955	0.27151258815483537	0.001455055707924994	0.8795698924731182	0.43456665515684345
250631520	[12,-14.0,2.0]	40.71958271578947	-73.87537505789476	0.12157078668315337	0.12206865876436955	0.27151258815483537	0.001455055707924994	0.8795698924731182	0.43456665515684345
485197592	[-18,-4.0,22.0]	40.714489300000004	-73.877287725	0.12157078668315337	0.12206865876436955	0.27151258815483537	0.001455055707924994	0.8795698924731182	0.43456665515684345
524276449	[30,6.0,-36.0]	40.725377154545455	-73.87906728181818	0.12157078668315337	0.12206865876436955	0.27151258815483537	0.001455055707924994	0.8795698924731182	0.43456665515684345
485204069	[-30,-24.0,54.0]	40.7100516	-73.87365554	0.12157078668315337	0.12206865876436955	0.27151258815483537	0.001455055707924994	0.8795698924731182	0.43456665515684345
306588159	[-79,101.0,-22.0]	40.71273117142857	-73.89701179999999	0.12157078668315337	0.12206865876436955	0.27151258815483537	0.001455055707924994	0.8795698924731182	0.43456665515684345
250970404	[-72,76.0,-4.0]	40.711576316666665	-73.89145521111112	0.12157078668315337	0.12206865876436955	0.27151258815483537	0.001455055707924994	0.8795698924731182	0.43456665515684345
486636474	[-73,79.0,-6.0]	40.71171478	-73.89203674000001	0.12157078668315337	0.12206865876436955	0.27151258815483537	0.001455055707924994	0.8795698924731182	0.43456665515684345
280171105	[-11,-34.0,45.0]	40.71274668333333	-73.87191853333334	0.12157078668315337	0.12206865876436955	0.27151258815483537	0.001455055707924994	0.8795698924731182	0.43456665515684345
280259418	[-8,44.0,-36.0]	40.72143776111112	-73.88574987777777	0.12157078668315337	0.12206865876436955	0.27151258815483537	0.001455055707924994	0.8795698924731182	0.43456665515684345
250631901	[-21,-10.0,31.0]	40.71324936363636	-73.87631023636365	0.12157078668315337	0.12206865876436955	0.27151258815483537	0.001455055707924994	0.8795698924731182	0.43456665515684345
280254652	[27,-24.0,-3.0]	40.7216852736842	-73.87374044736843	0.12157078668315337	0.12206865876436955	0.27151258815483537	0.001455055707924994	0.8795698924731182	0.43456665515684345
297680853	[-64,64.0,0.0]	40.71212008749999	-73.8892936875	0.12157078668315337	0.12206865876436955	0.27151258815483537	0.001455055707924994	0.8795698924731182	0.43456665515684345
250628791	[-67,54.0,13.0]	40.71036298	-73.88743084000001	0.12157078668315337	0.12206865876436955	0.27151258815483537	0.001455055707924994	0.8795698924731182	0.43456665515684345
250628793	[-67,53.0,14.0]	40.71027376	-73.88748974	0.12157078668315337	0.12206865876436955	0.27151258815483537	0.001455055707924994	0.8795698924731182	0.43456665515684345
250628817	[-61,41.0,20.0]	40.71029596000001	-73.88530671999999	0.12157078668315337	0.12206865876436955	0.27151258815483537	0.001455055707924994	0.8795698924731182	0.43456665515684345
250628830	[-49,54.0,-5.0]	40.7140677	-73.88750396	0.12157078668315337	0.12206865876436955	0.27151258815483537	0.001455055707924994	0.8795698924731182	0.43456665515684345
250628856	[-50,55.0,-5.0]	40.71396366	-73.88762536	0.12157078668315337	0.12206865876436955	0.27151258815483537	0.001455055707924994	0.8795698924731182	0.43456665515684345
250628919	[-49,52.0,-3.0]	40.71395594	-73.88715233999999	0.12157078668315337	0.12206865876436955	0.27151258815483537	0.001455055707924994	0.8795698924731182	0.43456665515684345
250628940	[-50,53.0,-3.0]	40.71367252	-73.88740168000001	0.12157078668315337	0.12206865876436955	0.27151258815483537	0.001455055707924994	0.8795698924731182	0.43456665515684345
250628952	[-48,54.0,-6.0]	40.71429281666667	-73.88759598333334	0.12157078668315337	0.12206865876436955	0.27151258815483537	0.001455055707924994	0.8795698924731182	0.43456665515684345
250628961	[-48,54.0,-6.0]	40.71430385	-73.88744333333334	0.12157078668315337	0.12206865876436955	0.27151258815483537	0.001455055707924994	0.8795698924731182	0.43456665515684345
250628971	[-60,41.0,19.0]	40.71053558333333	-73.88515625000001	0.12157078668315337	0.12206865876436955	0.27151258815483537	0.001455055707924994	0.8795698924731182	0.43456665515684345
250628991	[-60,52.0,8.0]	40.711635442857144	-73.8873003142857	0.12157078668315337	0.12206865876436955	0.27151258815483537	0.001455055707924994	0.8795698924731182	0.43456665515684345
250628997	[-68,54.0,14.0]	40.710145266666665	-73.88756889999999	0.12157078668315337	0.12206865876436955	0.27151258815483537	0.001455055707924994	0.8795698924731182	0.43456665515684345
250628999	[-50,56.0,-6.0]	40.71399168888889	-73.88783963333334	0.12157078668315337	0.12206865876436955	0.27151258815483537	0.001455055707924994	0.8795698924731182	0.43456665515684345
250970721	[-84,71.0,13.0]	40.708684466666675	-73.89054335	0.12157078668315337	0.12206865876436955	0.27151258815483537	0.001455055707924994	0.8795698924731182	0.43456665515684345
250970766	[-84,70.0,14.0]	40.708612816666665	-73.89044163333334	0.12157078668315337	0.12206865876436955	0.27151258815483537	0.001455055707924994	0.8795698924731182	0.43456665515684345
524279937	524279937	0
524279938	524279937	0.0
61185845	524279937	2.0
61185861	524279937	3.0
61185862	524279937	2.0
61185863	524279937	2.0
295640601	524279937	3.0
295640602	524279937	3.0
295640603	524279937	3.0
295640604	524279937	3.0
295640605	524279937	3.0
295640606	524279937	2.0
415467336	524279937	2.0
415467348	524279937	3.0
415564700	524279937	3.0
415568529	524279937	3.0
524276423	524279937	3.0
524276426	524279937	3.0
524276428	524279937	3.0
524276430	524279937	3.0
415467338	524279937	3.0
415467340	524279937	3.0
415467342	524279937	3.0
415467344	524279937	3.0
415467345	524279937	3.0
415467346	524279937	3.0
415467347	524279937	3.0
415467349	524279937	3.0
415564701	524279937	3.0
248822717	524279937	0.0
250628089	524279937	3.0
280171329	524279937	4.0
250631520	524279937	3.0
485197592	524279937	3.0
524276449	524279937	4.0
485204069	524279937	4.0
306588159	524279937	3.0
250970404	524279937	3.0
486636474	524279937	3.0
280171105	524279937	3.0
280259418	524279937	3.0
250631901	524279937	3.0
280254652	524279937	3.0
297680853	524279937	2.0
250628791	524279937	3.0
250628793	524279937	3.0
250628817	524279937	3.0
250628830	524279937	3.0
250628856	524279937	3.0
250628919	524279937	1.0
250628940	524279937	3.0
250628952	524279937	3.0
250628961	524279937	3.0
250628971	524279937	3.0
250628991	524279937	2.0
250628997	524279937	3.0
250628999	524279937	3.0
250970721	524279937	3.0
250970766	524279937	3.0
524279938	524279938	0
61185845	524279938	2.0
61185861	524279938	3.0
61185862	524279938	2.0
61185863	524279938	2.0
295640601	524279938	3.0
295640602	524279938	3.0
295640603	524279938	3.0
295640604	524279938	3.0
295640605	524279938	3.0
295640606	524279938	2.0
415467336	524279938	2.0
415467348	524279938	3.0
415564700	524279938	3.0
415568529	524279938	3.0
524276423	524279938	3.0
524276426	524279938	3.0
524276428	524279938	3.0
524276430	524279938	3.0
415467338	524279938	3.0
415467340	524279938	3.0
415467342	524279938	3.0
415467344	524279938	3.0
415467345	524279938	3.0
415467346	524279938	3.0
415467347	524279938	3.0
415467349	524279938	3.0
415564701	524279938	3.0
248822717	524279938	0.0
250628089	524279938	3.0
280171329	524279938	4.0
250631520	524279938	3.0
485197592	524279938	3.0
524276449	524279938	4.0
485204069	524279938	4.0
306588159	524279938	3.0
250970404	524279938	3.0
486636474	524279938	3.0
280171105	524279938	3.0
280259418	524279938	3.0
250631901	524279938	3.0
280254652	524279938	3.0
297680853	524279938	2.0
250628791	524279938	3.0
250628793	524279938	3.0
250628817	524279938	3.0
250628830	524279938	3.0
250628856	524279938	3.0
250628919	524279938	1.0
250628940	524279938	3.0
250628952	524279938	3.0
250628961	524279938	3.0
250628971	524279938	3.0
250628991	524279938	2.0
250628997	524279938	3.0
250628999	524279938	3.0
250970721	524279938	3.0
250970766	524279938	3.0
61185845	61185845	0
61185861	61185845	1.0
61185862	61185845	2.0
61185863	61185845	2.0
295640601	61185845	2.0
295640602	61185845	3.0
295640603	61185845	2.0
295640604	61185845	2.0
295640605	61185845	3.0
295640606	61185845	2.0
415467336	61185845	0.0
415467348	61185845	3.0
415564700	61185845	2.0
415568529	61185845	2.0
524276423	61185845	2.0
524276426	61185845	2.0
524276428	61185845	2.0
524276430	61185845	2.0
415467338	61185845	3.0
415467340	61185845	3.0
415467342	61185845	3.0
415467344	61185845	3.0
415467345	61185845	3.0
415467346	61185845	3.0
415467347	61185845	3.0
415467349	61185845	3.0
415564701	61185845	2.0
248822717	61185845	2.0
250628089	61185845	3.0
280171329	61185845	4.0
250631520	61185845	3.0
485197592	61185845	3.0
524276449	61185845	3.0
485204069	61185845	4.0
306588159	61185845	4.0
250970404	61185845	4.0
486636474	61185845	4.0
280171105	61185845	4.0
280259418	61185845	2.0
250631901	61185845	3.0
280254652	61185845	3.0
297680853	61185845	3.0
250628791	61185845	3.0
250628793	61185845	3.0
250628817	61185845	3.0
250628830	61185845	3.0
250628856	61185845	3.0
250628919	61185845	3.0
250628940	61185845	3.0
250628952	61185845	3.0
250628961	61185845	3.0
250628971	61185845	4.0
250628991	61185845	3.0
250628997	61185845	3.0
250628999	61185845	3.0
250970721	61185845	4.0
250970766	61185845	4.0
61185861	61185861	0
61185862	61185861	2.0
61185863	61185861	3.0
295640601	61185861	0.0
295640602	61185861	3.0
295640603	61185861	1.0
295640604	61185861	2.0
295640605	61185861	3.0
295640606	61185861	3.0
415467336	61185861	1.0
415467348	61185861	3.0
415564700	61185861	2.0
415568529	61185861	2.0
524276423	61185861	2.0
524276426	61185861	2.0
524276428	61185861	2.0
524276430	61185861	2.0
415467338	61185861	3.0
415467340	61185861	3.0
415467342	61185861	3.0
415467344	61185861	3.0
415467345	61185861	2.0
415467346	61185861	2.0
415467347	61185861	2.0
415467349	61185861	2.0
415564701	61185861	2.0
248822717	61185861	3.0
250628089	61185861	4.0
280171329	61185861	4.0
250631520	61185861	2.0
485197592	61185861	3.0
524276449	61185861	3.0
485204069	61185861	4.0
306588159	61185861	4.0
250970404	61185861	4.0
486636474	61185861	4.0
280171105	61185861	4.0
280259418	61185861	2.0
250631901	61185861	4.0
280254652	61185861	2.0
297680853	61185861	4.0
250628791	61185861	4.0
250628793	61185861	4.0
250628817	61185861	4.0
250628830	61185861	4.0
250628856	61185861	4.0
250628919	61185861	3.0
250628940	61185861	4.0
250628952	61185861	4.0
250628961	61185861	4.0
250628971	61185861	4.0
250628991	61185861	4.0
250628997	61185861	4.0
250628999	61185861	4.0
250970721	61185861	4.0
250970766	61185861	4.0
61185862	61185862	0
61185863	61185862	0.0
295640601	61185862	3.0
295640602	61185862	1.0
295640603	61185862	3.0
295640604	61185862	3.0
295640605	61185862	2.0
295640606	61185862	1.0
415467336	61185862	2.0
415467348	61185862	2.0
415564700	61185862	3.0
415568529	61185862	3.0
524276423	61185862	3.0
524276426	61185862	3.0
524276428	61185862	3.0
524276430	61185862	3.0
415467338	61185862	2.0
415467340	61185862	2.0
415467342	61185862	2.0
415467344	61185862	2.0
415467345	61185862	2.0
415467346	61185862	2.0
415467347	61185862	2.0
415467349	61185862	2.0
415564701	61185862	3.0
248822717	61185862	2.0
250628089	61185862	3.0
280171329	61185862	3.0
250631520	61185862	3.0
485197592	61185862	2.0
524276449	61185862	3.0
485204069	61185862	4.0
306588159	61185862	4.0
250970404	61185862	3.0
486636474	61185862	3.0
280171105	61185862	3.0
280259418	61185862	3.0
250631901	61185862	3.0
280254652	61185862	3.0
297680853	61185862	3.0
250628791	61185862	3.0
250628793	61185862	3.0
250628817	61185862	3.0
250628830	61185862	3.0
250628856	61185862	3.0
250628919	61185862	2.0
250628940	61185862	3.0
250628952	61185862	3.0
250628961	61185862	3.0
250628971	61185862	3.0
250628991	61185862	3.0
250628997	61185862	3.0
250628999	61185862	3.0
250970721	61185862	3.0
250970766	61185862	3.0
61185863	61185863	0
295640601	61185863	3.0
295640602	61185863	1.0
295640603	61185863	3.0
295640604	61185863	3.0
295640605	61185863	2.0
295640606	61185863	0.0
415467336	61185863	2.0
415467348	61185863	1.0
415564700	61185863	3.0
415568529	61185863	3.0
524276423	61185863	3.0
524276426	61185863	3.0
524276428	61185863	3.0
524276430	61185863	3.0
415467338	61185863	2.0
415467340	61185863	2.0
415467342	61185863	2.0
415467344	61185863	2.0
415467345	61185863	2.0
415467346	61185863	2.0
415467347	61185863	2.0
415467349	61185863	2.0
415564701	61185863	2.0
248822717	61185863	2.0
250628089	61185863	3.0
280171329	61185863	3.0
250631520	61185863	2.0
485197592	61185863	2.0
524276449	61185863	3.0
485204069	61185863	4.0
306588159	61185863	4.0
250970404	61185863	4.0
486636474	61185863	4.0
280171105	61185863	3.0
280259418	61185863	3.0
250631901	61185863	3.0
280254652	61185863	3.0
297680853	61185863	3.0
250628791	61185863	3.0
250628793	61185863	3.0
250628817	61185863	3.0
250628830	61185863	3.0
250628856	61185863	3.0
250628919	61185863	3.0
250628940	61185863	3.0
250628952	61185863	3.0
250628961	61185863	3.0
250628971	61185863	3.0
250628991	61185863	3.0
250628997	61185863	3.0
250628999	61185863	3.0
250970721	61185863	4.0
250970766	61185863	4.0
295640601	295640601	0
295640602	295640601	3.0
295640603	295640601	0.0
295640604	295640601	1.0
295640605	295640601	2.0
295640606	295640601	3.0
415467336	295640601	2.0
415467348	295640601	2.0
415564700	295640601	1.0
415568529	295640601	2.0
524276423	295640601	1.0
524276426	295640601	1.0
524276428	295640601	1.0
524276430	295640601	1.0
415467338	295640601	2.0
415467340	295640601	2.0
415467342	295640601	2.0
415467344	295640601	2.0
415467345	295640601	2.0
415467346	295640601	2.0
415467347	295640601	2.0
415467349	295640601	2.0
415564701	295640601	1.0
248822717	295640601	3.0
250628089	295640601	4.0
280171329	295640601	4.0
250631520	295640601	2.0
485197592	295640601	3.0
524276449	295640601	2.0
485204069	295640601	4.0
306588159	295640601	4.0
250970404	295640601	4.0
486636474	295640601	4.0
280171105	295640601	3.0
280259418	295640601	2.0
250631901	295640601	3.0
280254652	295640601	2.0
297680853	295640601	4.0
250628791	295640601	4.0
250628793	295640601	4.0
250628817	295640601	4.0
250628830	295640601	4.0
250628856	295640601	4.0
250628919	295640601	3.0
250628940	295640601	4.0
250628952	295640601	4.0
250628961	295640601	4.0
250628971	295640601	4.0
250628991	295640601	4.0
250628997	295640601	4.0
250628999	295640601	4.0
250970721	295640601	4.0
250970766	295640601	4.0
295640602	295640602	0
295640603	295640602	2.0
295640604	295640602	2.0
295640605	295640602	0.0
295640606	295640602	0.0
415467336	295640602	3.0
415467348	295640602	0.0
415564700	295640602	2.0
415568529	295640602	3.0
524276423	295640602	2.0
524276426	295640602	2.0
524276428	295640602	2.0
524276430	295640602	2.0
415467338	295640602	0.0
415467340	295640602	0.0
415467342	295640602	0.0
415467344	295640602	0.0
415467345	295640602	1.0
415467346	295640602	1.0
415467347	295640602	1.0
415467349	295640602	2.0
415564701	295640602	2.0
248822717	295640602	3.0
250628089	295640602	4.0
280171329	295640602	3.0
250631520	295640602	1.0
485197592	295640602	2.0
524276449	295640602	3.0
485204069	295640602	3.0
306588159	295640602	4.0
250970404	295640602	4.0
486636474	295640602	4.0
280171105	295640602	3.0
280259418	295640602	3.0
250631901	295640602	3.0
280254652	295640602	2.0
297680853	295640602	4.0
250628791	295640602	4.0
250628793	295640602	4.0
250628817	295640602	4.0
250628830	295640602	4.0
250628856	295640602	4.0
250628919	295640602	3.0
250628940	295640602	4.0
250628952	295640602	4.0
250628961	295640602	4.0
250628971	295640602	4.0
250628991	295640602	4.0
250628997	295640602	4.0
250628999	295640602	4.0
250970721	295640602	4.0
250970766	295640602	4.0
295640603	295640603	0
295640604	295640603	0.0
295640605	295640603	2.0
295640606	295640603	3.0
415467336	295640603	2.0
415467348	295640603	2.0
415564700	295640603	0.0
415568529	295640603	3.0
524276423	295640603	0.0
524276426	295640603	0.0
524276428	295640603	0.0
524276430	295640603	0.0
415467338	295640603	2.0
415467340	295640603	2.0
415467342	295640603	2.0
415467344	295640603	2.0
415467345	295640603	2.0
415467346	295640603	1.0
415467347	295640603	1.0
415467349	295640603	1.0
415564701	295640603	1.0
248822717	295640603	3.0
250628089	295640603	4.0
280171329	295640603	4.0
250631520	295640603	2.0
485197592	295640603	3.0
524276449	295640603	2.0
485204069	295640603	4.0
306588159	295640603	4.0
250970404	295640603	4.0
486636474	295640603	4.0
280171105	295640603	3.0
280259418	295640603	2.0
250631901	295640603	3.0
280254652	295640603	2.0
297680853	295640603	4.0
250628791	295640603	4.0
250628793	295640603	4.0
250628817	295640603	4.0
250628830	295640603	4.0
250628856	295640603	4.0
250628919	295640603	3.0
250628940	295640603	4.0
250628952	295640603	4.0
250628961	295640603	4.0
250628971	295640603	4.0
250628991	295640603	4.0
250628997	295640603	4.0
250628999	295640603	4.0
250970721	295640603	4.0
250970766	295640603	4.0
295640604	295640604	0
295640605	295640604	2.0
295640606	295640604	2.0
415467336	295640604	2.0
415467348	295640604	2.0
415564700	295640604	0.0
415568529	295640604	3.0
524276423	295640604	0.0
524276426	295640604	0.0
524276428	295640604	0.0
524276430	295640604	0.0
415467338	295640604	1.0
415467340	295640604	1.0
415467342	295640604	1.0
415467344	295640604	1.0
415467345	295640604	1.0
415467346	295640604	0.0
415467347	295640604	0.0
415467349	295640604	0.0
415564701	295640604	0.0
248822717	295640604	3.0
250628089	295640604	4.0
280171329	295640604	4.0
250631520	295640604	1.0
485197592	295640604	3.0
524276449	295640604	2.0
485204069	295640604	4.0
306588159	295640604	4.0
250970404	295640604	4.0
486636474	295640604	4.0
280171105	295640604	3.0
280259418	295640604	3.0
250631901	295640604	3.0
280254652	295640604	1.0
297680853	295640604	4.0
250628791	295640604	4.0
250628793	295640604	4.0
250628817	295640604	4.0
250628830	295640604	4.0
250628856	295640604	4.0
250628919	295640604	4.0
250628940	295640604	4.0
250628952	295640604	4.0
250628961	295640604	4.0
250628971	295640604	4.0
250628991	295640604	4.0
250628997	295640604	4.0
250628999	295640604	4.0
250970721	295640604	4.0
250970766	295640604	4.0
295640605	295640605	0
295640606	295640605	1.0
415467336	295640605	3.0
415467348	295640605	0.0
415564700	295640605	2.0
415568529	295640605	3.0
524276423	295640605	2.0
524276426	295640605	2.0
524276428	295640605	2.0
524276430	295640605	2.0
415467338	295640605	0.0
415467340	295640605	0.0
415467342	295640605	0.0
415467344	295640605	0.0
415467345	295640605	0.0
415467346	295640605	1.0
415467347	295640605	1.0
415467349	295640605	1.0
415564701	295640605	1.0
248822717	295640605	3.0
250628089	295640605	4.0
280171329	295640605	3.0
250631520	295640605	1.0
485197592	295640605	3.0
524276449	295640605	3.0
485204069	295640605	3.0
306588159	295640605	4.0
250970404	295640605	4.0
486636474	295640605	4.0
280171105	295640605	3.0
280259418	295640605	3.0
250631901	295640605	3.0
280254652	295640605	2.0
297680853	295640605	4.0
250628791	295640605	4.0
250628793	295640605	4.0
250628817	295640605	4.0
250628830	295640605	4.0
250628856	295640605	4.0
250628919	295640605	3.0
250628940	295640605	4.0
250628952	295640605	4.0
250628961	295640605	4.0
250628971	295640605	4.0
250628991	295640605	4.0
250628997	295640605	4.0
250628999	295640605	4.0
250970721	295640605	4.0
250970766	295640605	4.0
295640606	295640606	0
415467336	295640606	2.0
415467348	295640606	1.0
415564700	295640606	2.0
415568529	295640606	3.0
524276423	295640606	2.0
524276426	295640606	2.0
524276428	295640606	2.0
524276430	295640606	2.0
415467338	295640606	1.0
415467340	295640606	1.0
415467342	295640606	1.0
415467344	295640606	1.0
415467345	295640606	1.0
415467346	295640606	2.0
415467347	295640606	2.0
415467349	295640606	2.0
415564701	295640606	2.0
248822717	295640606	2.0
250628089	295640606	4.0
280171329	295640606	4.0
250631520	295640606	2.0
485197592	295640606	2.0
524276449	295640606	3.0
485204069	295640606	4.0
306588159	295640606	4.0
250970404	295640606	4.0
486636474	295640606	4.0
280171105	295640606	3.0
280259418	295640606	3.0
250631901	295640606	3.0
280254652	295640606	2.0
297680853	295640606	3.0
250628791	295640606	4.0
250628793	295640606	4.0
250628817	295640606	4.0
250628830	295640606	3.0
250628856	295640606	3.0
250628919	295640606	3.0
250628940	295640606	3.0
250628952	295640606	3.0
250628961	295640606	3.0
250628971	295640606	4.0
250628991	295640606	3.0
250628997	295640606	4.0
250628999	295640606	3.0
250970721	295640606	4.0
250970766	295640606	4.0
415467336	415467336	0
415467348	415467336	3.0
415564700	415467336	2.0
415568529	415467336	2.0
524276423	415467336	2.0
524276426	415467336	2.0
524276428	415467336	2.0
524276430	415467336	2.0
415467338	415467336	3.0
415467340	415467336	3.0
415467342	415467336	3.0
415467344	415467336	3.0
415467345	415467336	3.0
415467346	415467336	3.0
415467347	415467336	3.0
415467349	415467336	3.0
415564701	415467336	2.0
248822717	415467336	2.0
250628089	415467336	3.0
280171329	415467336	4.0
250631520	415467336	3.0
485197592	415467336	3.0
524276449	415467336	3.0
485204069	415467336	4.0
306588159	415467336	4.0
250970404	415467336	4.0
486636474	415467336	4.0
280171105	415467336	4.0
280259418	415467336	2.0
250631901	415467336	3.0
280254652	415467336	3.0
297680853	415467336	3.0
250628791	415467336	3.0
250628793	415467336	3.0
250628817	415467336	3.0
250628830	415467336	3.0
250628856	415467336	3.0
250628919	415467336	3.0
250628940	415467336	3.0
250628952	415467336	3.0
250628961	415467336	3.0
250628971	415467336	4.0
250628991	415467336	3.0
250628997	415467336	3.0
250628999	415467336	3.0
250970721	415467336	4.0
250970766	415467336	4.0
415467348	415467348	0
415564700	415467348	2.0
415568529	415467348	3.0
524276423	415467348	2.0
524276426	415467348	2.0
524276428	415467348	2.0
524276430	415467348	2.0
415467338	415467348	0.0
415467340	415467348	0.0
415467342	415467348	0.0
415467344	415467348	0.0
415467345	415467348	0.0
415467346	415467348	1.0
415467347	415467348	1.0
415467349	415467348	1.0
415564701	415467348	2.0
248822717	415467348	3.0
250628089	415467348	4.0
280171329	415467348	3.0
250631520	415467348	1.0
485197592	415467348	2.0
524276449	415467348	3.0
485204069	415467348	3.0
306588159	415467348	4.0
250970404	415467348	4.0
486636474	415467348	4.0
280171105	415467348	3.0
280259418	415467348	3.0
250631901	415467348	3.0
280254652	415467348	2.0
297680853	415467348	4.0
250628791	415467348	4.0
250628793	415467348	4.0
250628817	415467348	4.0
250628830	415467348	4.0
250628856	415467348	4.0
250628919	415467348	3.0
250628940	415467348	4.0
250628952	415467348	4.0
250628961	415467348	4.0
250628971	415467348	4.0
250628991	415467348	4.0
250628997	415467348	4.0
250628999	415467348	4.0
250970721	415467348	4.0
250970766	415467348	4.0
415564700	415564700	0
415568529	415564700	3.0
524276423	415564700	0.0
524276426	415564700	0.0
524276428	415564700	0.0
524276430	415564700	0.0
415467338	415564700	2.0
415467340	415564700	2.0
415467342	415564700	2.0
415467344	415564700	1.0
415467345	415564700	1.0
415467346	415564700	1.0
415467347	415564700	1.0
415467349	415564700	0.0
415564701	415564700	0.0
248822717	415564700	3.0
250628089	415564700	4.0
280171329	415564700	4.0
250631520	415564700	1.0
485197592	415564700	3.0
524276449	415564700	2.0
485204069	415564700	4.0
306588159	415564700	4.0
250970404	415564700	4.0
486636474	415564700	4.0
280171105	415564700	3.0
280259418	415564700	3.0
250631901	415564700	3.0
280254652	415564700	1.0
297680853	415564700	4.0
250628791	415564700	4.0
250628793	415564700	4.0
250628817	415564700	4.0
250628830	415564700	4.0
250628856	415564700	4.0
250628919	415564700	3.0
250628940	415564700	4.0
250628952	415564700	4.0
250628961	415564700	4.0
250628971	415564700	4.0
250628991	415564700	4.0
250628997	415564700	4.0
250628999	415564700	4.0
250970721	415564700	4.0
250970766	415564700	4.0
415568529	415568529	0
524276423	415568529	3.0
524276426	415568529	3.0
524276428	415568529	3.0
524276430	415568529	3.0
415467338	415568529	3.0
415467340	415568529	3.0
415467342	415568529	3.0
415467344	415568529	3.0
415467345	415568529	3.0
415467346	415568529	3.0
415467347	415568529	3.0
415467349	415568529	3.0
415564701	415568529	3.0
248822717	415568529	3.0
250628089	415568529	4.0
280171329	415568529	4.0
250631520	415568529	3.0
485197592	415568529	4.0
524276449	415568529	3.0
485204069	415568529	4.0
306588159	415568529	4.0
250970404	415568529	4.0
486636474	415568529	4.0
280171105	415568529	4.0
280259418	415568529	0.0
250631901	415568529	4.0
280254652	415568529	3.0
297680853	415568529	3.0
250628791	415568529	4.0
250628793	415568529	4.0
250628817	415568529	4.0
250628830	415568529	4.0
250628856	415568529	4.0
250628919	415568529	3.0
250628940	415568529	4.0
250628952	415568529	4.0
250628961	415568529	4.0
250628971	415568529	4.0
250628991	415568529	3.0
250628997	415568529	4.0
250628999	415568529	4.0
250970721	415568529	4.0
250970766	415568529	4.0
524276423	524276423	0
524276426	524276423	0.0
524276428	524276423	0.0
524276430	524276423	0.0
415467338	524276423	1.0
415467340	524276423	1.0
415467342	524276423	1.0
415467344	524276423	1.0
415467345	524276423	1.0
415467346	524276423	0.0
415467347	524276423	0.0
415467349	524276423	0.0
415564701	524276423	0.0
248822717	524276423	3.0
250628089	524276423	4.0
280171329	524276423	4.0
250631520	524276423	1.0
485197592	524276423	3.0
524276449	524276423	2.0
485204069	524276423	4.0
306588159	524276423	4.0
250970404	524276423	4.0
486636474	524276423	4.0
280171105	524276423	3.0
280259418	524276423	3.0
250631901	524276423	3.0
280254652	524276423	1.0
297680853	524276423	4.0
250628791	524276423	4.0
250628793	524276423	4.0
250628817	524276423	4.0
250628830	524276423	4.0
250628856	524276423	4.0
250628919	524276423	4.0
250628940	524276423	4.0
250628952	524276423	4.0
250628961	524276423	4.0
250628971	524276423	4.0
250628991	524276423	4.0
250628997	524276423	4.0
250628999	524276423	4.0
250970721	524276423	4.0
250970766	524276423	4.0
524276426	524276426	0
524276428	524276426	0.0
524276430	524276426	0.0
415467338	524276426	2.0
415467340	524276426	2.0
415467342	524276426	1.0
415467344	524276426	1.0
415467345	524276426	1.0
415467346	524276426	1.0
415467347	524276426	1.0
415467349	524276426	0.0
415564701	524276426	0.0
248822717	524276426	3.0
250628089	524276426	4.0
280171329	524276426	4.0
250631520	524276426	1.0
485197592	524276426	3.0
524276449	524276426	2.0
485204069	524276426	4.0
306588159	524276426	4.0
250970404	524276426	4.0
486636474	524276426	4.0
280171105	524276426	3.0
280259418	524276426	3.0
250631901	524276426	3.0
280254652	524276426	1.0
297680853	524276426	4.0
250628791	524276426	4.0
250628793	524276426	4.0
250628817	524276426	4.0
250628830	524276426	4.0
250628856	524276426	4.0
250628919	524276426	3.0
250628940	524276426	4.0
250628952	524276426	4.0
250628961	524276426	4.0
250628971	524276426	4.0
250628991	524276426	4.0
250628997	524276426	4.0
250628999	524276426	4.0
250970721	524276426	4.0
250970766	524276426	4.0
524276428	524276428	0
524276430	524276428	0.0
415467338	524276428	2.0
415467340	524276428	1.0
415467342	524276428	1.0
415467344	524276428	1.0
415467345	524276428	1.0
415467346	524276428	1.0
415467347	524276428	1.0
415467349	524276428	0.0
415564701	524276428	0.0
248822717	524276428	3.0
250628089	524276428	4.0
280171329	524276428	4.0
250631520	524276428	1.0
485197592	524276428	3.0
524276449	524276428	2.0
485204069	524276428	4.0
306588159	524276428	4.0
250970404	524276428	4.0
486636474	524276428	4.0
280171105	524276428	3.0
280259418	524276428	3.0
250631901	524276428	3.0
280254652	524276428	1.0
297680853	524276428	4.0
250628791	524276428	4.0
250628793	524276428	4.0
250628817	524276428	4.0
250628830	524276428	4.0
250628856	524276428	4.0
250628919	524276428	3.0
250628940	524276428	4.0
250628952	524276428	4.0
250628961	524276428	4.0
250628971	524276428	4.0
250628991	524276428	4.0
250628997	524276428	4.0
250628999	524276428	4.0
250970721	524276428	4.0
250970766	524276428	4.0
524276430	524276430	0
415467338	524276430	2.0
415467340	524276430	1.0
415467342	524276430	1.0
415467344	524276430	1.0
415467345	524276430	1.0
415467346	524276430	1.0
415467347	524276430	1.0
415467349	524276430	0.0
415564701	524276430	0.0
248822717	524276430	3.0
250628089	524276430	4.0
280171329	524276430	4.0
250631520	524276430	1.0
485197592	524276430	3.0
524276449	524276430	2.0
485204069	524276430	4.0
306588159	524276430	4.0
250970404	524276430	4.0
486636474	524276430	4.0
280171105	524276430	3.0
280259418	524276430	3.0
250631901	524276430	3.0
280254652	524276430	1.0
297680853	524276430	4.0
250628791	524276430	4.0
250628793	524276430	4.0
250628817	524276430	4.0
250628830	524276430	4.0
250628856	524276430	4.0
250628919	524276430	3.0
250628940	524276430	4.0
250628952	524276430	4.0
250628961	524276430	4.0
250628971	524276430	4.0
250628991	524276430	4.0
250628997	524276430	4.0
250628999	524276430	4.0
250970721	524276430	4.0
250970766	524276430	4.0
415467338	415467338	0
415467340	415467338	0.0
415467342	415467338	0.0
415467344	415467338	0.0
415467345	415467338	0.0
415467346	415467338	1.0
415467347	415467338	0.0
415467349	415467338	1.0
415564701	415467338	1.0
248822717	415467338	3.0
250628089	415467338	4.0
280171329	415467338	3.0
250631520	415467338	0.0
485197592	415467338	3.0
524276449	415467338	3.0
485204069	415467338	3.0
306588159	415467338	4.0
250970404	415467338	4.0
486636474	415467338	4.0
280171105	415467338	3.0
280259418	415467338	3.0
250631901	415467338	3.0
280254652	415467338	2.0
297680853	415467338	4.0
250628791	415467338	4.0
250628793	415467338	4.0
250628817	415467338	4.0
250628830	415467338	4.0
250628856	415467338	4.0
250628919	415467338	3.0
250628940	415467338	4.0
250628952	415467338	4.0
250628961	415467338	4.0
250628971	415467338	4.0
250628991	415467338	4.0
250628997	415467338	4.0
250628999	415467338	4.0
250970721	415467338	4.0
250970766	415467338	4.0
415467340	415467340	0
415467342	415467340	0.0
415467344	415467340	0.0
415467345	415467340	0.0
415467346	415467340	0.0
415467347	415467340	0.0
415467349	415467340	1.0
415564701	415467340	1.0
248822717	415467340	3.0
250628089	415467340	4.0
280171329	415467340	3.0
250631520	415467340	0.0
485197592	415467340	3.0
524276449	415467340	3.0
485204069	415467340	3.0
306588159	415467340	4.0
250970404	415467340	4.0
486636474	415467340	4.0
280171105	415467340	3.0
280259418	415467340	3.0
250631901	415467340	3.0
280254652	415467340	2.0
297680853	415467340	4.0
250628791	415467340	4.0
250628793	415467340	4.0
250628817	415467340	4.0
250628830	415467340	4.0
250628856	415467340	4.0
250628919	415467340	3.0
250628940	415467340	4.0
250628952	415467340	4.0
250628961	415467340	4.0
250628971	415467340	4.0
250628991	415467340	4.0
250628997	415467340	4.0
250628999	415467340	4.0
250970721	415467340	4.0
250970766	415467340	4.0
415467342	415467342	0
415467344	415467342	0.0
415467345	415467342	0.0
415467346	415467342	0.0
415467347	415467342	0.0
415467349	415467342	1.0
415564701	415467342	1.0
248822717	415467342	3.0
250628089	415467342	4.0
280171329	415467342	3.0
250631520	415467342	0.0
485197592	415467342	3.0
524276449	415467342	2.0
485204069	415467342	3.0
306588159	415467342	4.0
250970404	415467342	4.0
486636474	415467342	4.0
280171105	415467342	3.0
280259418	415467342	3.0
250631901	415467342	3.0
280254652	415467342	1.0
297680853	415467342	4.0
250628791	415467342	4.0
250628793	415467342	4.0
250628817	415467342	4.0
250628830	415467342	4.0
250628856	415467342	4.0
250628919	415467342	3.0
250628940	415467342	4.0
250628952	415467342	4.0
250628961	415467342	4.0
250628971	415467342	4.0
250628991	415467342	4.0
250628997	415467342	4.0
250628999	415467342	4.0
250970721	415467342	4.0
250970766	415467342	4.0
415467344	415467344	0
415467345	415467344	0.0
415467346	415467344	0.0
415467347	415467344	0.0
415467349	415467344	1.0
415564701	415467344	1.0
248822717	415467344	3.0
250628089	415467344	4.0
280171329	415467344	3.0
250631520	415467344	0.0
485197592	415467344	3.0
524276449	415467344	2.0
485204069	415467344	3.0
306588159	415467344	4.0
250970404	415467344	4.0
486636474	415467344	4.0
280171105	415467344	3.0
280259418	415467344	3.0
250631901	415467344	3.0
280254652	415467344	1.0
297680853	415467344	4.0
250628791	415467344	4.0
250628793	415467344	4.0
250628817	415467344	4.0
250628830	415467344	4.0
250628856	415467344	4.0
250628919	415467344	3.0
250628940	415467344	4.0
250628952	415467344	4.0
250628961	415467344	4.0
250628971	415467344	4.0
250628991	415467344	4.0
250628997	415467344	4.0
250628999	415467344	4.0
250970721	415467344	4.0
250970766	415467344	4.0
415467345	415467345	0
415467346	415467345	0.0
415467347	415467345	0.0
415467349	415467345	0.0
415564701	415467345	1.0
248822717	415467345	3.0
250628089	415467345	4.0
280171329	415467345	3.0
250631520	415467345	0.0
485197592	415467345	3.0
524276449	415467345	2.0
485204069	415467345	3.0
306588159	415467345	4.0
250970404	415467345	4.0
486636474	415467345	4.0
280171105	415467345	3.0
280259418	415467345	3.0
250631901	415467345	3.0
280254652	415467345	1.0
297680853	415467345	4.0
250628791	415467345	4.0
250628793	415467345	4.0
250628817	415467345	4.0
250628830	415467345	4.0
250628856	415467345	4.0
250628919	415467345	3.0
250628940	415467345	4.0
250628952	415467345	4.0
250628961	415467345	4.0
250628971	415467345	4.0
250628991	415467345	4.0
250628997	415467345	4.0
250628999	415467345	4.0
250970721	415467345	4.0
250970766	415467345	4.0
415467346	415467346	0
415467347	415467346	0.0
415467349	415467346	0.0
415564701	415467346	0.0
248822717	415467346	3.0
250628089	415467346	4.0
280171329	415467346	3.0
250631520	415467346	0.0
485197592	415467346	3.0
524276449	415467346	2.0
485204069	415467346	3.0
306588159	415467346	4.0
250970404	415467346	4.0
486636474	415467346	4.0
280171105	415467346	3.0
280259418	415467346	3.0
250631901	415467346	3.0
280254652	415467346	1.0
297680853	415467346	4.0
250628791	415467346	4.0
250628793	415467346	4.0
250628817	415467346	4.0
250628830	415467346	4.0
250628856	415467346	4.0
250628919	415467346	3.0
250628940	415467346	4.0
250628952	415467346	4.0
250628961	415467346	4.0
250628971	415467346	4.0
250628991	415467346	4.0
250628997	415467346	4.0
250628999	415467346	4.0
250970721	415467346	4.0
250970766	415467346	4.0
415467347	415467347	0
415467349	415467347	0.0
415564701	415467347	0.0
248822717	415467347	3.0
250628089	415467347	4.0
280171329	415467347	3.0
250631520	415467347	0.0
485197592	415467347	3.0
524276449	415467347	2.0
485204069	415467347	3.0
306588159	415467347	4.0
250970404	415467347	4.0
486636474	415467347	4.0
280171105	415467347	3.0
280259418	415467347	3.0
250631901	415467347	3.0
280254652	415467347	1.0
297680853	415467347	4.0
250628791	415467347	4.0
250628793	415467347	4.0
250628817	415467347	4.0
250628830	415467347	4.0
250628856	415467347	4.0
250628919	415467347	3.0
250628940	415467347	4.0
250628952	415467347	4.0
250628961	415467347	4.0
250628971	415467347	4.0
250628991	415467347	4.0
250628997	415467347	4.0
250628999	415467347	4.0
250970721	415467347	4.0
250970766	415467347	4.0
415467349	415467349	0
415564701	415467349	0.0
248822717	415467349	3.0
250628089	415467349	4.0
280171329	415467349	3.0
250631520	415467349	0.0
485197592	415467349	3.0
524276449	415467349	2.0
485204069	415467349	3.0
306588159	415467349	4.0
250970404	415467349	4.0
486636474	415467349	4.0
280171105	415467349	3.0
280259418	415467349	3.0
250631901	415467349	3.0
280254652	415467349	1.0
297680853	415467349	4.0
250628791	415467349	4.0
250628793	415467349	4.0
250628817	415467349	4.0
250628830	415467349	4.0
250628856	415467349	4.0
250628919	415467349	3.0
250628940	415467349	4.0
250628952	415467349	4.0
250628961	415467349	4.0
250628971	415467349	4.0
250628991	415467349	4.0
250628997	415467349	4.0
250628999	415467349	4.0
250970721	415467349	4.0
250970766	415467349	4.0
415564701	415564701	0
248822717	415564701	3.0
250628089	415564701	4.0
280171329	415564701	4.0
250631520	415564701	1.0
485197592	415564701	3.0
524276449	415564701	2.0
485204069	415564701	4.0
306588159	415564701	4.0
250970404	415564701	4.0
486636474	415564701	4.0
280171105	415564701	3.0
280259418	415564701	3.0
250631901	415564701	3.0
280254652	415564701	1.0
297680853	415564701	4.0
250628791	415564701	4.0
250628793	415564701	4.0
250628817	415564701	4.0
250628830	415564701	4.0
250628856	415564701	4.0
250628919	415564701	4.0
250628940	415564701	4.0
250628952	415564701	4.0
250628961	415564701	4.0
250628971	415564701	4.0
250628991	415564701	4.0
250628997	415564701	4.0
250628999	415564701	4.0
250970721	415564701	4.0
250970766	415564701	4.0
248822717	248822717	0
250628089	248822717	3.0
280171329	248822717	4.0
250631520	248822717	3.0
485197592	248822717	3.0
524276449	248822717	4.0
485204069	248822717	4.0
306588159	248822717	3.0
250970404	248822717	3.0
486636474	248822717	3.0
280171105	248822717	3.0
280259418	248822717	3.0
250631901	248822717	3.0
280254652	248822717	3.0
297680853	248822717	2.0
250628791	248822717	3.0
250628793	248822717	3.0
250628817	248822717	3.0
250628830	248822717	3.0
250628856	248822717	2.0
250628919	248822717	0.0
250628940	248822717	3.0
250628952	248822717	3.0
250628961	248822717	3.0
250628971	248822717	3.0
250628991	248822717	2.0
250628997	248822717	3.0
250628999	248822717	2.0
250970721	248822717	3.0
250970766	248822717	3.0
250628089	250628089	0
280171329	250628089	4.0
250631520	250628089	4.0
485197592	250628089	3.0
524276449	250628089	4.0
485204069	250628089	4.0
306588159	250628089	3.0
250970404	250628089	2.0
486636474	250628089	2.0
280171105	250628089	4.0
280259418	250628089	4.0
250631901	250628089	3.0
280254652	250628089	4.0
297680853	250628089	1.0
250628791	250628089	2.0
250628793	250628089	2.0
250628817	250628089	2.0
250628830	250628089	2.0
250628856	250628089	1.0
250628919	250628089	2.0
250628940	250628089	1.0
250628952	250628089	2.0
250628961	250628089	2.0
250628971	250628089	2.0
250628991	250628089	1.0
250628997	250628089	2.0
250628999	250628089	1.0
250970721	250628089	2.0
250970766	250628089	2.0
280171329	280171329	0
250631520	280171329	3.0
485197592	280171329	3.0
524276449	280171329	4.0
485204069	280171329	1.0
306588159	280171329	4.0
250970404	280171329	4.0
486636474	280171329	4.0
280171105	280171329	1.0
280259418	280171329	4.0
250631901	280171329	2.0
280254652	280171329	3.0
297680853	280171329	4.0
250628791	280171329	4.0
250628793	280171329	4.0
250628817	280171329	4.0
250628830	280171329	4.0
250628856	280171329	4.0
250628919	280171329	3.0
250628940	280171329	4.0
250628952	280171329	4.0
250628961	280171329	4.0
250628971	280171329	4.0
250628991	280171329	4.0
250628997	280171329	4.0
250628999	280171329	4.0
250970721	280171329	4.0
250970766	280171329	4.0
250631520	250631520	0
485197592	250631520	3.0
524276449	250631520	2.0
485204069	250631520	3.0
306588159	250631520	4.0
250970404	250631520	4.0
486636474	250631520	4.0
280171105	250631520	3.0
280259418	250631520	3.0
250631901	250631520	3.0
280254652	250631520	1.0
297680853	250631520	4.0
250628791	250631520	4.0
250628793	250631520	4.0
250628817	250631520	4.0
250628830	250631520	4.0
250628856	250631520	4.0
250628919	250631520	3.0
250628940	250631520	4.0
250628952	250631520	4.0
250628961	250631520	4.0
250628971	250631520	4.0
250628991	250631520	4.0
250628997	250631520	4.0
250628999	250631520	4.0
250970721	250631520	4.0
250970766	250631520	4.0
485197592	485197592	0
524276449	485197592	3.0
485204069	485197592	3.0
306588159	485197592	4.0
250970404	485197592	4.0
486636474	485197592	4.0
280171105	485197592	2.0
280259418	485197592	4.0
250631901	485197592	2.0
280254652	485197592	3.0
297680853	485197592	3.0
250628791	485197592	3.0
250628793	485197592	3.0
250628817	485197592	3.0
250628830	485197592	3.0
250628856	485197592	3.0
250628919	485197592	3.0
250628940	485197592	3.0
250628952	485197592	3.0
250628961	485197592	3.0
250628971	485197592	3.0
250628991	485197592	3.0
250628997	485197592	3.0
250628999	485197592	3.0
250970721	485197592	4.0
250970766	485197592	4.0
524276449	524276449	0
485204069	524276449	4.0
306588159	524276449	5.0
250970404	524276449	4.0
486636474	524276449	4.0
280171105	524276449	4.0
280259418	524276449	2.0
250631901	524276449	4.0
280254652	524276449	2.0
297680853	524276449	4.0
250628791	524276449	4.0
250628793	524276449	4.0
250628817	524276449	4.0
250628830	524276449	4.0
250628856	524276449	4.0
250628919	524276449	4.0
250628940	524276449	4.0
250628952	524276449	4.0
250628961	524276449	4.0
250628971	524276449	4.0
250628991	524276449	4.0
250628997	524276449	4.0
250628999	524276449	4.0
250970721	524276449	4.0
250970766	524276449	4.0
485204069	485204069	0
306588159	485204069	4.0
250970404	485204069	4.0
486636474	485204069	4.0
280171105	485204069	2.0
280259418	485204069	4.0
250631901	485204069	2.0
280254652	485204069	3.0
297680853	485204069	4.0
250628791	485204069	4.0
250628793	485204069	4.0
250628817	485204069	4.0
250628830	485204069	4.0
250628856	485204069	4.0
250628919	485204069	4.0
250628940	485204069	4.0
250628952	485204069	4.0
250628961	485204069	4.0
250628971	485204069	4.0
250628991	485204069	4.0
250628997	485204069	4.0
250628999	485204069	4.0
250970721	485204069	4.0
250970766	485204069	4.0
306588159	306588159	0
250970404	306588159	2.0
486636474	306588159	2.0
280171105	306588159	4.0
280259418	306588159	4.0
250631901	306588159	4.0
280254652	306588159	4.0
297680853	306588159	2.0
250628791	306588159	3.0
250628793	306588159	3.0
250628817	306588159	3.0
250628830	306588159	3.0
250628856	306588159	3.0
250628919	306588159	3.0
250628940	306588159	3.0
250628952	306588159	3.0
250628961	306588159	3.0
250628971	306588159	3.0
250628991	306588159	3.0
250628997	306588159	3.0
250628999	306588159	3.0
250970721	306588159	2.0
250970766	306588159	2.0
250970404	250970404	0
486636474	250970404	0.0
280171105	250970404	4.0
280259418	250970404	4.0
250631901	250970404	3.0
280254652	250970404	4.0
297680853	250970404	1.0
250628791	250970404	2.0
250628793	250970404	2.0
250628817	250970404	3.0
250628830	250970404	2.0
250628856	250970404	2.0
250628919	250970404	3.0
250628940	250970404	2.0
250628952	250970404	2.0
250628961	250970404	2.0
250628971	250970404	3.0
250628991	250970404	2.0
250628997	250970404	2.0
250628999	250970404	2.0
250970721	250970404	3.0
250970766	250970404	3.0
486636474	486636474	0
280171105	486636474	4.0
280259418	486636474	4.0
250631901	486636474	3.0
280254652	486636474	4.0
297680853	486636474	1.0
250628791	486636474	2.0
250628793	486636474	2.0
250628817	486636474	3.0
250628830	486636474	2.0
250628856	486636474	2.0
250628919	486636474	3.0
250628940	486636474	2.0
250628952	486636474	2.0
250628961	486636474	2.0
250628971	486636474	3.0
250628991	486636474	2.0
250628997	486636474	2.0
250628999	486636474	2.0
250970721	486636474	3.0
250970766	486636474	3.0
280171105	280171105	0
280259418	280171105	4.0
250631901	280171105	2.0
280254652	280171105	3.0
297680853	280171105	3.0
250628791	280171105	4.0
250628793	280171105	4.0
250628817	280171105	4.0
250628830	280171105	4.0
250628856	280171105	4.0
250628919	280171105	3.0
250628940	280171105	4.0
250628952	280171105	4.0
250628961	280171105	4.0
250628971	280171105	4.0
250628991	280171105	3.0
250628997	280171105	4.0
250628999	280171105	4.0
250970721	280171105	4.0
250970766	280171105	4.0
280259418	280259418	0
250631901	280259418	4.0
280254652	280259418	3.0
297680853	280259418	4.0
250628791	280259418	4.0
250628793	280259418	4.0
250628817	280259418	4.0
250628830	280259418	4.0
250628856	280259418	4.0
250628919	280259418	3.0
250628940	280259418	4.0
250628952	280259418	4.0
250628961	280259418	4.0
250628971	280259418	4.0
250628991	280259418	4.0
250628997	280259418	4.0
250628999	280259418	4.0
250970721	280259418	4.0
250970766	280259418	4.0
250631901	250631901	0
280254652	250631901	3.0
297680853	250631901	3.0
250628791	250631901	3.0
250628793	250631901	3.0
250628817	250631901	3.0
250628830	250631901	3.0
250628856	250631901	3.0
250628919	250631901	3.0
250628940	250631901	3.0
250628952	250631901	3.0
250628961	250631901	3.0
250628971	250631901	3.0
250628991	250631901	3.0
250628997	250631901	3.0
250628999	250631901	3.0
250970721	250631901	3.0
250970766	250631901	3.0
280254652	280254652	0
297680853	280254652	4.0
250628791	280254652	4.0
250628793	280254652	4.0
250628817	280254652	4.0
250628830	280254652	4.0
250628856	280254652	4.0
250628919	280254652	4.0
250628940	280254652	4.0
250628952	280254652	4.0
250628961	280254652	4.0
250628971	280254652	4.0
250628991	280254652	4.0
250628997	280254652	4.0
250628999	280254652	4.0
250970721	280254652	4.0
250970766	280254652	4.0
297680853	297680853	0
250628791	297680853	1.0
250628793	297680853	2.0
250628817	297680853	2.0
250628830	297680853	1.0
250628856	297680853	1.0
250628919	297680853	2.0
250628940	297680853	1.0
250628952	297680853	1.0
250628961	297680853	1.0
250628971	297680853	2.0
250628991	297680853	1.0
250628997	297680853	2.0
250628999	297680853	1.0
250970721	297680853	1.0
250970766	297680853	1.0
250628791	250628791	0
250628793	250628791	0.0
250628817	250628791	1.0
250628830	250628791	2.0
250628856	250628791	2.0
250628919	250628791	2.0
250628940	250628791	2.0
250628952	250628791	2.0
250628961	250628791	2.0
250628971	250628791	1.0
250628991	250628791	0.0
250628997	250628791	0.0
250628999	250628791	2.0
250970721	250628791	2.0
250970766	250628791	2.0
250628793	250628793	0
250628817	250628793	1.0
250628830	250628793	2.0
250628856	250628793	2.0
250628919	250628793	2.0
250628940	250628793	2.0
250628952	250628793	2.0
250628961	250628793	2.0
250628971	250628793	1.0
250628991	250628793	0.0
250628997	250628793	0.0
250628999	250628793	2.0
250970721	250628793	2.0
250970766	250628793	2.0
250628817	250628817	0
250628830	250628817	2.0
250628856	250628817	2.0
250628919	250628817	2.0
250628940	250628817	2.0
250628952	250628817	2.0
250628961	250628817	2.0
250628971	250628817	0.0
250628991	250628817	1.0
250628997	250628817	1.0
250628999	250628817	2.0
250970721	250628817	2.0
250970766	250628817	2.0
250628830	250628830	0
250628856	250628830	0.0
250628919	250628830	2.0
250628940	250628830	0.0
250628952	250628830	0.0
250628961	250628830	0.0
250628971	250628830	2.0
250628991	250628830	1.0
250628997	250628830	2.0
250628999	250628830	0.0
250970721	250628830	2.0
250970766	250628830	2.0
250628856	250628856	0
250628919	250628856	2.0
250628940	250628856	0.0
250628952	250628856	0.0
250628961	250628856	0.0
250628971	250628856	2.0
250628991	250628856	1.0
250628997	250628856	2.0
250628999	250628856	0.0
250970721	250628856	2.0
250970766	250628856	2.0
250628919	250628919	0
250628940	250628919	2.0
250628952	250628919	2.0
250628961	250628919	2.0
250628971	250628919	2.0
250628991	250628919	2.0
250628997	250628919	2.0
250628999	250628919	2.0
250970721	250628919	3.0
250970766	250628919	3.0
250628940	250628940	0
250628952	250628940	0.0
250628961	250628940	0.0
250628971	250628940	2.0
250628991	250628940	1.0
250628997	250628940	2.0
250628999	250628940	0.0
250970721	250628940	2.0
250970766	250628940	2.0
250628952	250628952	0
250628961	250628952	0.0
250628971	250628952	2.0
250628991	250628952	1.0
250628997	250628952	2.0
250628999	250628952	0.0
250970721	250628952	2.0
250970766	250628952	2.0
250628961	250628961	0
250628971	250628961	2.0
250628991	250628961	1.0
250628997	250628961	2.0
250628999	250628961	0.0
250970721	250628961	2.0
250970766	250628961	2.0
250628971	250628971	0
250628991	250628971	1.0
250628997	250628971	1.0
250628999	250628971	2.0
250970721	250628971	3.0
250970766	250628971	3.0
250628991	250628991	0
250628997	250628991	1.0
250628999	250628991	1.0
250970721	250628991	2.0
250970766	250628991	2.0
250628997	250628997	0
250628999	250628997	2.0
250970721	250628997	2.0
250970766	250628997	2.0
250628999	250628999	0
250970721	250628999	2.0
250970766	250628999	2.0
250970721	250970721	0
250970766	250970721	0.0
250970766	250970766	0
