331828776	[-34,118.0,-84.0]	40.81824063636364	-73.87788202727273	0.12557836897570823	0.18610285688343878	0.3675158841206599	0.0005072710791811433	0.6924731182795699	0.24553994351332925
331828778	[-37,118.0,-81.0]	40.81763750909091	-73.87758886363636	0.12557836897570823	0.18610285688343878	0.3675158841206599	0.0005072710791811433	0.6924731182795699	0.24553994351332925
331828779	[-35,118.0,-83.0]	40.817974436363635	-73.87857436363635	0.12557836897570823	0.18610285688343878	0.3675158841206599	0.0005072710791811433	0.6924731182795699	0.24553994351332925
108402088	[-29,59.0,-30.0]	40.81310056666667	-73.86580443333334	0.12557836897570823	0.18610285688343878	0.3675158841206599	0.0005072710791811433	0.6924731182795699	0.24553994351332925
39943807	[-26,99.0,-73.0]	40.81789918	-73.8728837	0.12557836897570823	0.18610285688343878	0.3675158841206599	0.0005072710791811433	0.6924731182795699	0.24553994351332925
108402084	[-32,97.0,-65.0]	40.81646914	-73.8725854	0.12557836897570823	0.18610285688343878	0.3675158841206599	0.0005072710791811433	0.6924731182795699	0.24553994351332925
108402089	[-8,92.0,-84.0]	40.82087514	-73.87177546	0.12557836897570823	0.18610285688343878	0.3675158841206599	0.0005072710791811433	0.6924731182795699	0.24553994351332925
285058167	[-7,76.0,-69.0]	40.81932373157895	-73.8688769631579	0.12557836897570823	0.18610285688343878	0.3675158841206599	0.0005072710791811433	0.6924731182795699	0.24553994351332925
285058169	[-7,75.0,-68.0]	40.81928294	-73.86859418	0.12557836897570823	0.18610285688343878	0.3675158841206599	0.0005072710791811433	0.6924731182795699	0.24553994351332925
285058170	[-6,75.0,-69.0]	40.81944815999999	-73.86863142	0.12557836897570823	0.18610285688343878	0.3675158841206599	0.0005072710791811433	0.6924731182795699	0.24553994351332925
366251845	[-19,103.0,-84.0]	40.81966156666667	-73.87370803333333	0.12557836897570823	0.18610285688343878	0.3675158841206599	0.0005072710791811433	0.6924731182795699	0.24553994351332925
533708607	[22,47.0,-69.0]	40.8223992	-73.8637024	0.12557836897570823	0.18610285688343878	0.3675158841206599	0.0005072710791811433	0.6924731182795699	0.24553994351332925
533708612	[-2,63.0,-61.0]	40.819005000000004	-73.86654838	0.12557836897570823	0.18610285688343878	0.3675158841206599	0.0005072710791811433	0.6924731182795699	0.24553994351332925
285053097	[-35,-7.0,42.0]	40.8051399	-73.85413962	0.12557836897570823	0.18610285688343878	0.3675158841206599	0.0005072710791811433	0.6924731182795699	0.24553994351332925
285055309	[-18,8.0,10.0]	40.81025014	-73.85677606000002	0.12557836897570823	0.18610285688343878	0.3675158841206599	0.0005072710791811433	0.6924731182795699	0.24553994351332925
44946241	[29,2.0,-31.0]	40.81922132857143	-73.85569171428573	0.12557836897570823	0.18610285688343878	0.3675158841206599	0.0005072710791811433	0.6924731182795699	0.24553994351332925
285062101	[23,32.0,-55.0]	40.82097288	-73.86103096000001	0.12557836897570823	0.18610285688343878	0.3675158841206599	0.0005072710791811433	0.6924731182795699	0.24553994351332925
285062409	[33,25.0,-58.0]	40.82235406	-73.85991476000001	0.12557836897570823	0.18610285688343878	0.3675158841206599	0.0005072710791811433	0.6924731182795699	0.24553994351332925
285063530	[25,43.0,-68.0]	40.82256912	-73.86294837999999	0.12557836897570823	0.18610285688343878	0.3675158841206599	0.0005072710791811433	0.6924731182795699	0.24553994351332925
285063531	[26,41.0,-67.0]	40.82263732	-73.86264037999999	0.12557836897570823	0.18610285688343878	0.3675158841206599	0.0005072710791811433	0.6924731182795699	0.24553994351332925
390086293	[33,1.0,-34.0]	40.819907783333335	-73.85547036666667	0.12557836897570823	0.18610285688343878	0.3675158841206599	0.0005072710791811433	0.6924731182795699	0.24553994351332925
531848624	[22,33.0,-55.0]	40.82093877999999	-73.86132165999999	0.12557836897570823	0.18610285688343878	0.3675158841206599	0.0005072710791811433	0.6924731182795699	0.24553994351332925
531848626	[23,31.0,-54.0]	40.821001720000005	-73.86081156000002	0.12557836897570823	0.18610285688343878	0.3675158841206599	0.0005072710791811433	0.6924731182795699	0.24553994351332925
531848627	[24,30.0,-54.0]	40.82102322	-73.86065216	0.12557836897570823	0.18610285688343878	0.3675158841206599	0.0005072710791811433	0.6924731182795699	0.24553994351332925
531848629	[25,29.0,-54.0]	40.82104678	-73.86048266	0.12557836897570823	0.18610285688343878	0.3675158841206599	0.0005072710791811433	0.6924731182795699	0.24553994351332925
628730483	[69,-12.0,-57.0]	40.825881460000005	-73.85316368	0.12557836897570823	0.18610285688343878	0.3675158841206599	0.0005072710791811433	0.6924731182795699	0.24553994351332925
390086291	[48,-34.0,-14.0]	40.8194135	-73.84943106	0.12557836897570823	0.18610285688343878	0.3675158841206599	0.0005072710791811433	0.6924731182795699	0.24553994351332925
282082146	[-9,74.0,-65.0]	40.818838508333336	-73.86854815416666	0.12557836897570823	0.18610285688343878	0.3675158841206599	0.0005072710791811433	0.6924731182795699	0.24553994351332925
44818528	[8,5.0,-13.0]	40.815147259999996	-73.85619352	0.12557836897570823	0.18610285688343878	0.3675158841206599	0.0005072710791811433	0.6924731182795699	0.24553994351332925
44818527	[38,5.0,-43.0]	40.821371299999996	-73.85615062	0.12557836897570823	0.18610285688343878	0.3675158841206599	0.0005072710791811433	0.6924731182795699	0.24553994351332925
281884761	[53,-15.0,-38.0]	40.822383264285705	-73.85274427142858	0.12557836897570823	0.18610285688343878	0.3675158841206599	0.0005072710791811433	0.6924731182795699	0.24553994351332925
282077639	[23,8.0,-31.0]	40.818579087898094	-73.85687407643309	0.12557836897570823	0.18610285688343878	0.3675158841206599	0.0005072710791811433	0.6924731182795699	0.24553994351332925
44955885	[11,-14.0,3.0]	40.813868231081095	-73.85297773918923	0.12557836897570823	0.18610285688343878	0.3675158841206599	0.0005072710791811433	0.6924731182795699	0.24553994351332925
508935794	[-5,15.0,-10.0]	40.813498875	-73.858099675	0.12557836897570823	0.18610285688343878	0.3675158841206599	0.0005072710791811433	0.6924731182795699	0.24553994351332925
549191947	[-15,-19.0,34.0]	40.80793776	-73.85202188000001	0.12557836897570823	0.18610285688343878	0.3675158841206599	0.0005072710791811433	0.6924731182795699	0.24553994351332925
44946244	[18,2.0,-20.0]	40.81691503333333	-73.85566417777778	0.12557836897570823	0.18610285688343878	0.3675158841206599	0.0005072710791811433	0.6924731182795699	0.24553994351332925
628730479	[23,1.0,-24.0]	40.817909766666666	-73.85552145	0.12557836897570823	0.18610285688343878	0.3675158841206599	0.0005072710791811433	0.6924731182795699	0.24553994351332925
628730481	[24,1.0,-25.0]	40.81812068000001	-73.85553046000001	0.12557836897570823	0.18610285688343878	0.3675158841206599	0.0005072710791811433	0.6924731182795699	0.24553994351332925
617237330	[-19,-37.0,56.0]	40.80533216818182	-73.84868643636362	0.12557836897570823	0.18610285688343878	0.3675158841206599	0.0005072710791811433	0.6924731182795699	0.24553994351332925
44804002	[17,-42.0,25.0]	40.81228040526315	-73.84790606842107	0.12557836897570823	0.18610285688343878	0.3675158841206599	0.0005072710791811433	0.6924731182795699	0.24553994351332925
313992591	[53,-62.0,9.0]	40.81756068000001	-73.84427438	0.12557836897570823	0.18610285688343878	0.3675158841206599	0.0005072710791811433	0.6924731182795699	0.24553994351332925
282081009	[6,42.0,-48.0]	40.81864100909091	-73.86287756363635	0.12557836897570823	0.18610285688343878	0.3675158841206599	0.0005072710791811433	0.6924731182795699	0.24553994351332925
281882563	[81,-29.0,-52.0]	40.826601530000005	-73.85020963000001	0.12557836897570823	0.18610285688343878	0.3675158841206599	0.0005072710791811433	0.6924731182795699	0.24553994351332925
549191890	[-36,-2.0,38.0]	40.80542718571429	-73.8549696857143	0.12557836897570823	0.18610285688343878	0.3675158841206599	0.0005072710791811433	0.6924731182795699	0.24553994351332925
282077685	[13,3.0,-16.0]	40.81609156	-73.855896	0.12557836897570823	0.18610285688343878	0.3675158841206599	0.0005072710791811433	0.6924731182795699	0.24553994351332925
628730463	[37,-15.0,-22.0]	40.819060322222214	-73.85269624444443	0.12557836897570823	0.18610285688343878	0.3675158841206599	0.0005072710791811433	0.6924731182795699	0.24553994351332925
561597699	[26,-55.0,29.0]	40.812733679999994	-73.84560754	0.12557836897570823	0.18610285688343878	0.3675158841206599	0.0005072710791811433	0.6924731182795699	0.24553994351332925
44956276	[64,-68.0,4.0]	40.81925121666667	-73.84333686666666	0.12557836897570823	0.18610285688343878	0.3675158841206599	0.0005072710791811433	0.6924731182795699	0.24553994351332925
282082402	[9,79.0,-88.0]	40.82306025999999	-73.86937599999999	0.12557836897570823	0.18610285688343878	0.3675158841206599	0.0005072710791811433	0.6924731182795699	0.24553994351332925
282079477	[11,54.0,-65.0]	40.820764833333335	-73.86503438888889	0.12557836897570823	0.18610285688343878	0.3675158841206599	0.0005072710791811433	0.6924731182795699	0.24553994351332925
282080303	[5,36.0,-41.0]	40.8177371255814	-73.86176852093024	0.12557836897570823	0.18610285688343878	0.3675158841206599	0.0005072710791811433	0.6924731182795699	0.24553994351332925
531850069	[-2,-28.0,30.0]	40.809845115	-73.85037321499999	0.12557836897570823	0.18610285688343878	0.3675158841206599	0.0005072710791811433	0.6924731182795699	0.24553994351332925
331828776	331828776	0
331828778	331828776	0.0
331828779	331828776	0.0
108402088	331828776	4.0
39943807	331828776	2.0
108402084	331828776	3.0
108402089	331828776	2.0
285058167	331828776	3.0
285058169	331828776	3.0
285058170	331828776	3.0
366251845	331828776	1.0
533708607	331828776	4.0
533708612	331828776	4.0
285053097	331828776	5.0
285055309	331828776	4.0
44946241	331828776	4.0
285062101	331828776	4.0
285062409	331828776	4.0
285063530	331828776	4.0
285063531	331828776	4.0
390086293	331828776	4.0
531848624	331828776	4.0
531848626	331828776	4.0
531848627	331828776	4.0
531848629	331828776	4.0
628730483	331828776	4.0
390086291	331828776	4.0
282082146	331828776	3.0
44818528	331828776	4.0
44818527	331828776	4.0
281884761	331828776	4.0
282077639	331828776	4.0
44955885	331828776	4.0
508935794	331828776	4.0
549191947	331828776	5.0
44946244	331828776	4.0
628730479	331828776	4.0
628730481	331828776	4.0
617237330	331828776	5.0
44804002	331828776	5.0
313992591	331828776	5.0
282081009	331828776	4.0
281882563	331828776	4.0
549191890	331828776	5.0
282077685	331828776	4.0
628730463	331828776	4.0
561597699	331828776	5.0
44956276	331828776	5.0
282082402	331828776	3.0
282079477	331828776	4.0
282080303	331828776	4.0
531850069	331828776	5.0
331828778	331828778	0
331828779	331828778	0.0
108402088	331828778	4.0
39943807	331828778	1.0
108402084	331828778	3.0
108402089	331828778	2.0
285058167	331828778	3.0
285058169	331828778	3.0
285058170	331828778	3.0
366251845	331828778	1.0
533708607	331828778	4.0
533708612	331828778	4.0
285053097	331828778	5.0
285055309	331828778	4.0
44946241	331828778	4.0
285062101	331828778	4.0
285062409	331828778	4.0
285063530	331828778	4.0
285063531	331828778	4.0
390086293	331828778	4.0
531848624	331828778	4.0
531848626	331828778	4.0
531848627	331828778	4.0
531848629	331828778	4.0
628730483	331828778	4.0
390086291	331828778	4.0
282082146	331828778	3.0
44818528	331828778	4.0
44818527	331828778	4.0
281884761	331828778	4.0
282077639	331828778	4.0
44955885	331828778	4.0
508935794	331828778	4.0
549191947	331828778	5.0
44946244	331828778	4.0
628730479	331828778	4.0
628730481	331828778	4.0
617237330	331828778	5.0
44804002	331828778	5.0
313992591	331828778	5.0
282081009	331828778	4.0
281882563	331828778	4.0
549191890	331828778	5.0
282077685	331828778	4.0
628730463	331828778	4.0
561597699	331828778	5.0
44956276	331828778	5.0
282082402	331828778	3.0
282079477	331828778	4.0
282080303	331828778	4.0
531850069	331828778	5.0
331828779	331828779	0
108402088	331828779	4.0
39943807	331828779	2.0
108402084	331828779	3.0
108402089	331828779	2.0
285058167	331828779	3.0
285058169	331828779	3.0
285058170	331828779	3.0
366251845	331828779	2.0
533708607	331828779	4.0
533708612	331828779	4.0
285053097	331828779	5.0
285055309	331828779	4.0
44946241	331828779	4.0
285062101	331828779	4.0
285062409	331828779	4.0
285063530	331828779	4.0
285063531	331828779	4.0
390086293	331828779	4.0
531848624	331828779	4.0
531848626	331828779	4.0
531848627	331828779	4.0
531848629	331828779	4.0
628730483	331828779	4.0
390086291	331828779	4.0
282082146	331828779	3.0
44818528	331828779	4.0
44818527	331828779	4.0
281884761	331828779	4.0
282077639	331828779	4.0
44955885	331828779	4.0
508935794	331828779	4.0
549191947	331828779	5.0
44946244	331828779	4.0
628730479	331828779	4.0
628730481	331828779	4.0
617237330	331828779	5.0
44804002	331828779	5.0
313992591	331828779	5.0
282081009	331828779	4.0
281882563	331828779	4.0
549191890	331828779	5.0
282077685	331828779	4.0
628730463	331828779	4.0
561597699	331828779	5.0
44956276	331828779	5.0
282082402	331828779	3.0
282079477	331828779	4.0
282080303	331828779	4.0
531850069	331828779	5.0
108402088	108402088	0
39943807	108402088	4.0
108402084	108402088	3.0
108402089	108402088	4.0
285058167	108402088	3.0
285058169	108402088	3.0
285058170	108402088	3.0
366251845	108402088	4.0
533708607	108402088	3.0
533708612	108402088	2.0
285053097	108402088	4.0
285055309	108402088	3.0
44946241	108402088	3.0
285062101	108402088	3.0
285062409	108402088	3.0
285063530	108402088	3.0
285063531	108402088	3.0
390086293	108402088	3.0
531848624	108402088	3.0
531848626	108402088	3.0
531848627	108402088	3.0
531848629	108402088	3.0
628730483	108402088	4.0
390086291	108402088	4.0
282082146	108402088	2.0
44818528	108402088	3.0
44818527	108402088	4.0
281884761	108402088	4.0
282077639	108402088	3.0
44955885	108402088	3.0
508935794	108402088	2.0
549191947	108402088	4.0
44946244	108402088	3.0
628730479	108402088	3.0
628730481	108402088	3.0
617237330	108402088	4.0
44804002	108402088	4.0
313992591	108402088	4.0
282081009	108402088	2.0
281882563	108402088	4.0
549191890	108402088	4.0
282077685	108402088	3.0
628730463	108402088	3.0
561597699	108402088	4.0
44956276	108402088	4.0
282082402	108402088	3.0
282079477	108402088	3.0
282080303	108402088	2.0
531850069	108402088	4.0
39943807	39943807	0
108402084	39943807	3.0
108402089	39943807	0.0
285058167	39943807	3.0
285058169	39943807	3.0
285058170	39943807	3.0
366251845	39943807	0.0
533708607	39943807	3.0
533708612	39943807	3.0
285053097	39943807	5.0
285055309	39943807	4.0
44946241	39943807	4.0
285062101	39943807	4.0
285062409	39943807	3.0
285063530	39943807	3.0
285063531	39943807	3.0
390086293	39943807	4.0
531848624	39943807	4.0
531848626	39943807	3.0
531848627	39943807	3.0
531848629	39943807	3.0
628730483	39943807	4.0
390086291	39943807	4.0
282082146	39943807	3.0
44818528	39943807	4.0
44818527	39943807	4.0
281884761	39943807	4.0
282077639	39943807	4.0
44955885	39943807	4.0
508935794	39943807	4.0
549191947	39943807	4.0
44946244	39943807	4.0
628730479	39943807	4.0
628730481	39943807	4.0
617237330	39943807	5.0
44804002	39943807	5.0
313992591	39943807	5.0
282081009	39943807	3.0
281882563	39943807	4.0
549191890	39943807	5.0
282077685	39943807	4.0
628730463	39943807	4.0
561597699	39943807	5.0
44956276	39943807	5.0
282082402	39943807	2.0
282079477	39943807	3.0
282080303	39943807	3.0
531850069	39943807	4.0
108402084	108402084	0
108402089	108402084	3.0
285058167	108402084	1.0
285058169	108402084	1.0
285058170	108402084	1.0
366251845	108402084	3.0
533708607	108402084	3.0
533708612	108402084	2.0
285053097	108402084	4.0
285055309	108402084	4.0
44946241	108402084	3.0
285062101	108402084	3.0
285062409	108402084	3.0
285063530	108402084	3.0
285063531	108402084	3.0
390086293	108402084	3.0
531848624	108402084	3.0
531848626	108402084	3.0
531848627	108402084	3.0
531848629	108402084	3.0
628730483	108402084	4.0
390086291	108402084	4.0
282082146	108402084	1.0
44818528	108402084	3.0
44818527	108402084	4.0
281884761	108402084	4.0
282077639	108402084	3.0
44955885	108402084	4.0
508935794	108402084	3.0
549191947	108402084	4.0
44946244	108402084	3.0
628730479	108402084	3.0
628730481	108402084	3.0
617237330	108402084	4.0
44804002	108402084	4.0
313992591	108402084	4.0
282081009	108402084	2.0
281882563	108402084	4.0
549191890	108402084	4.0
282077685	108402084	3.0
628730463	108402084	4.0
561597699	108402084	4.0
44956276	108402084	4.0
282082402	108402084	3.0
282079477	108402084	3.0
282080303	108402084	3.0
531850069	108402084	4.0
108402089	108402089	0
285058167	108402089	3.0
285058169	108402089	3.0
285058170	108402089	3.0
366251845	108402089	0.0
533708607	108402089	3.0
533708612	108402089	3.0
285053097	108402089	4.0
285055309	108402089	4.0
44946241	108402089	4.0
285062101	108402089	3.0
285062409	108402089	3.0
285063530	108402089	3.0
285063531	108402089	3.0
390086293	108402089	4.0
531848624	108402089	3.0
531848626	108402089	3.0
531848627	108402089	3.0
531848629	108402089	3.0
628730483	108402089	4.0
390086291	108402089	4.0
282082146	108402089	3.0
44818528	108402089	4.0
44818527	108402089	4.0
281884761	108402089	4.0
282077639	108402089	4.0
44955885	108402089	4.0
508935794	108402089	4.0
549191947	108402089	4.0
44946244	108402089	4.0
628730479	108402089	4.0
628730481	108402089	4.0
617237330	108402089	5.0
44804002	108402089	4.0
313992591	108402089	4.0
282081009	108402089	3.0
281882563	108402089	4.0
549191890	108402089	4.0
282077685	108402089	4.0
628730463	108402089	4.0
561597699	108402089	5.0
44956276	108402089	4.0
282082402	108402089	2.0
282079477	108402089	3.0
282080303	108402089	3.0
531850069	108402089	4.0
285058167	285058167	0
285058169	285058167	1.0
285058170	285058167	1.0
366251845	285058167	3.0
533708607	285058167	3.0
533708612	285058167	1.0
285053097	285058167	4.0
285055309	285058167	4.0
44946241	285058167	3.0
285062101	285058167	3.0
285062409	285058167	3.0
285063530	285058167	3.0
285063531	285058167	3.0
390086293	285058167	3.0
531848624	285058167	3.0
531848626	285058167	3.0
531848627	285058167	3.0
531848629	285058167	3.0
628730483	285058167	4.0
390086291	285058167	4.0
282082146	285058167	1.0
44818528	285058167	3.0
44818527	285058167	3.0
281884761	285058167	3.0
282077639	285058167	3.0
44955885	285058167	4.0
508935794	285058167	3.0
549191947	285058167	4.0
44946244	285058167	3.0
628730479	285058167	3.0
628730481	285058167	3.0
617237330	285058167	4.0
44804002	285058167	4.0
313992591	285058167	4.0
282081009	285058167	3.0
281882563	285058167	4.0
549191890	285058167	4.0
282077685	285058167	4.0
628730463	285058167	4.0
561597699	285058167	4.0
44956276	285058167	4.0
282082402	285058167	2.0
282079477	285058167	2.0
282080303	285058167	3.0
531850069	285058167	4.0
285058169	285058169	0
285058170	285058169	0.0
366251845	285058169	3.0
533708607	285058169	2.0
533708612	285058169	1.0
285053097	285058169	4.0
285055309	285058169	4.0
44946241	285058169	3.0
285062101	285058169	3.0
285062409	285058169	3.0
285063530	285058169	2.0
285063531	285058169	3.0
390086293	285058169	3.0
531848624	285058169	3.0
531848626	285058169	3.0
531848627	285058169	3.0
531848629	285058169	3.0
628730483	285058169	4.0
390086291	285058169	4.0
282082146	285058169	0.0
44818528	285058169	3.0
44818527	285058169	3.0
281884761	285058169	3.0
282077639	285058169	3.0
44955885	285058169	4.0
508935794	285058169	3.0
549191947	285058169	4.0
44946244	285058169	3.0
628730479	285058169	3.0
628730481	285058169	3.0
617237330	285058169	4.0
44804002	285058169	4.0
313992591	285058169	4.0
282081009	285058169	2.0
281882563	285058169	4.0
549191890	285058169	4.0
282077685	285058169	3.0
628730463	285058169	4.0
561597699	285058169	4.0
44956276	285058169	4.0
282082402	285058169	2.0
282079477	285058169	2.0
282080303	285058169	3.0
531850069	285058169	4.0
285058170	285058170	0
366251845	285058170	3.0
533708607	285058170	2.0
533708612	285058170	1.0
285053097	285058170	4.0
285055309	285058170	4.0
44946241	285058170	3.0
285062101	285058170	3.0
285062409	285058170	3.0
285063530	285058170	2.0
285063531	285058170	3.0
390086293	285058170	3.0
531848624	285058170	3.0
531848626	285058170	3.0
531848627	285058170	3.0
531848629	285058170	3.0
628730483	285058170	4.0
390086291	285058170	4.0
282082146	285058170	0.0
44818528	285058170	3.0
44818527	285058170	3.0
281884761	285058170	3.0
282077639	285058170	3.0
44955885	285058170	4.0
508935794	285058170	3.0
549191947	285058170	4.0
44946244	285058170	3.0
628730479	285058170	3.0
628730481	285058170	3.0
617237330	285058170	4.0
44804002	285058170	4.0
313992591	285058170	4.0
282081009	285058170	2.0
281882563	285058170	4.0
549191890	285058170	4.0
282077685	285058170	3.0
628730463	285058170	4.0
561597699	285058170	4.0
44956276	285058170	4.0
282082402	285058170	2.0
282079477	285058170	2.0
282080303	285058170	3.0
531850069	285058170	4.0
366251845	366251845	0
533708607	366251845	3.0
533708612	366251845	3.0
285053097	366251845	5.0
285055309	366251845	4.0
44946241	366251845	4.0
285062101	366251845	4.0
285062409	366251845	4.0
285063530	366251845	3.0
285063531	366251845	3.0
390086293	366251845	4.0
531848624	366251845	4.0
531848626	366251845	4.0
531848627	366251845	4.0
531848629	366251845	4.0
628730483	366251845	4.0
390086291	366251845	4.0
282082146	366251845	3.0
44818528	366251845	4.0
44818527	366251845	4.0
281884761	366251845	4.0
282077639	366251845	4.0
44955885	366251845	4.0
508935794	366251845	4.0
549191947	366251845	4.0
44946244	366251845	4.0
628730479	366251845	4.0
628730481	366251845	4.0
617237330	366251845	5.0
44804002	366251845	5.0
313992591	366251845	5.0
282081009	366251845	3.0
281882563	366251845	4.0
549191890	366251845	5.0
282077685	366251845	4.0
628730463	366251845	4.0
561597699	366251845	5.0
44956276	366251845	5.0
282082402	366251845	2.0
282079477	366251845	3.0
282080303	366251845	3.0
531850069	366251845	4.0
533708607	533708607	0
533708612	533708607	2.0
285053097	533708607	4.0
285055309	533708607	4.0
44946241	533708607	3.0
285062101	533708607	2.0
285062409	533708607	2.0
285063530	533708607	0.0
285063531	533708607	1.0
390086293	533708607	3.0
531848624	533708607	2.0
531848626	533708607	2.0
531848627	533708607	2.0
531848629	533708607	2.0
628730483	533708607	3.0
390086291	533708607	4.0
282082146	533708607	2.0
44818528	533708607	3.0
44818527	533708607	2.0
281884761	533708607	3.0
282077639	533708607	3.0
44955885	533708607	4.0
508935794	533708607	3.0
549191947	533708607	4.0
44946244	533708607	3.0
628730479	533708607	3.0
628730481	533708607	3.0
617237330	533708607	4.0
44804002	533708607	4.0
313992591	533708607	4.0
282081009	533708607	2.0
281882563	533708607	3.0
549191890	533708607	4.0
282077685	533708607	3.0
628730463	533708607	3.0
561597699	533708607	4.0
44956276	533708607	4.0
282082402	533708607	2.0
282079477	533708607	2.0
282080303	533708607	3.0
531850069	533708607	4.0
533708612	533708612	0
285053097	533708612	4.0
285055309	533708612	3.0
44946241	533708612	3.0
285062101	533708612	3.0
285062409	533708612	3.0
285063530	533708612	2.0
285063531	533708612	2.0
390086293	533708612	3.0
531848624	533708612	3.0
531848626	533708612	3.0
531848627	533708612	3.0
531848629	533708612	3.0
628730483	533708612	4.0
390086291	533708612	3.0
282082146	533708612	1.0
44818528	533708612	3.0
44818527	533708612	3.0
281884761	533708612	3.0
282077639	533708612	3.0
44955885	533708612	3.0
508935794	533708612	3.0
549191947	533708612	4.0
44946244	533708612	3.0
628730479	533708612	3.0
628730481	533708612	3.0
617237330	533708612	4.0
44804002	533708612	4.0
313992591	533708612	4.0
282081009	533708612	1.0
281882563	533708612	4.0
549191890	533708612	4.0
282077685	533708612	3.0
628730463	533708612	3.0
561597699	533708612	4.0
44956276	533708612	4.0
282082402	533708612	2.0
282079477	533708612	1.0
282080303	533708612	2.0
531850069	533708612	4.0
285053097	285053097	0
285055309	285053097	3.0
44946241	285053097	4.0
285062101	285053097	4.0
285062409	285053097	4.0
285063530	285053097	4.0
285063531	285053097	4.0
390086293	285053097	4.0
531848624	285053097	4.0
531848626	285053097	4.0
531848627	285053097	4.0
531848629	285053097	4.0
628730483	285053097	4.0
390086291	285053097	4.0
282082146	285053097	4.0
44818528	285053097	3.0
44818527	285053097	4.0
281884761	285053097	4.0
282077639	285053097	4.0
44955885	285053097	3.0
508935794	285053097	3.0
549191947	285053097	2.0
44946244	285053097	3.0
628730479	285053097	4.0
628730481	285053097	4.0
617237330	285053097	2.0
44804002	285053097	4.0
313992591	285053097	4.0
282081009	285053097	4.0
281882563	285053097	5.0
549191890	285053097	0.0
282077685	285053097	3.0
628730463	285053097	4.0
561597699	285053097	4.0
44956276	285053097	4.0
282082402	285053097	4.0
282079477	285053097	4.0
282080303	285053097	4.0
531850069	285053097	3.0
285055309	285055309	0
44946241	285055309	3.0
285062101	285055309	4.0
285062409	285055309	4.0
285063530	285055309	4.0
285063531	285055309	4.0
390086293	285055309	3.0
531848624	285055309	4.0
531848626	285055309	4.0
531848627	285055309	4.0
531848629	285055309	3.0
628730483	285055309	4.0
390086291	285055309	4.0
282082146	285055309	4.0
44818528	285055309	2.0
44818527	285055309	3.0
281884761	285055309	4.0
282077639	285055309	3.0
44955885	285055309	2.0
508935794	285055309	2.0
549191947	285055309	2.0
44946244	285055309	3.0
628730479	285055309	3.0
628730481	285055309	3.0
617237330	285055309	3.0
44804002	285055309	4.0
313992591	285055309	4.0
282081009	285055309	3.0
281882563	285055309	4.0
549191890	285055309	2.0
282077685	285055309	3.0
628730463	285055309	3.0
561597699	285055309	4.0
44956276	285055309	4.0
282082402	285055309	4.0
282079477	285055309	3.0
282080303	285055309	3.0
531850069	285055309	2.0
44946241	44946241	0
285062101	44946241	2.0
285062409	44946241	2.0
285063530	44946241	3.0
285063531	44946241	3.0
390086293	44946241	1.0
531848624	44946241	2.0
531848626	44946241	2.0
531848627	44946241	2.0
531848629	44946241	2.0
628730483	44946241	3.0
390086291	44946241	2.0
282082146	44946241	3.0
44818528	44946241	2.0
44818527	44946241	1.0
281884761	44946241	2.0
282077639	44946241	0.0
44955885	44946241	3.0
508935794	44946241	3.0
549191947	44946241	3.0
44946244	44946241	1.0
628730479	44946241	0.0
628730481	44946241	0.0
617237330	44946241	4.0
44804002	44946241	3.0
313992591	44946241	3.0
282081009	44946241	2.0
281882563	44946241	3.0
549191890	44946241	4.0
282077685	44946241	2.0
628730463	44946241	2.0
561597699	44946241	3.0
44956276	44946241	3.0
282082402	44946241	3.0
282079477	44946241	3.0
282080303	44946241	2.0
531850069	44946241	3.0
285062101	285062101	0
285062409	285062101	0.0
285063530	285062101	2.0
285063531	285062101	1.0
390086293	285062101	2.0
531848624	285062101	0.0
531848626	285062101	0.0
531848627	285062101	0.0
531848629	285062101	0.0
628730483	285062101	3.0
390086291	285062101	3.0
282082146	285062101	3.0
44818528	285062101	3.0
44818527	285062101	2.0
281884761	285062101	2.0
282077639	285062101	2.0
44955885	285062101	3.0
508935794	285062101	4.0
549191947	285062101	4.0
44946244	285062101	3.0
628730479	285062101	3.0
628730481	285062101	3.0
617237330	285062101	4.0
44804002	285062101	4.0
313992591	285062101	4.0
282081009	285062101	3.0
281882563	285062101	3.0
549191890	285062101	4.0
282077685	285062101	3.0
628730463	285062101	3.0
561597699	285062101	4.0
44956276	285062101	4.0
282082402	285062101	3.0
282079477	285062101	3.0
282080303	285062101	3.0
531850069	285062101	4.0
285062409	285062409	0
285063530	285062409	2.0
285063531	285062409	1.0
390086293	285062409	2.0
531848624	285062409	1.0
531848626	285062409	0.0
531848627	285062409	0.0
531848629	285062409	0.0
628730483	285062409	3.0
390086291	285062409	3.0
282082146	285062409	3.0
44818528	285062409	3.0
44818527	285062409	2.0
281884761	285062409	2.0
282077639	285062409	2.0
44955885	285062409	3.0
508935794	285062409	3.0
549191947	285062409	4.0
44946244	285062409	3.0
628730479	285062409	3.0
628730481	285062409	3.0
617237330	285062409	4.0
44804002	285062409	4.0
313992591	285062409	4.0
282081009	285062409	3.0
281882563	285062409	3.0
549191890	285062409	4.0
282077685	285062409	3.0
628730463	285062409	3.0
561597699	285062409	4.0
44956276	285062409	4.0
282082402	285062409	3.0
282079477	285062409	3.0
282080303	285062409	3.0
531850069	285062409	4.0
285063530	285063530	0
285063531	285063530	1.0
390086293	285063530	3.0
531848624	285063530	2.0
531848626	285063530	2.0
531848627	285063530	2.0
531848629	285063530	2.0
628730483	285063530	3.0
390086291	285063530	4.0
282082146	285063530	3.0
44818528	285063530	3.0
44818527	285063530	2.0
281884761	285063530	3.0
282077639	285063530	3.0
44955885	285063530	4.0
508935794	285063530	3.0
549191947	285063530	4.0
44946244	285063530	3.0
628730479	285063530	3.0
628730481	285063530	3.0
617237330	285063530	4.0
44804002	285063530	4.0
313992591	285063530	4.0
282081009	285063530	2.0
281882563	285063530	3.0
549191890	285063530	4.0
282077685	285063530	3.0
628730463	285063530	3.0
561597699	285063530	4.0
44956276	285063530	4.0
282082402	285063530	2.0
282079477	285063530	2.0
282080303	285063530	3.0
531850069	285063530	4.0
285063531	285063531	0
390086293	285063531	3.0
531848624	285063531	1.0
531848626	285063531	1.0
531848627	285063531	1.0
531848629	285063531	1.0
628730483	285063531	3.0
390086291	285063531	4.0
282082146	285063531	3.0
44818528	285063531	3.0
44818527	285063531	2.0
281884761	285063531	3.0
282077639	285063531	3.0
44955885	285063531	4.0
508935794	285063531	3.0
549191947	285063531	4.0
44946244	285063531	3.0
628730479	285063531	3.0
628730481	285063531	3.0
617237330	285063531	4.0
44804002	285063531	4.0
313992591	285063531	4.0
282081009	285063531	3.0
281882563	285063531	3.0
549191890	285063531	4.0
282077685	285063531	3.0
628730463	285063531	3.0
561597699	285063531	4.0
44956276	285063531	4.0
282082402	285063531	2.0
282079477	285063531	2.0
282080303	285063531	3.0
531850069	285063531	4.0
390086293	390086293	0
531848624	390086293	2.0
531848626	390086293	2.0
531848627	390086293	2.0
531848629	390086293	2.0
628730483	390086293	3.0
390086291	390086293	2.0
282082146	390086293	3.0
44818528	390086293	2.0
44818527	390086293	1.0
281884761	390086293	2.0
282077639	390086293	1.0
44955885	390086293	3.0
508935794	390086293	3.0
549191947	390086293	4.0
44946244	390086293	2.0
628730479	390086293	1.0
628730481	390086293	1.0
617237330	390086293	4.0
44804002	390086293	4.0
313992591	390086293	3.0
282081009	390086293	2.0
281882563	390086293	3.0
549191890	390086293	4.0
282077685	390086293	2.0
628730463	390086293	2.0
561597699	390086293	3.0
44956276	390086293	3.0
282082402	390086293	3.0
282079477	390086293	3.0
282080303	390086293	3.0
531850069	390086293	4.0
531848624	531848624	0
531848626	531848624	0.0
531848627	531848624	0.0
531848629	531848624	0.0
628730483	531848624	3.0
390086291	531848624	3.0
282082146	531848624	3.0
44818528	531848624	3.0
44818527	531848624	2.0
281884761	531848624	2.0
282077639	531848624	3.0
44955885	531848624	3.0
508935794	531848624	4.0
549191947	531848624	4.0
44946244	531848624	3.0
628730479	531848624	3.0
628730481	531848624	3.0
617237330	531848624	4.0
44804002	531848624	4.0
313992591	531848624	4.0
282081009	531848624	3.0
281882563	531848624	3.0
549191890	531848624	4.0
282077685	531848624	3.0
628730463	531848624	3.0
561597699	531848624	4.0
44956276	531848624	4.0
282082402	531848624	3.0
282079477	531848624	3.0
282080303	531848624	3.0
531850069	531848624	4.0
531848626	531848626	0
531848627	531848626	0.0
531848629	531848626	0.0
628730483	531848626	3.0
390086291	531848626	3.0
282082146	531848626	3.0
44818528	531848626	3.0
44818527	531848626	2.0
281884761	531848626	2.0
282077639	531848626	2.0
44955885	531848626	3.0
508935794	531848626	3.0
549191947	531848626	4.0
44946244	531848626	3.0
628730479	531848626	3.0
628730481	531848626	3.0
617237330	531848626	4.0
44804002	531848626	4.0
313992591	531848626	4.0
282081009	531848626	3.0
281882563	531848626	3.0
549191890	531848626	4.0
282077685	531848626	3.0
628730463	531848626	3.0
561597699	531848626	4.0
44956276	531848626	4.0
282082402	531848626	3.0
282079477	531848626	3.0
282080303	531848626	3.0
531850069	531848626	4.0
531848627	531848627	0
531848629	531848627	0.0
628730483	531848627	3.0
390086291	531848627	3.0
282082146	531848627	3.0
44818528	531848627	3.0
44818527	531848627	2.0
281884761	531848627	2.0
282077639	531848627	2.0
44955885	531848627	3.0
508935794	531848627	3.0
549191947	531848627	4.0
44946244	531848627	3.0
628730479	531848627	3.0
628730481	531848627	3.0
617237330	531848627	4.0
44804002	531848627	4.0
313992591	531848627	4.0
282081009	531848627	3.0
281882563	531848627	3.0
549191890	531848627	4.0
282077685	531848627	3.0
628730463	531848627	3.0
561597699	531848627	4.0
44956276	531848627	4.0
282082402	531848627	3.0
282079477	531848627	2.0
282080303	531848627	3.0
531850069	531848627	4.0
531848629	531848629	0
628730483	531848629	3.0
390086291	531848629	3.0
282082146	531848629	3.0
44818528	531848629	3.0
44818527	531848629	2.0
281884761	531848629	2.0
282077639	531848629	2.0
44955885	531848629	3.0
508935794	531848629	3.0
549191947	531848629	4.0
44946244	531848629	3.0
628730479	531848629	3.0
628730481	531848629	3.0
617237330	531848629	4.0
44804002	531848629	4.0
313992591	531848629	4.0
282081009	531848629	3.0
281882563	531848629	3.0
549191890	531848629	4.0
282077685	531848629	3.0
628730463	531848629	3.0
561597699	531848629	4.0
44956276	531848629	4.0
282082402	531848629	3.0
282079477	531848629	2.0
282080303	531848629	2.0
531850069	531848629	4.0
628730483	628730483	0
390086291	628730483	3.0
282082146	628730483	4.0
44818528	628730483	4.0
44818527	628730483	3.0
281884761	628730483	2.0
282077639	628730483	3.0
44955885	628730483	4.0
508935794	628730483	4.0
549191947	628730483	4.0
44946244	628730483	3.0
628730479	628730483	3.0
628730481	628730483	3.0
617237330	628730483	4.0
44804002	628730483	4.0
313992591	628730483	4.0
282081009	628730483	4.0
281882563	628730483	1.0
549191890	628730483	4.0
282077685	628730483	4.0
628730463	628730483	3.0
561597699	628730483	4.0
44956276	628730483	3.0
282082402	628730483	3.0
282079477	628730483	4.0
282080303	628730483	4.0
531850069	628730483	4.0
390086291	390086291	0
282082146	390086291	4.0
44818528	390086291	3.0
44818527	390086291	3.0
281884761	390086291	2.0
282077639	390086291	2.0
44955885	390086291	3.0
508935794	390086291	3.0
549191947	390086291	4.0
44946244	390086291	2.0
628730479	390086291	2.0
628730481	390086291	2.0
617237330	390086291	4.0
44804002	390086291	3.0
313992591	390086291	2.0
282081009	390086291	3.0
281882563	390086291	3.0
549191890	390086291	4.0
282077685	390086291	3.0
628730463	390086291	1.0
561597699	390086291	3.0
44956276	390086291	2.0
282082402	390086291	4.0
282079477	390086291	3.0
282080303	390086291	3.0
531850069	390086291	4.0
282082146	282082146	0
44818528	282082146	3.0
44818527	282082146	3.0
281884761	282082146	3.0
282077639	282082146	3.0
44955885	282082146	3.0
508935794	282082146	3.0
549191947	282082146	4.0
44946244	282082146	3.0
628730479	282082146	3.0
628730481	282082146	3.0
617237330	282082146	4.0
44804002	282082146	4.0
313992591	282082146	4.0
282081009	282082146	2.0
281882563	282082146	4.0
549191890	282082146	4.0
282077685	282082146	3.0
628730463	282082146	3.0
561597699	282082146	4.0
44956276	282082146	4.0
282082402	282082146	2.0
282079477	282082146	2.0
282080303	282082146	2.0
531850069	282082146	4.0
44818528	44818528	0
44818527	44818528	2.0
281884761	44818528	3.0
282077639	44818528	2.0
44955885	44818528	1.0
508935794	44818528	1.0
549191947	44818528	3.0
44946244	44818528	0.0
628730479	44818528	2.0
628730481	44818528	2.0
617237330	44818528	3.0
44804002	44818528	3.0
313992591	44818528	3.0
282081009	44818528	2.0
281882563	44818528	4.0
549191890	44818528	3.0
282077685	44818528	0.0
628730463	44818528	2.0
561597699	44818528	3.0
44956276	44818528	3.0
282082402	44818528	3.0
282079477	44818528	3.0
282080303	44818528	2.0
531850069	44818528	3.0
44818527	44818527	0
281884761	44818527	2.0
282077639	44818527	1.0
44955885	44818527	3.0
508935794	44818527	3.0
549191947	44818527	4.0
44946244	44818527	2.0
628730479	44818527	2.0
628730481	44818527	2.0
617237330	44818527	4.0
44804002	44818527	4.0
313992591	44818527	4.0
282081009	44818527	3.0
281882563	44818527	3.0
549191890	44818527	4.0
282077685	44818527	2.0
628730463	44818527	2.0
561597699	44818527	4.0
44956276	44818527	4.0
282082402	44818527	3.0
282079477	44818527	3.0
282080303	44818527	3.0
531850069	44818527	4.0
281884761	281884761	0
282077639	281884761	2.0
44955885	281884761	4.0
508935794	281884761	4.0
549191947	281884761	4.0
44946244	281884761	3.0
628730479	281884761	2.0
628730481	281884761	2.0
617237330	281884761	4.0
44804002	281884761	4.0
313992591	281884761	3.0
282081009	281884761	3.0
281882563	281884761	2.0
549191890	281884761	4.0
282077685	281884761	3.0
628730463	281884761	2.0
561597699	281884761	3.0
44956276	281884761	3.0
282082402	281884761	3.0
282079477	281884761	3.0
282080303	281884761	4.0
531850069	281884761	4.0
282077639	282077639	0
44955885	282077639	3.0
508935794	282077639	2.0
549191947	282077639	3.0
44946244	282077639	1.0
628730479	282077639	0.0
628730481	282077639	0.0
617237330	282077639	4.0
44804002	282077639	3.0
313992591	282077639	3.0
282081009	282077639	2.0
281882563	282077639	3.0
549191890	282077639	4.0
282077685	282077639	2.0
628730463	282077639	2.0
561597699	282077639	3.0
44956276	282077639	3.0
282082402	282077639	3.0
282079477	282077639	3.0
282080303	282077639	2.0
531850069	282077639	3.0
44955885	44955885	0
508935794	44955885	1.0
549191947	44955885	2.0
44946244	44955885	2.0
628730479	44955885	3.0
628730481	44955885	3.0
617237330	44955885	3.0
44804002	44955885	3.0
313992591	44955885	4.0
282081009	44955885	3.0
281882563	44955885	4.0
549191890	44955885	3.0
282077685	44955885	2.0
628730463	44955885	3.0
561597699	44955885	4.0
44956276	44955885	4.0
282082402	44955885	4.0
282079477	44955885	3.0
282080303	44955885	3.0
531850069	44955885	2.0
508935794	508935794	0
549191947	508935794	3.0
44946244	508935794	2.0
628730479	508935794	2.0
628730481	508935794	2.0
617237330	508935794	3.0
44804002	508935794	3.0
313992591	508935794	3.0
282081009	508935794	2.0
281882563	508935794	4.0
549191890	508935794	3.0
282077685	508935794	2.0
628730463	508935794	3.0
561597699	508935794	4.0
44956276	508935794	4.0
282082402	508935794	3.0
282079477	508935794	3.0
282080303	508935794	2.0
531850069	508935794	3.0
549191947	549191947	0
44946244	549191947	3.0
628730479	549191947	3.0
628730481	549191947	3.0
617237330	549191947	2.0
44804002	549191947	4.0
313992591	549191947	4.0
282081009	549191947	4.0
281882563	549191947	4.0
549191890	549191947	2.0
282077685	549191947	3.0
628730463	549191947	4.0
561597699	549191947	4.0
44956276	549191947	4.0
282082402	549191947	4.0
282079477	549191947	4.0
282080303	549191947	3.0
531850069	549191947	1.0
44946244	44946244	0
628730479	44946244	1.0
628730481	44946244	1.0
617237330	44946244	3.0
44804002	44946244	3.0
313992591	44946244	3.0
282081009	44946244	2.0
281882563	44946244	4.0
549191890	44946244	3.0
282077685	44946244	1.0
628730463	44946244	2.0
561597699	44946244	3.0
44956276	44946244	3.0
282082402	44946244	3.0
282079477	44946244	3.0
282080303	44946244	2.0
531850069	44946244	3.0
628730479	628730479	0
628730481	628730479	0.0
617237330	628730479	4.0
44804002	628730479	3.0
313992591	628730479	3.0
282081009	628730479	2.0
281882563	628730479	3.0
549191890	628730479	4.0
282077685	628730479	2.0
628730463	628730479	1.0
561597699	628730479	3.0
44956276	628730479	3.0
282082402	628730479	3.0
282079477	628730479	3.0
282080303	628730479	2.0
531850069	628730479	3.0
628730481	628730481	0
617237330	628730481	4.0
44804002	628730481	3.0
313992591	628730481	3.0
282081009	628730481	2.0
281882563	628730481	3.0
549191890	628730481	4.0
282077685	628730481	2.0
628730463	628730481	1.0
561597699	628730481	3.0
44956276	628730481	3.0
282082402	628730481	3.0
282079477	628730481	3.0
282080303	628730481	2.0
531850069	628730481	3.0
617237330	617237330	0
44804002	617237330	4.0
313992591	617237330	4.0
282081009	617237330	4.0
281882563	617237330	5.0
549191890	617237330	2.0
282077685	617237330	3.0
628730463	617237330	4.0
561597699	617237330	4.0
44956276	617237330	4.0
282082402	617237330	4.0
282079477	617237330	4.0
282080303	617237330	4.0
531850069	617237330	2.0
44804002	44804002	0
313992591	44804002	3.0
282081009	44804002	4.0
281882563	44804002	4.0
549191890	44804002	4.0
282077685	44804002	3.0
628730463	44804002	3.0
561597699	44804002	1.0
44956276	44804002	3.0
282082402	44804002	4.0
282079477	44804002	4.0
282080303	44804002	4.0
531850069	44804002	4.0
313992591	313992591	0
282081009	313992591	4.0
281882563	313992591	3.0
549191890	313992591	4.0
282077685	313992591	3.0
628730463	313992591	3.0
561597699	313992591	2.0
44956276	313992591	1.0
282082402	313992591	4.0
282079477	313992591	4.0
282080303	313992591	4.0
531850069	313992591	4.0
282081009	282081009	0
281882563	282081009	4.0
549191890	282081009	4.0
282077685	282081009	2.0
628730463	282081009	3.0
561597699	282081009	4.0
44956276	282081009	4.0
282082402	282081009	2.0
282079477	282081009	1.0
282080303	282081009	0.0
531850069	282081009	4.0
281882563	281882563	0
549191890	281882563	5.0
282077685	281882563	4.0
628730463	281882563	3.0
561597699	281882563	4.0
44956276	281882563	3.0
282082402	281882563	4.0
282079477	281882563	4.0
282080303	281882563	4.0
531850069	281882563	4.0
549191890	549191890	0
282077685	549191890	3.0
628730463	549191890	4.0
561597699	549191890	4.0
44956276	549191890	4.0
282082402	549191890	4.0
282079477	549191890	4.0
282080303	549191890	4.0
531850069	549191890	2.0
282077685	282077685	0
628730463	282077685	2.0
561597699	282077685	3.0
44956276	282077685	3.0
282082402	282077685	3.0
282079477	282077685	3.0
282080303	282077685	2.0
531850069	282077685	3.0
628730463	628730463	0
561597699	628730463	3.0
44956276	628730463	3.0
282082402	628730463	4.0
282079477	628730463	3.0
282080303	628730463	3.0
531850069	628730463	4.0
561597699	561597699	0
44956276	561597699	3.0
282082402	561597699	4.0
282079477	561597699	4.0
282080303	561597699	4.0
531850069	561597699	4.0
44956276	44956276	0
282082402	44956276	4.0
282079477	44956276	4.0
282080303	44956276	4.0
531850069	44956276	4.0
282082402	282082402	0
282079477	282082402	2.0
282080303	282082402	3.0
531850069	282082402	4.0
282079477	282079477	0
282080303	282079477	2.0
531850069	282079477	4.0
282080303	282080303	0
531850069	282080303	3.0
531850069	531850069	0
