280381268	[4,24.0,-28.0]	40.878628442857135	-73.8771112	0.14628323806927748	0.2780188408114679	0.3485695331490655	0.0009853906774945596	0.6774193548387096	0.25714715751635725
280381270	[-2,29.0,-27.0]	40.87794871999999	-73.87794344	0.14628323806927748	0.2780188408114679	0.3485695331490655	0.0009853906774945596	0.6774193548387096	0.25714715751635725
280381271	[1,26.0,-27.0]	40.878316819999995	-73.8775681	0.14628323806927748	0.2780188408114679	0.3485695331490655	0.0009853906774945596	0.6774193548387096	0.25714715751635725
280381273	[-4,30.0,-26.0]	40.877683520000005	-73.87827016	0.14628323806927748	0.2780188408114679	0.3485695331490655	0.0009853906774945596	0.6774193548387096	0.25714715751635725
280381274	[0,27.0,-27.0]	40.87812572	-73.87772537999999	0.14628323806927748	0.2780188408114679	0.3485695331490655	0.0009853906774945596	0.6774193548387096	0.25714715751635725
280381276	[0,27.0,-27.0]	40.878213779999996	-73.87761688	0.14628323806927748	0.2780188408114679	0.3485695331490655	0.0009853906774945596	0.6774193548387096	0.25714715751635725
280381277	[-2,29.0,-27.0]	40.87786094	-73.87805158	0.14628323806927748	0.2780188408114679	0.3485695331490655	0.0009853906774945596	0.6774193548387096	0.25714715751635725
280381279	[-7,28.0,-21.0]	40.876759619999994	-73.87790072	0.14628323806927748	0.2780188408114679	0.3485695331490655	0.0009853906774945596	0.6774193548387096	0.25714715751635725
280381280	[-1,28.0,-27.0]	40.87803798	-73.87783348	0.14628323806927748	0.2780188408114679	0.3485695331490655	0.0009853906774945596	0.6774193548387096	0.25714715751635725
280381282	[-3,30.0,-27.0]	40.877772140000005	-73.87816098	0.14628323806927748	0.2780188408114679	0.3485695331490655	0.0009853906774945596	0.6774193548387096	0.25714715751635725
280381283	[-6,26.0,-20.0]	40.876765799999994	-73.87757178	0.14628323806927748	0.2780188408114679	0.3485695331490655	0.0009853906774945596	0.6774193548387096	0.25714715751635725
280381286	[-1,25.0,-24.0]	40.87773656	-73.87731163999999	0.14628323806927748	0.2780188408114679	0.3485695331490655	0.0009853906774945596	0.6774193548387096	0.25714715751635725
474077526	[-15,55.0,-40.0]	40.877982280000005	-73.88276606	0.14628323806927748	0.2780188408114679	0.3485695331490655	0.0009853906774945596	0.6774193548387096	0.25714715751635725
474077527	[-16,54.0,-38.0]	40.87761724	-73.88258002	0.14628323806927748	0.2780188408114679	0.3485695331490655	0.0009853906774945596	0.6774193548387096	0.25714715751635725
474077532	[-2,69.0,-67.0]	40.8819646	-73.8851421	0.14628323806927748	0.2780188408114679	0.3485695331490655	0.0009853906774945596	0.6774193548387096	0.25714715751635725
152995685	[-37,14.0,23.0]	40.86914125	-73.87537777	0.14628323806927748	0.2780188408114679	0.3485695331490655	0.0009853906774945596	0.6774193548387096	0.25714715751635725
311998655	[-36,-9.0,45.0]	40.86702752000001	-73.87123632666666	0.14628323806927748	0.2780188408114679	0.3485695331490655	0.0009853906774945596	0.6774193548387096	0.25714715751635725
311998656	[-34,-10.0,44.0]	40.86741544	-73.87117946	0.14628323806927748	0.2780188408114679	0.3485695331490655	0.0009853906774945596	0.6774193548387096	0.25714715751635725
332452418	[-36,19.0,17.0]	40.86993749999999	-73.87626717	0.14628323806927748	0.2780188408114679	0.3485695331490655	0.0009853906774945596	0.6774193548387096	0.25714715751635725
456848868	[-34,8.0,26.0]	40.86929624375	-73.87431454375	0.14628323806927748	0.2780188408114679	0.3485695331490655	0.0009853906774945596	0.6774193548387096	0.25714715751635725
185014540	[99,-49.0,-50.0]	40.89076459166667	-73.864166675	0.14628323806927748	0.2780188408114679	0.3485695331490655	0.0009853906774945596	0.6774193548387096	0.25714715751635725
280345291	[54,-62.0,8.0]	40.88019256	-73.86186062	0.14628323806927748	0.2780188408114679	0.3485695331490655	0.0009853906774945596	0.6774193548387096	0.25714715751635725
280345292	[55,-64.0,9.0]	40.8801198	-73.86161670000001	0.14628323806927748	0.2780188408114679	0.3485695331490655	0.0009853906774945596	0.6774193548387096	0.25714715751635725
280345293	[54,-60.0,6.0]	40.88024792	-73.86221404	0.14628323806927748	0.2780188408114679	0.3485695331490655	0.0009853906774945596	0.6774193548387096	0.25714715751635725
280345294	[56,-62.0,6.0]	40.880546259999996	-73.8618499	0.14628323806927748	0.2780188408114679	0.3485695331490655	0.0009853906774945596	0.6774193548387096	0.25714715751635725
276410876	[-17,48.0,-31.0]	40.876840382608705	-73.8813092652174	0.14628323806927748	0.2780188408114679	0.3485695331490655	0.0009853906774945596	0.6774193548387096	0.25714715751635725
281697474	[-61,-17.0,78.0]	40.8610671	-73.8699316897436	0.14628323806927748	0.2780188408114679	0.3485695331490655	0.0009853906774945596	0.6774193548387096	0.25714715751635725
276408081	[18,14.0,-32.0]	40.88048344782608	-73.87530930434782	0.14628323806927748	0.2780188408114679	0.3485695331490655	0.0009853906774945596	0.6774193548387096	0.25714715751635725
277849207	[57,-55.0,-2.0]	40.88140991428571	-73.86305045714286	0.14628323806927748	0.2780188408114679	0.3485695331490655	0.0009853906774945596	0.6774193548387096	0.25714715751635725
277831648	[81,-81.0,0.0]	40.883672672727265	-73.85857995454545	0.14628323806927748	0.2780188408114679	0.3485695331490655	0.0009853906774945596	0.6774193548387096	0.25714715751635725
485949002	[-19,28.0,-9.0]	40.8743265	-73.8777664	0.14628323806927748	0.2780188408114679	0.3485695331490655	0.0009853906774945596	0.6774193548387096	0.25714715751635725
276404390	[9,30.0,-39.0]	40.88035551	-73.87825142	0.14628323806927748	0.2780188408114679	0.3485695331490655	0.0009853906774945596	0.6774193548387096	0.25714715751635725
276408747	[-2,43.0,-41.0]	40.879444533333334	-73.88056673333332	0.14628323806927748	0.2780188408114679	0.3485695331490655	0.0009853906774945596	0.6774193548387096	0.25714715751635725
315403295	[38,-52.0,14.0]	40.8777704375	-73.863699725	0.14628323806927748	0.2780188408114679	0.3485695331490655	0.0009853906774945596	0.6774193548387096	0.25714715751635725
315403486	[35,-45.0,10.0]	40.87795476666667	-73.86497945833334	0.14628323806927748	0.2780188408114679	0.3485695331490655	0.0009853906774945596	0.6774193548387096	0.25714715751635725
332668333	[87,-43.0,-44.0]	40.88879244	-73.86515912	0.14628323806927748	0.2780188408114679	0.3485695331490655	0.0009853906774945596	0.6774193548387096	0.25714715751635725
332668334	[87,-44.0,-43.0]	40.88877316000001	-73.86510186000001	0.14628323806927748	0.2780188408114679	0.3485695331490655	0.0009853906774945596	0.6774193548387096	0.25714715751635725
332668429	[92,-47.0,-45.0]	40.88942357	-73.86446689000002	0.14628323806927748	0.2780188408114679	0.3485695331490655	0.0009853906774945596	0.6774193548387096	0.25714715751635725
332668430	[93,-48.0,-45.0]	40.88951178000001	-73.86441593	0.14628323806927748	0.2780188408114679	0.3485695331490655	0.0009853906774945596	0.6774193548387096	0.25714715751635725
315403487	[38,-58.0,20.0]	40.87728933333333	-73.86259156666667	0.14628323806927748	0.2780188408114679	0.3485695331490655	0.0009853906774945596	0.6774193548387096	0.25714715751635725
315403488	[37,-57.0,20.0]	40.8771640625	-73.8627709875	0.14628323806927748	0.2780188408114679	0.3485695331490655	0.0009853906774945596	0.6774193548387096	0.25714715751635725
258828588	[-21,31.0,-10.0]	40.8743486111111	-73.8784208111111	0.14628323806927748	0.2780188408114679	0.3485695331490655	0.0009853906774945596	0.6774193548387096	0.25714715751635725
281707541	[-15,-54.0,69.0]	40.86681553571429	-73.86321099285713	0.14628323806927748	0.2780188408114679	0.3485695331490655	0.0009853906774945596	0.6774193548387096	0.25714715751635725
485951742	[-25,32.0,-7.0]	40.87351336	-73.87864164	0.14628323806927748	0.2780188408114679	0.3485695331490655	0.0009853906774945596	0.6774193548387096	0.25714715751635725
533922844	[46,-68.0,22.0]	40.87782238125	-73.86085860625002	0.14628323806927748	0.2780188408114679	0.3485695331490655	0.0009853906774945596	0.6774193548387096	0.25714715751635725
276386092	[-50,38.0,12.0]	40.86905964444444	-73.87970173333332	0.14628323806927748	0.2780188408114679	0.3485695331490655	0.0009853906774945596	0.6774193548387096	0.25714715751635725
276410371	[9,38.0,-47.0]	40.88115556111112	-73.8795506166667	0.14628323806927748	0.2780188408114679	0.3485695331490655	0.0009853906774945596	0.6774193548387096	0.25714715751635725
276410387	[4,42.0,-46.0]	40.88053639343065	-73.88033564744522	0.14628323806927748	0.2780188408114679	0.3485695331490655	0.0009853906774945596	0.6774193548387096	0.25714715751635725
276410394	[3,45.0,-48.0]	40.88063837906977	-73.88079895581394	0.14628323806927748	0.2780188408114679	0.3485695331490655	0.0009853906774945596	0.6774193548387096	0.25714715751635725
276386975	[-28,39.0,-11.0]	40.873677831250006	-73.879796075	0.14628323806927748	0.2780188408114679	0.3485695331490655	0.0009853906774945596	0.6774193548387096	0.25714715751635725
277846917	[15,39.0,-54.0]	40.88254902857143	-73.87985777142858	0.14628323806927748	0.2780188408114679	0.3485695331490655	0.0009853906774945596	0.6774193548387096	0.25714715751635725
284834273	[-20,33.0,-13.0]	40.87468113	-73.87872776	0.14628323806927748	0.2780188408114679	0.3485695331490655	0.0009853906774945596	0.6774193548387096	0.25714715751635725
281702287	[-28,-60.0,88.0]	40.8635708	-73.8622618888889	0.14628323806927748	0.2780188408114679	0.3485695331490655	0.0009853906774945596	0.6774193548387096	0.25714715751635725
277850399	[30,-37.0,7.0]	40.87769848	-73.86634104	0.14628323806927748	0.2780188408114679	0.3485695331490655	0.0009853906774945596	0.6774193548387096	0.25714715751635725
280381268	280381268	0
280381270	280381268	0.0
280381271	280381268	0.0
280381273	280381268	0.0
280381274	280381268	0.0
280381276	280381268	0.0
280381277	280381268	0.0
280381279	280381268	2.0
280381280	280381268	0.0
280381282	280381268	0.0
280381283	280381268	2.0
280381286	280381268	0.0
474077526	280381268	2.0
474077527	280381268	2.0
474077532	280381268	3.0
152995685	280381268	4.0
311998655	280381268	4.0
311998656	280381268	4.0
332452418	280381268	3.0
456848868	280381268	4.0
185014540	280381268	4.0
280345291	280381268	4.0
280345292	280381268	4.0
280345293	280381268	4.0
280345294	280381268	4.0
276410876	280381268	2.0
281697474	280381268	4.0
276408081	280381268	1.0
277849207	280381268	3.0
277831648	280381268	4.0
485949002	280381268	3.0
276404390	280381268	1.0
276408747	280381268	3.0
315403295	280381268	4.0
315403486	280381268	3.0
332668333	280381268	4.0
332668334	280381268	4.0
332668429	280381268	4.0
332668430	280381268	4.0
315403487	280381268	4.0
315403488	280381268	3.0
258828588	280381268	3.0
281707541	280381268	4.0
485951742	280381268	2.0
533922844	280381268	4.0
276386092	280381268	3.0
276410371	280381268	1.0
276410387	280381268	2.0
276410394	280381268	2.0
276386975	280381268	2.0
277846917	280381268	2.0
284834273	280381268	2.0
281702287	280381268	5.0
277850399	280381268	3.0
280381270	280381270	0
280381271	280381270	0.0
280381273	280381270	0.0
280381274	280381270	0.0
280381276	280381270	0.0
280381277	280381270	0.0
280381279	280381270	2.0
280381280	280381270	0.0
280381282	280381270	0.0
280381283	280381270	2.0
280381286	280381270	0.0
474077526	280381270	2.0
474077527	280381270	2.0
474077532	280381270	3.0
152995685	280381270	4.0
311998655	280381270	4.0
311998656	280381270	4.0
332452418	280381270	3.0
456848868	280381270	4.0
185014540	280381270	4.0
280345291	280381270	4.0
280345292	280381270	4.0
280345293	280381270	4.0
280345294	280381270	4.0
276410876	280381270	2.0
281697474	280381270	4.0
276408081	280381270	2.0
277849207	280381270	4.0
277831648	280381270	4.0
485949002	280381270	3.0
276404390	280381270	1.0
276408747	280381270	2.0
315403295	280381270	4.0
315403486	280381270	3.0
332668333	280381270	4.0
332668334	280381270	4.0
332668429	280381270	4.0
332668430	280381270	4.0
315403487	280381270	4.0
315403488	280381270	3.0
258828588	280381270	3.0
281707541	280381270	4.0
485951742	280381270	2.0
533922844	280381270	4.0
276386092	280381270	3.0
276410371	280381270	2.0
276410387	280381270	2.0
276410394	280381270	2.0
276386975	280381270	2.0
277846917	280381270	2.0
284834273	280381270	2.0
281702287	280381270	5.0
277850399	280381270	3.0
280381271	280381271	0
280381273	280381271	0.0
280381274	280381271	0.0
280381276	280381271	0.0
280381277	280381271	0.0
280381279	280381271	2.0
280381280	280381271	0.0
280381282	280381271	0.0
280381283	280381271	2.0
280381286	280381271	0.0
474077526	280381271	2.0
474077527	280381271	2.0
474077532	280381271	3.0
152995685	280381271	4.0
311998655	280381271	4.0
311998656	280381271	4.0
332452418	280381271	3.0
456848868	280381271	4.0
185014540	280381271	4.0
280345291	280381271	4.0
280345292	280381271	4.0
280345293	280381271	4.0
280345294	280381271	4.0
276410876	280381271	2.0
281697474	280381271	4.0
276408081	280381271	1.0
277849207	280381271	4.0
277831648	280381271	4.0
485949002	280381271	3.0
276404390	280381271	1.0
276408747	280381271	3.0
315403295	280381271	4.0
315403486	280381271	3.0
332668333	280381271	4.0
332668334	280381271	4.0
332668429	280381271	4.0
332668430	280381271	4.0
315403487	280381271	4.0
315403488	280381271	3.0
258828588	280381271	3.0
281707541	280381271	4.0
485951742	280381271	2.0
533922844	280381271	4.0
276386092	280381271	3.0
276410371	280381271	2.0
276410387	280381271	2.0
276410394	280381271	2.0
276386975	280381271	2.0
277846917	280381271	2.0
284834273	280381271	2.0
281702287	280381271	5.0
277850399	280381271	3.0
280381273	280381273	0
280381274	280381273	0.0
280381276	280381273	0.0
280381277	280381273	0.0
280381279	280381273	1.0
280381280	280381273	0.0
280381282	280381273	0.0
280381283	280381273	2.0
280381286	280381273	0.0
474077526	280381273	2.0
474077527	280381273	2.0
474077532	280381273	3.0
152995685	280381273	4.0
311998655	280381273	4.0
311998656	280381273	4.0
332452418	280381273	3.0
456848868	280381273	4.0
185014540	280381273	4.0
280345291	280381273	4.0
280345292	280381273	4.0
280345293	280381273	4.0
280345294	280381273	4.0
276410876	280381273	2.0
281697474	280381273	4.0
276408081	280381273	2.0
277849207	280381273	4.0
277831648	280381273	4.0
485949002	280381273	3.0
276404390	280381273	1.0
276408747	280381273	2.0
315403295	280381273	4.0
315403486	280381273	3.0
332668333	280381273	4.0
332668334	280381273	4.0
332668429	280381273	4.0
332668430	280381273	4.0
315403487	280381273	4.0
315403488	280381273	3.0
258828588	280381273	3.0
281707541	280381273	4.0
485951742	280381273	2.0
533922844	280381273	4.0
276386092	280381273	3.0
276410371	280381273	2.0
276410387	280381273	2.0
276410394	280381273	2.0
276386975	280381273	2.0
277846917	280381273	2.0
284834273	280381273	2.0
281702287	280381273	5.0
277850399	280381273	3.0
280381274	280381274	0
280381276	280381274	0.0
280381277	280381274	0.0
280381279	280381274	2.0
280381280	280381274	0.0
280381282	280381274	0.0
280381283	280381274	2.0
280381286	280381274	0.0
474077526	280381274	2.0
474077527	280381274	2.0
474077532	280381274	3.0
152995685	280381274	4.0
311998655	280381274	4.0
311998656	280381274	4.0
332452418	280381274	3.0
456848868	280381274	4.0
185014540	280381274	4.0
280345291	280381274	4.0
280345292	280381274	4.0
280345293	280381274	4.0
280345294	280381274	4.0
276410876	280381274	2.0
281697474	280381274	4.0
276408081	280381274	2.0
277849207	280381274	4.0
277831648	280381274	4.0
485949002	280381274	3.0
276404390	280381274	1.0
276408747	280381274	3.0
315403295	280381274	4.0
315403486	280381274	3.0
332668333	280381274	4.0
332668334	280381274	4.0
332668429	280381274	4.0
332668430	280381274	4.0
315403487	280381274	4.0
315403488	280381274	3.0
258828588	280381274	3.0
281707541	280381274	4.0
485951742	280381274	2.0
533922844	280381274	4.0
276386092	280381274	3.0
276410371	280381274	2.0
276410387	280381274	2.0
276410394	280381274	2.0
276386975	280381274	2.0
277846917	280381274	2.0
284834273	280381274	2.0
281702287	280381274	5.0
277850399	280381274	3.0
280381276	280381276	0
280381277	280381276	0.0
280381279	280381276	2.0
280381280	280381276	0.0
280381282	280381276	0.0
280381283	280381276	2.0
280381286	280381276	0.0
474077526	280381276	2.0
474077527	280381276	2.0
474077532	280381276	3.0
152995685	280381276	4.0
311998655	280381276	4.0
311998656	280381276	4.0
332452418	280381276	3.0
456848868	280381276	4.0
185014540	280381276	4.0
280345291	280381276	4.0
280345292	280381276	4.0
280345293	280381276	4.0
280345294	280381276	4.0
276410876	280381276	2.0
281697474	280381276	4.0
276408081	280381276	1.0
277849207	280381276	4.0
277831648	280381276	4.0
485949002	280381276	3.0
276404390	280381276	1.0
276408747	280381276	3.0
315403295	280381276	4.0
315403486	280381276	3.0
332668333	280381276	4.0
332668334	280381276	4.0
332668429	280381276	4.0
332668430	280381276	4.0
315403487	280381276	4.0
315403488	280381276	3.0
258828588	280381276	3.0
281707541	280381276	4.0
485951742	280381276	2.0
533922844	280381276	4.0
276386092	280381276	3.0
276410371	280381276	2.0
276410387	280381276	2.0
276410394	280381276	2.0
276386975	280381276	2.0
277846917	280381276	2.0
284834273	280381276	2.0
281702287	280381276	5.0
277850399	280381276	3.0
280381277	280381277	0
280381279	280381277	1.0
280381280	280381277	0.0
280381282	280381277	0.0
280381283	280381277	2.0
280381286	280381277	0.0
474077526	280381277	2.0
474077527	280381277	2.0
474077532	280381277	3.0
152995685	280381277	4.0
311998655	280381277	4.0
311998656	280381277	4.0
332452418	280381277	3.0
456848868	280381277	4.0
185014540	280381277	4.0
280345291	280381277	4.0
280345292	280381277	4.0
280345293	280381277	4.0
280345294	280381277	4.0
276410876	280381277	2.0
281697474	280381277	4.0
276408081	280381277	2.0
277849207	280381277	4.0
277831648	280381277	4.0
485949002	280381277	3.0
276404390	280381277	1.0
276408747	280381277	2.0
315403295	280381277	4.0
315403486	280381277	3.0
332668333	280381277	4.0
332668334	280381277	4.0
332668429	280381277	4.0
332668430	280381277	4.0
315403487	280381277	4.0
315403488	280381277	3.0
258828588	280381277	3.0
281707541	280381277	4.0
485951742	280381277	2.0
533922844	280381277	4.0
276386092	280381277	3.0
276410371	280381277	2.0
276410387	280381277	2.0
276410394	280381277	2.0
276386975	280381277	2.0
277846917	280381277	2.0
284834273	280381277	2.0
281702287	280381277	5.0
277850399	280381277	3.0
280381279	280381279	0
280381280	280381279	2.0
280381282	280381279	1.0
280381283	280381279	0.0
280381286	280381279	2.0
474077526	280381279	3.0
474077527	280381279	3.0
474077532	280381279	3.0
152995685	280381279	4.0
311998655	280381279	4.0
311998656	280381279	4.0
332452418	280381279	3.0
456848868	280381279	4.0
185014540	280381279	4.0
280345291	280381279	4.0
280345292	280381279	4.0
280345293	280381279	4.0
280345294	280381279	4.0
276410876	280381279	2.0
281697474	280381279	4.0
276408081	280381279	2.0
277849207	280381279	4.0
277831648	280381279	4.0
485949002	280381279	2.0
276404390	280381279	2.0
276408747	280381279	3.0
315403295	280381279	3.0
315403486	280381279	3.0
332668333	280381279	4.0
332668334	280381279	4.0
332668429	280381279	4.0
332668430	280381279	4.0
315403487	280381279	4.0
315403488	280381279	4.0
258828588	280381279	2.0
281707541	280381279	4.0
485951742	280381279	2.0
533922844	280381279	4.0
276386092	280381279	3.0
276410371	280381279	2.0
276410387	280381279	3.0
276410394	280381279	3.0
276386975	280381279	2.0
277846917	280381279	3.0
284834273	280381279	2.0
281702287	280381279	4.0
277850399	280381279	3.0
280381280	280381280	0
280381282	280381280	0.0
280381283	280381280	2.0
280381286	280381280	0.0
474077526	280381280	2.0
474077527	280381280	2.0
474077532	280381280	3.0
152995685	280381280	4.0
311998655	280381280	4.0
311998656	280381280	4.0
332452418	280381280	3.0
456848868	280381280	4.0
185014540	280381280	4.0
280345291	280381280	4.0
280345292	280381280	4.0
280345293	280381280	4.0
280345294	280381280	4.0
276410876	280381280	2.0
281697474	280381280	4.0
276408081	280381280	2.0
277849207	280381280	4.0
277831648	280381280	4.0
485949002	280381280	3.0
276404390	280381280	1.0
276408747	280381280	2.0
315403295	280381280	4.0
315403486	280381280	3.0
332668333	280381280	4.0
332668334	280381280	4.0
332668429	280381280	4.0
332668430	280381280	4.0
315403487	280381280	4.0
315403488	280381280	3.0
258828588	280381280	3.0
281707541	280381280	4.0
485951742	280381280	2.0
533922844	280381280	4.0
276386092	280381280	3.0
276410371	280381280	2.0
276410387	280381280	2.0
276410394	280381280	2.0
276386975	280381280	2.0
277846917	280381280	2.0
284834273	280381280	2.0
281702287	280381280	5.0
277850399	280381280	3.0
280381282	280381282	0
280381283	280381282	2.0
280381286	280381282	0.0
474077526	280381282	2.0
474077527	280381282	2.0
474077532	280381282	3.0
152995685	280381282	4.0
311998655	280381282	4.0
311998656	280381282	4.0
332452418	280381282	3.0
456848868	280381282	4.0
185014540	280381282	4.0
280345291	280381282	4.0
280345292	280381282	4.0
280345293	280381282	4.0
280345294	280381282	4.0
276410876	280381282	2.0
281697474	280381282	4.0
276408081	280381282	2.0
277849207	280381282	4.0
277831648	280381282	4.0
485949002	280381282	3.0
276404390	280381282	1.0
276408747	280381282	2.0
315403295	280381282	4.0
315403486	280381282	3.0
332668333	280381282	4.0
332668334	280381282	4.0
332668429	280381282	4.0
332668430	280381282	4.0
315403487	280381282	4.0
315403488	280381282	3.0
258828588	280381282	3.0
281707541	280381282	4.0
485951742	280381282	2.0
533922844	280381282	4.0
276386092	280381282	3.0
276410371	280381282	2.0
276410387	280381282	2.0
276410394	280381282	2.0
276386975	280381282	2.0
277846917	280381282	2.0
284834273	280381282	2.0
281702287	280381282	5.0
277850399	280381282	3.0
280381283	280381283	0
280381286	280381283	2.0
474077526	280381283	3.0
474077527	280381283	3.0
474077532	280381283	3.0
152995685	280381283	4.0
311998655	280381283	4.0
311998656	280381283	4.0
332452418	280381283	3.0
456848868	280381283	4.0
185014540	280381283	4.0
280345291	280381283	4.0
280345292	280381283	4.0
280345293	280381283	4.0
280345294	280381283	4.0
276410876	280381283	2.0
281697474	280381283	4.0
276408081	280381283	2.0
277849207	280381283	4.0
277831648	280381283	4.0
485949002	280381283	2.0
276404390	280381283	2.0
276408747	280381283	3.0
315403295	280381283	3.0
315403486	280381283	3.0
332668333	280381283	4.0
332668334	280381283	4.0
332668429	280381283	4.0
332668430	280381283	4.0
315403487	280381283	4.0
315403488	280381283	4.0
258828588	280381283	2.0
281707541	280381283	4.0
485951742	280381283	2.0
533922844	280381283	4.0
276386092	280381283	3.0
276410371	280381283	3.0
276410387	280381283	3.0
276410394	280381283	3.0
276386975	280381283	2.0
277846917	280381283	3.0
284834273	280381283	2.0
281702287	280381283	4.0
277850399	280381283	3.0
280381286	280381286	0
474077526	280381286	2.0
474077527	280381286	2.0
474077532	280381286	3.0
152995685	280381286	4.0
311998655	280381286	4.0
311998656	280381286	4.0
332452418	280381286	3.0
456848868	280381286	4.0
185014540	280381286	4.0
280345291	280381286	4.0
280345292	280381286	4.0
280345293	280381286	4.0
280345294	280381286	4.0
276410876	280381286	2.0
281697474	280381286	4.0
276408081	280381286	2.0
277849207	280381286	4.0
277831648	280381286	4.0
485949002	280381286	3.0
276404390	280381286	1.0
276408747	280381286	3.0
315403295	280381286	4.0
315403486	280381286	3.0
332668333	280381286	4.0
332668334	280381286	4.0
332668429	280381286	4.0
332668430	280381286	4.0
315403487	280381286	4.0
315403488	280381286	3.0
258828588	280381286	3.0
281707541	280381286	4.0
485951742	280381286	2.0
533922844	280381286	4.0
276386092	280381286	3.0
276410371	280381286	2.0
276410387	280381286	2.0
276410394	280381286	2.0
276386975	280381286	2.0
277846917	280381286	2.0
284834273	280381286	2.0
281702287	280381286	5.0
277850399	280381286	3.0
474077526	474077526	0
474077527	474077526	0.0
474077532	474077526	2.0
152995685	474077526	4.0
311998655	474077526	4.0
311998656	474077526	4.0
332452418	474077526	3.0
456848868	474077526	4.0
185014540	474077526	5.0
280345291	474077526	4.0
280345292	474077526	4.0
280345293	474077526	4.0
280345294	474077526	4.0
276410876	474077526	0.0
281697474	474077526	4.0
276408081	474077526	3.0
277849207	474077526	4.0
277831648	474077526	5.0
485949002	474077526	3.0
276404390	474077526	3.0
276408747	474077526	3.0
315403295	474077526	4.0
315403486	474077526	4.0
332668333	474077526	4.0
332668334	474077526	5.0
332668429	474077526	5.0
332668430	474077526	5.0
315403487	474077526	4.0
315403488	474077526	4.0
258828588	474077526	3.0
281707541	474077526	4.0
485951742	474077526	2.0
533922844	474077526	4.0
276386092	474077526	3.0
276410371	474077526	3.0
276410387	474077526	3.0
276410394	474077526	3.0
276386975	474077526	2.0
277846917	474077526	2.0
284834273	474077526	2.0
281702287	474077526	5.0
277850399	474077526	4.0
474077527	474077527	0
474077532	474077527	2.0
152995685	474077527	3.0
311998655	474077527	4.0
311998656	474077527	4.0
332452418	474077527	3.0
456848868	474077527	4.0
185014540	474077527	5.0
280345291	474077527	4.0
280345292	474077527	4.0
280345293	474077527	4.0
280345294	474077527	4.0
276410876	474077527	0.0
281697474	474077527	4.0
276408081	474077527	3.0
277849207	474077527	4.0
277831648	474077527	5.0
485949002	474077527	3.0
276404390	474077527	2.0
276408747	474077527	3.0
315403295	474077527	4.0
315403486	474077527	4.0
332668333	474077527	4.0
332668334	474077527	5.0
332668429	474077527	5.0
332668430	474077527	5.0
315403487	474077527	4.0
315403488	474077527	4.0
258828588	474077527	3.0
281707541	474077527	4.0
485951742	474077527	2.0
533922844	474077527	4.0
276386092	474077527	3.0
276410371	474077527	3.0
276410387	474077527	3.0
276410394	474077527	3.0
276386975	474077527	2.0
277846917	474077527	3.0
284834273	474077527	2.0
281702287	474077527	5.0
277850399	474077527	4.0
474077532	474077532	0
152995685	474077532	4.0
311998655	474077532	4.0
311998656	474077532	4.0
332452418	474077532	4.0
456848868	474077532	4.0
185014540	474077532	4.0
280345291	474077532	4.0
280345292	474077532	4.0
280345293	474077532	4.0
280345294	474077532	4.0
276410876	474077532	2.0
281697474	474077532	5.0
276408081	474077532	3.0
277849207	474077532	4.0
277831648	474077532	4.0
485949002	474077532	4.0
276404390	474077532	2.0
276408747	474077532	2.0
315403295	474077532	4.0
315403486	474077532	4.0
332668333	474077532	4.0
332668334	474077532	5.0
332668429	474077532	5.0
332668430	474077532	5.0
315403487	474077532	4.0
315403488	474077532	4.0
258828588	474077532	4.0
281707541	474077532	5.0
485951742	474077532	3.0
533922844	474077532	4.0
276386092	474077532	4.0
276410371	474077532	2.0
276410387	474077532	2.0
276410394	474077532	2.0
276386975	474077532	3.0
277846917	474077532	2.0
284834273	474077532	3.0
281702287	474077532	5.0
277850399	474077532	4.0
152995685	152995685	0
311998655	152995685	3.0
311998656	152995685	3.0
332452418	152995685	3.0
456848868	152995685	2.0
185014540	152995685	5.0
280345291	152995685	4.0
280345292	152995685	4.0
280345293	152995685	4.0
280345294	152995685	4.0
276410876	152995685	3.0
281697474	152995685	3.0
276408081	152995685	4.0
277849207	152995685	4.0
277831648	152995685	5.0
485949002	152995685	3.0
276404390	152995685	4.0
276408747	152995685	4.0
315403295	152995685	4.0
315403486	152995685	4.0
332668333	152995685	5.0
332668334	152995685	5.0
332668429	152995685	5.0
332668430	152995685	5.0
315403487	152995685	4.0
315403488	152995685	4.0
258828588	152995685	3.0
281707541	152995685	3.0
485951742	152995685	3.0
533922844	152995685	4.0
276386092	152995685	2.0
276410371	152995685	4.0
276410387	152995685	4.0
276410394	152995685	4.0
276386975	152995685	3.0
277846917	152995685	4.0
284834273	152995685	3.0
281702287	152995685	4.0
277850399	152995685	4.0
311998655	311998655	0
311998656	311998655	0.0
332452418	311998655	4.0
456848868	311998655	3.0
185014540	311998655	4.0
280345291	311998655	4.0
280345292	311998655	4.0
280345293	311998655	4.0
280345294	311998655	4.0
276410876	311998655	4.0
281697474	311998655	2.0
276408081	311998655	4.0
277849207	311998655	4.0
277831648	311998655	4.0
485949002	311998655	4.0
276404390	311998655	4.0
276408747	311998655	4.0
315403295	311998655	4.0
315403486	311998655	4.0
332668333	311998655	4.0
332668334	311998655	4.0
332668429	311998655	5.0
332668430	311998655	5.0
315403487	311998655	4.0
315403488	311998655	4.0
258828588	311998655	4.0
281707541	311998655	3.0
485951742	311998655	4.0
533922844	311998655	4.0
276386092	311998655	3.0
276410371	311998655	4.0
276410387	311998655	4.0
276410394	311998655	4.0
276386975	311998655	4.0
277846917	311998655	4.0
284834273	311998655	4.0
281702287	311998655	3.0
277850399	311998655	4.0
311998656	311998656	0
332452418	311998656	4.0
456848868	311998656	3.0
185014540	311998656	4.0
280345291	311998656	4.0
280345292	311998656	4.0
280345293	311998656	4.0
280345294	311998656	4.0
276410876	311998656	4.0
281697474	311998656	2.0
276408081	311998656	4.0
277849207	311998656	4.0
277831648	311998656	4.0
485949002	311998656	4.0
276404390	311998656	4.0
276408747	311998656	4.0
315403295	311998656	4.0
315403486	311998656	4.0
332668333	311998656	4.0
332668334	311998656	4.0
332668429	311998656	5.0
332668430	311998656	5.0
315403487	311998656	4.0
315403488	311998656	4.0
258828588	311998656	4.0
281707541	311998656	3.0
485951742	311998656	4.0
533922844	311998656	4.0
276386092	311998656	3.0
276410371	311998656	4.0
276410387	311998656	4.0
276410394	311998656	4.0
276386975	311998656	4.0
277846917	311998656	4.0
284834273	311998656	4.0
281702287	311998656	3.0
277850399	311998656	4.0
332452418	332452418	0
456848868	332452418	4.0
185014540	332452418	4.0
280345291	332452418	4.0
280345292	332452418	4.0
280345293	332452418	4.0
280345294	332452418	4.0
276410876	332452418	3.0
281697474	332452418	4.0
276408081	332452418	3.0
277849207	332452418	4.0
277831648	332452418	4.0
485949002	332452418	2.0
276404390	332452418	3.0
276408747	332452418	3.0
315403295	332452418	4.0
315403486	332452418	4.0
332668333	332452418	4.0
332668334	332452418	4.0
332668429	332452418	5.0
332668430	332452418	5.0
315403487	332452418	4.0
315403488	332452418	4.0
258828588	332452418	2.0
281707541	332452418	4.0
485951742	332452418	2.0
533922844	332452418	4.0
276386092	332452418	3.0
276410371	332452418	3.0
276410387	332452418	4.0
276410394	332452418	4.0
276386975	332452418	2.0
277846917	332452418	4.0
284834273	332452418	2.0
281702287	332452418	4.0
277850399	332452418	4.0
456848868	456848868	0
185014540	456848868	5.0
280345291	456848868	4.0
280345292	456848868	4.0
280345293	456848868	4.0
280345294	456848868	4.0
276410876	456848868	4.0
281697474	456848868	4.0
276408081	456848868	4.0
277849207	456848868	4.0
277831648	456848868	4.0
485949002	456848868	4.0
276404390	456848868	4.0
276408747	456848868	4.0
315403295	456848868	4.0
315403486	456848868	4.0
332668333	456848868	5.0
332668334	456848868	4.0
332668429	456848868	4.0
332668430	456848868	4.0
315403487	456848868	4.0
315403488	456848868	4.0
258828588	456848868	4.0
281707541	456848868	4.0
485951742	456848868	4.0
533922844	456848868	4.0
276386092	456848868	3.0
276410371	456848868	4.0
276410387	456848868	4.0
276410394	456848868	4.0
276386975	456848868	4.0
277846917	456848868	4.0
284834273	456848868	4.0
281702287	456848868	4.0
277850399	456848868	4.0
185014540	185014540	0
280345291	185014540	4.0
280345292	185014540	4.0
280345293	185014540	4.0
280345294	185014540	4.0
276410876	185014540	4.0
281697474	185014540	5.0
276408081	185014540	4.0
277849207	185014540	4.0
277831648	185014540	4.0
485949002	185014540	4.0
276404390	185014540	4.0
276408747	185014540	4.0
315403295	185014540	4.0
315403486	185014540	4.0
332668333	185014540	1.0
332668334	185014540	4.0
332668429	185014540	4.0
332668430	185014540	4.0
315403487	185014540	4.0
315403488	185014540	4.0
258828588	185014540	4.0
281707541	185014540	5.0
485951742	185014540	4.0
533922844	185014540	4.0
276386092	185014540	5.0
276410371	185014540	4.0
276410387	185014540	4.0
276410394	185014540	4.0
276386975	185014540	4.0
277846917	185014540	4.0
284834273	185014540	4.0
281702287	185014540	5.0
277850399	185014540	4.0
280345291	280345291	0
280345292	280345291	0.0
280345293	280345291	0.0
280345294	280345291	0.0
276410876	280345291	4.0
281697474	280345291	4.0
276408081	280345291	3.0
277849207	280345291	1.0
277831648	280345291	2.0
485949002	280345291	4.0
276404390	280345291	4.0
276408747	280345291	4.0
315403295	280345291	2.0
315403486	280345291	2.0
332668333	280345291	4.0
332668334	280345291	3.0
332668429	280345291	3.0
332668430	280345291	3.0
315403487	280345291	2.0
315403488	280345291	3.0
258828588	280345291	4.0
281707541	280345291	4.0
485951742	280345291	4.0
533922844	280345291	2.0
276386092	280345291	5.0
276410371	280345291	4.0
276410387	280345291	4.0
276410394	280345291	4.0
276386975	280345291	4.0
277846917	280345291	4.0
284834273	280345291	4.0
281702287	280345291	4.0
277850399	280345291	2.0
280345292	280345292	0
280345293	280345292	0.0
280345294	280345292	0.0
276410876	280345292	4.0
281697474	280345292	4.0
276408081	280345292	4.0
277849207	280345292	1.0
277831648	280345292	2.0
485949002	280345292	4.0
276404390	280345292	4.0
276408747	280345292	4.0
315403295	280345292	2.0
315403486	280345292	2.0
332668333	280345292	4.0
332668334	280345292	3.0
332668429	280345292	3.0
332668430	280345292	3.0
315403487	280345292	1.0
315403488	280345292	3.0
258828588	280345292	4.0
281707541	280345292	4.0
485951742	280345292	4.0
533922844	280345292	1.0
276386092	280345292	5.0
276410371	280345292	4.0
276410387	280345292	4.0
276410394	280345292	4.0
276386975	280345292	4.0
277846917	280345292	4.0
284834273	280345292	4.0
281702287	280345292	4.0
277850399	280345292	2.0
280345293	280345293	0
280345294	280345293	1.0
276410876	280345293	4.0
281697474	280345293	4.0
276408081	280345293	3.0
277849207	280345293	1.0
277831648	280345293	2.0
485949002	280345293	4.0
276404390	280345293	4.0
276408747	280345293	4.0
315403295	280345293	2.0
315403486	280345293	2.0
332668333	280345293	4.0
332668334	280345293	3.0
332668429	280345293	3.0
332668430	280345293	3.0
315403487	280345293	2.0
315403488	280345293	3.0
258828588	280345293	4.0
281707541	280345293	4.0
485951742	280345293	4.0
533922844	280345293	2.0
276386092	280345293	5.0
276410371	280345293	4.0
276410387	280345293	4.0
276410394	280345293	4.0
276386975	280345293	4.0
277846917	280345293	4.0
284834273	280345293	4.0
281702287	280345293	4.0
277850399	280345293	2.0
280345294	280345294	0
276410876	280345294	4.0
281697474	280345294	4.0
276408081	280345294	4.0
277849207	280345294	0.0
277831648	280345294	3.0
485949002	280345294	4.0
276404390	280345294	4.0
276408747	280345294	4.0
315403295	280345294	2.0
315403486	280345294	2.0
332668333	280345294	4.0
332668334	280345294	3.0
332668429	280345294	3.0
332668430	280345294	3.0
315403487	280345294	2.0
315403488	280345294	3.0
258828588	280345294	4.0
281707541	280345294	4.0
485951742	280345294	4.0
533922844	280345294	2.0
276386092	280345294	5.0
276410371	280345294	4.0
276410387	280345294	4.0
276410394	280345294	4.0
276386975	280345294	4.0
277846917	280345294	4.0
284834273	280345294	4.0
281702287	280345294	4.0
277850399	280345294	2.0
276410876	276410876	0
281697474	276410876	4.0
276408081	276410876	3.0
277849207	276410876	4.0
277831648	276410876	4.0
485949002	276410876	2.0
276404390	276410876	2.0
276408747	276410876	1.0
315403295	276410876	4.0
315403486	276410876	4.0
332668333	276410876	4.0
332668334	276410876	5.0
332668429	276410876	5.0
332668430	276410876	5.0
315403487	276410876	4.0
315403488	276410876	4.0
258828588	276410876	2.0
281707541	276410876	4.0
485951742	276410876	2.0
533922844	276410876	4.0
276386092	276410876	3.0
276410371	276410876	2.0
276410387	276410876	3.0
276410394	276410876	3.0
276386975	276410876	2.0
277846917	276410876	3.0
284834273	276410876	2.0
281702287	276410876	4.0
277850399	276410876	4.0
281697474	281697474	0
276408081	281697474	4.0
277849207	281697474	4.0
277831648	281697474	4.0
485949002	281697474	4.0
276404390	281697474	4.0
276408747	281697474	4.0
315403295	281697474	4.0
315403486	281697474	4.0
332668333	281697474	5.0
332668334	281697474	5.0
332668429	281697474	5.0
332668430	281697474	5.0
315403487	281697474	4.0
315403488	281697474	4.0
258828588	281697474	4.0
281707541	281697474	3.0
485951742	281697474	4.0
533922844	281697474	4.0
276386092	281697474	4.0
276410371	281697474	4.0
276410387	281697474	4.0
276410394	281697474	4.0
276386975	281697474	4.0
277846917	281697474	4.0
284834273	281697474	4.0
281702287	281697474	2.0
277850399	281697474	4.0
276408081	276408081	0
277849207	276408081	3.0
277831648	276408081	4.0
485949002	276408081	3.0
276404390	276408081	2.0
276408747	276408081	3.0
315403295	276408081	3.0
315403486	276408081	3.0
332668333	276408081	4.0
332668334	276408081	4.0
332668429	276408081	4.0
332668430	276408081	4.0
315403487	276408081	3.0
315403488	276408081	3.0
258828588	276408081	3.0
281707541	276408081	4.0
485951742	276408081	3.0
533922844	276408081	3.0
276386092	276408081	4.0
276410371	276408081	2.0
276410387	276408081	2.0
276410394	276408081	2.0
276386975	276408081	3.0
277846917	276408081	2.0
284834273	276408081	3.0
281702287	276408081	4.0
277850399	276408081	3.0
277849207	277849207	0
277831648	277849207	3.0
485949002	277849207	4.0
276404390	277849207	4.0
276408747	277849207	4.0
315403295	277849207	2.0
315403486	277849207	2.0
332668333	277849207	4.0
332668334	277849207	3.0
332668429	277849207	3.0
332668430	277849207	3.0
315403487	277849207	2.0
315403488	277849207	3.0
258828588	277849207	4.0
281707541	277849207	4.0
485951742	277849207	4.0
533922844	277849207	2.0
276386092	277849207	4.0
276410371	277849207	4.0
276410387	277849207	4.0
276410394	277849207	4.0
276386975	277849207	4.0
277846917	277849207	4.0
284834273	277849207	4.0
281702287	277849207	4.0
277850399	277849207	2.0
277831648	277831648	0
485949002	277831648	4.0
276404390	277831648	4.0
276408747	277831648	4.0
315403295	277831648	3.0
315403486	277831648	3.0
332668333	277831648	4.0
332668334	277831648	3.0
332668429	277831648	3.0
332668430	277831648	3.0
315403487	277831648	3.0
315403488	277831648	3.0
258828588	277831648	4.0
281707541	277831648	4.0
485951742	277831648	4.0
533922844	277831648	3.0
276386092	277831648	5.0
276410371	277831648	4.0
276410387	277831648	4.0
276410394	277831648	4.0
276386975	277831648	4.0
277846917	277831648	4.0
284834273	277831648	4.0
281702287	277831648	4.0
277850399	277831648	3.0
485949002	485949002	0
276404390	485949002	3.0
276408747	485949002	3.0
315403295	485949002	4.0
315403486	485949002	4.0
332668333	485949002	4.0
332668334	485949002	5.0
332668429	485949002	4.0
332668430	485949002	4.0
315403487	485949002	4.0
315403488	485949002	4.0
258828588	485949002	0.0
281707541	485949002	4.0
485951742	485949002	0.0
533922844	485949002	4.0
276386092	485949002	3.0
276410371	485949002	3.0
276410387	485949002	3.0
276410394	485949002	3.0
276386975	485949002	0.0
277846917	485949002	3.0
284834273	485949002	1.0
281702287	485949002	4.0
277850399	485949002	4.0
276404390	276404390	0
276408747	276404390	2.0
315403295	276404390	3.0
315403486	276404390	3.0
332668333	276404390	4.0
332668334	276404390	4.0
332668429	276404390	4.0
332668430	276404390	4.0
315403487	276404390	4.0
315403488	276404390	3.0
258828588	276404390	3.0
281707541	276404390	4.0
485951742	276404390	3.0
533922844	276404390	4.0
276386092	276404390	3.0
276410371	276404390	0.0
276410387	276404390	1.0
276410394	276404390	1.0
276386975	276404390	3.0
277846917	276404390	1.0
284834273	276404390	2.0
281702287	276404390	4.0
277850399	276404390	3.0
276408747	276408747	0
315403295	276408747	4.0
315403486	276408747	4.0
332668333	276408747	4.0
332668334	276408747	5.0
332668429	276408747	5.0
332668430	276408747	5.0
315403487	276408747	4.0
315403488	276408747	4.0
258828588	276408747	3.0
281707541	276408747	4.0
485951742	276408747	3.0
533922844	276408747	4.0
276386092	276408747	3.0
276410371	276408747	2.0
276410387	276408747	2.0
276410394	276408747	2.0
276386975	276408747	3.0
277846917	276408747	2.0
284834273	276408747	3.0
281702287	276408747	5.0
277850399	276408747	4.0
315403295	315403295	0
315403486	315403295	0.0
332668333	315403295	4.0
332668334	315403295	4.0
332668429	315403295	4.0
332668430	315403295	4.0
315403487	315403295	0.0
315403488	315403295	1.0
258828588	315403295	4.0
281707541	315403295	4.0
485951742	315403295	4.0
533922844	315403295	1.0
276386092	315403295	4.0
276410371	315403295	3.0
276410387	315403295	4.0
276410394	315403295	4.0
276386975	315403295	4.0
277846917	315403295	4.0
284834273	315403295	4.0
281702287	315403295	4.0
277850399	315403295	1.0
315403486	315403486	0
332668333	315403486	4.0
332668334	315403486	4.0
332668429	315403486	4.0
332668430	315403486	4.0
315403487	315403486	1.0
315403488	315403486	2.0
258828588	315403486	4.0
281707541	315403486	3.0
485951742	315403486	4.0
533922844	315403486	1.0
276386092	315403486	4.0
276410371	315403486	3.0
276410387	315403486	3.0
276410394	315403486	3.0
276386975	315403486	4.0
277846917	315403486	3.0
284834273	315403486	3.0
281702287	315403486	4.0
277850399	315403486	0.0
332668333	332668333	0
332668334	332668333	4.0
332668429	332668333	4.0
332668430	332668333	4.0
315403487	332668333	4.0
315403488	332668333	4.0
258828588	332668333	4.0
281707541	332668333	5.0
485951742	332668333	4.0
533922844	332668333	4.0
276386092	332668333	5.0
276410371	332668333	4.0
276410387	332668333	4.0
276410394	332668333	4.0
276386975	332668333	4.0
277846917	332668333	4.0
284834273	332668333	4.0
281702287	332668333	5.0
277850399	332668333	4.0
332668334	332668334	0
332668429	332668334	0.0
332668430	332668334	0.0
315403487	332668334	4.0
315403488	332668334	4.0
258828588	332668334	5.0
281707541	332668334	5.0
485951742	332668334	5.0
533922844	332668334	4.0
276386092	332668334	5.0
276410371	332668334	4.0
276410387	332668334	4.0
276410394	332668334	4.0
276386975	332668334	5.0
277846917	332668334	4.0
284834273	332668334	4.0
281702287	332668334	5.0
277850399	332668334	3.0
332668429	332668429	0
332668430	332668429	0.0
315403487	332668429	4.0
315403488	332668429	4.0
258828588	332668429	4.0
281707541	332668429	5.0
485951742	332668429	5.0
533922844	332668429	4.0
276386092	332668429	5.0
276410371	332668429	4.0
276410387	332668429	4.0
276410394	332668429	4.0
276386975	332668429	5.0
277846917	332668429	4.0
284834273	332668429	4.0
281702287	332668429	5.0
277850399	332668429	4.0
332668430	332668430	0
315403487	332668430	4.0
315403488	332668430	4.0
258828588	332668430	4.0
281707541	332668430	5.0
485951742	332668430	5.0
533922844	332668430	4.0
276386092	332668430	5.0
276410371	332668430	4.0
276410387	332668430	4.0
276410394	332668430	4.0
276386975	332668430	5.0
277846917	332668430	4.0
284834273	332668430	4.0
281702287	332668430	5.0
277850399	332668430	4.0
315403487	315403487	0
315403488	315403487	2.0
258828588	315403487	4.0
281707541	315403487	4.0
485951742	315403487	4.0
533922844	315403487	0.0
276386092	315403487	5.0
276410371	315403487	4.0
276410387	315403487	4.0
276410394	315403487	4.0
276386975	315403487	4.0
277846917	315403487	4.0
284834273	315403487	4.0
281702287	315403487	4.0
277850399	315403487	2.0
315403488	315403488	0
258828588	315403488	4.0
281707541	315403488	3.0
485951742	315403488	4.0
533922844	315403488	2.0
276386092	315403488	4.0
276410371	315403488	3.0
276410387	315403488	4.0
276410394	315403488	4.0
276386975	315403488	4.0
277846917	315403488	4.0
284834273	315403488	4.0
281702287	315403488	4.0
277850399	315403488	1.0
258828588	258828588	0
281707541	258828588	4.0
485951742	258828588	0.0
533922844	258828588	4.0
276386092	258828588	3.0
276410371	258828588	3.0
276410387	258828588	3.0
276410394	258828588	3.0
276386975	258828588	0.0
277846917	258828588	3.0
284834273	258828588	1.0
281702287	258828588	4.0
277850399	258828588	4.0
281707541	281707541	0
485951742	281707541	4.0
533922844	281707541	4.0
276386092	281707541	4.0
276410371	281707541	4.0
276410387	281707541	4.0
276410394	281707541	4.0
276386975	281707541	4.0
277846917	281707541	4.0
284834273	281707541	4.0
281702287	281707541	2.0
277850399	281707541	4.0
485951742	485951742	0
533922844	485951742	4.0
276386092	485951742	2.0
276410371	485951742	3.0
276410387	485951742	3.0
276410394	485951742	3.0
276386975	485951742	0.0
277846917	485951742	3.0
284834273	485951742	1.0
281702287	485951742	4.0
277850399	485951742	4.0
533922844	533922844	0
276386092	533922844	4.0
276410371	533922844	4.0
276410387	533922844	4.0
276410394	533922844	4.0
276386975	533922844	4.0
277846917	533922844	4.0
284834273	533922844	4.0
281702287	533922844	4.0
277850399	533922844	2.0
276386092	276386092	0
276410371	276386092	4.0
276410387	276386092	4.0
276410394	276386092	4.0
276386975	276386092	2.0
277846917	276386092	4.0
284834273	276386092	3.0
281702287	276386092	4.0
277850399	276386092	4.0
276410371	276410371	0
276410387	276410371	1.0
276410394	276410371	1.0
276386975	276410371	3.0
277846917	276410371	0.0
284834273	276410371	3.0
281702287	276410371	4.0
277850399	276410371	3.0
276410387	276410387	0
276410394	276410387	0.0
276386975	276410387	3.0
277846917	276410387	1.0
284834273	276410387	3.0
281702287	276410387	5.0
277850399	276410387	3.0
276410394	276410394	0
276386975	276410394	3.0
277846917	276410394	0.0
284834273	276410394	3.0
281702287	276410394	5.0
277850399	276410394	3.0
276386975	276386975	0
277846917	276386975	3.0
284834273	276386975	1.0
281702287	276386975	4.0
277850399	276386975	4.0
277846917	277846917	0
284834273	277846917	3.0
281702287	277846917	5.0
277850399	277846917	3.0
284834273	284834273	0
281702287	284834273	4.0
277850399	284834273	3.0
281702287	281702287	0
277850399	281702287	4.0
277850399	277850399	0
