561597553	[-132,120.0,12.0]	40.8153286	-73.83832126	0.22874896267422493	0.07576494348206346	0.7642435466677059	0.0002982740277708325	0.8236559139784946	0.4041718682213782
620715471	[-153,120.0,33.0]	40.810936299999995	-73.83835226	0.22874896267422493	0.07576494348206346	0.7642435466677059	0.0002982740277708325	0.8236559139784946	0.4041718682213782
620715472	[-161,114.0,47.0]	40.808761520000004	-73.83728084	0.22874896267422493	0.07576494348206346	0.7642435466677059	0.0002982740277708325	0.8236559139784946	0.4041718682213782
620715473	[-157,120.0,37.0]	40.810121800000005	-73.83831812	0.22874896267422493	0.07576494348206346	0.7642435466677059	0.0002982740277708325	0.8236559139784946	0.4041718682213782
620715474	[-160,118.0,42.0]	40.8093061	-73.8380126	0.22874896267422493	0.07576494348206346	0.7642435466677059	0.0002982740277708325	0.8236559139784946	0.4041718682213782
620715475	[-157,114.0,43.0]	40.80962066	-73.8372013	0.22874896267422493	0.07576494348206346	0.7642435466677059	0.0002982740277708325	0.8236559139784946	0.4041718682213782
620715476	[-154,115.0,39.0]	40.810230860000004	-73.8373304	0.22874896267422493	0.07576494348206346	0.7642435466677059	0.0002982740277708325	0.8236559139784946	0.4041718682213782
109969361	[-76,114.0,-38.0]	40.8261780125	-73.8372411375	0.22874896267422493	0.07576494348206346	0.7642435466677059	0.0002982740277708325	0.8236559139784946	0.4041718682213782
527864363	[-84,126.0,-42.0]	40.82572728	-73.83932372	0.22874896267422493	0.07576494348206346	0.7642435466677059	0.0002982740277708325	0.8236559139784946	0.4041718682213782
63406894	[-65,42.0,23.0]	40.821046566666666	-73.82441123333334	0.22874896267422493	0.07576494348206346	0.7642435466677059	0.0002982740277708325	0.8236559139784946	0.4041718682213782
285039677	[-55,34.0,21.0]	40.82229934	-73.82298768	0.22874896267422493	0.07576494348206346	0.7642435466677059	0.0002982740277708325	0.8236559139784946	0.4041718682213782
285047236	[-72,51.0,21.0]	40.82046822	-73.82607536	0.22874896267422493	0.07576494348206346	0.7642435466677059	0.0002982740277708325	0.8236559139784946	0.4041718682213782
109969362	[-72,103.0,-31.0]	40.82587167	-73.83536895	0.22874896267422493	0.07576494348206346	0.7642435466677059	0.0002982740277708325	0.8236559139784946	0.4041718682213782
570789602	[-50,68.0,-18.0]	40.826812239999995	-73.8290526	0.22874896267422493	0.07576494348206346	0.7642435466677059	0.0002982740277708325	0.8236559139784946	0.4041718682213782
285037788	[76,34.0,-110.0]	40.849147927272725	-73.82292076060605	0.22874896267422493	0.07576494348206346	0.7642435466677059	0.0002982740277708325	0.8236559139784946	0.4041718682213782
185149887	[80,34.0,-114.0]	40.8499299	-73.82303643333334	0.22874896267422493	0.07576494348206346	0.7642435466677059	0.0002982740277708325	0.8236559139784946	0.4041718682213782
185149889	[76,39.0,-115.0]	40.8495774	-73.8238529	0.22874896267422493	0.07576494348206346	0.7642435466677059	0.0002982740277708325	0.8236559139784946	0.4041718682213782
185149996	[77,52.0,-129.0]	40.85123702727273	-73.8261613181818	0.22874896267422493	0.07576494348206346	0.7642435466677059	0.0002982740277708325	0.8236559139784946	0.4041718682213782
63406762	[-54,-33.0,87.0]	40.81559591538461	-73.81112475384614	0.22874896267422493	0.07576494348206346	0.7642435466677059	0.0002982740277708325	0.8236559139784946	0.4041718682213782
63406751	[-52,-31.0,83.0]	40.816242412499996	-73.81150699999999	0.22874896267422493	0.07576494348206346	0.7642435466677059	0.0002982740277708325	0.8236559139784946	0.4041718682213782
282112650	[-38,-48.0,86.0]	40.81734015714286	-73.80834262857145	0.22874896267422493	0.07576494348206346	0.7642435466677059	0.0002982740277708325	0.8236559139784946	0.4041718682213782
282112665	[-37,-47.0,84.0]	40.81767454444444	-73.80860460000001	0.22874896267422493	0.07576494348206346	0.7642435466677059	0.0002982740277708325	0.8236559139784946	0.4041718682213782
596255062	[-55,-103.0,158.0]	40.808135687500005	-73.79869283125001	0.22874896267422493	0.07576494348206346	0.7642435466677059	0.0002982740277708325	0.8236559139784946	0.4041718682213782
282108188	[-86,14.0,72.0]	40.8138621	-73.81940996666668	0.22874896267422493	0.07576494348206346	0.7642435466677059	0.0002982740277708325	0.8236559139784946	0.4041718682213782
282112425	[-56,-24.0,80.0]	40.816126191428566	-73.81278549428573	0.22874896267422493	0.07576494348206346	0.7642435466677059	0.0002982740277708325	0.8236559139784946	0.4041718682213782
282133985	[58,-3.0,-55.0]	40.84169375454545	-73.81642462424242	0.22874896267422493	0.07576494348206346	0.7642435466677059	0.0002982740277708325	0.8236559139784946	0.4041718682213782
628643575	[-97,30.0,67.0]	40.81315526	-73.82223876	0.22874896267422493	0.07576494348206346	0.7642435466677059	0.0002982740277708325	0.8236559139784946	0.4041718682213782
63406803	[-63,47.0,16.0]	40.821977617647065	-73.82525653529412	0.22874896267422493	0.07576494348206346	0.7642435466677059	0.0002982740277708325	0.8236559139784946	0.4041718682213782
63406831	[-69,45.0,24.0]	40.820568433333335	-73.82500493333333	0.22874896267422493	0.07576494348206346	0.7642435466677059	0.0002982740277708325	0.8236559139784946	0.4041718682213782
63406698	[-65,-11.0,76.0]	40.815649175000004	-73.81507500000001	0.22874896267422493	0.07576494348206346	0.7642435466677059	0.0002982740277708325	0.8236559139784946	0.4041718682213782
531480623	[-64,-36.0,100.0]	40.81318260769231	-73.81060201538463	0.22874896267422493	0.07576494348206346	0.7642435466677059	0.0002982740277708325	0.8236559139784946	0.4041718682213782
306777600	[-25,-20.0,45.0]	40.82293090000001	-73.81338369090909	0.22874896267422493	0.07576494348206346	0.7642435466677059	0.0002982740277708325	0.8236559139784946	0.4041718682213782
531482855	[-17,-36.0,53.0]	40.822858361538465	-73.81052174615385	0.22874896267422493	0.07576494348206346	0.7642435466677059	0.0002982740277708325	0.8236559139784946	0.4041718682213782
587072221	[-41,17.0,24.0]	40.8233502	-73.8200086	0.22874896267422493	0.07576494348206346	0.7642435466677059	0.0002982740277708325	0.8236559139784946	0.4041718682213782
282124799	[-11,20.0,-9.0]	40.82983236	-73.82040104000001	0.22874896267422493	0.07576494348206346	0.7642435466677059	0.0002982740277708325	0.8236559139784946	0.4041718682213782
185149998	[77,26.0,-103.0]	40.848464879999995	-73.82152920800002	0.22874896267422493	0.07576494348206346	0.7642435466677059	0.0002982740277708325	0.8236559139784946	0.4041718682213782
413619428	[-26,-75.0,101.0]	40.817005918518525	-73.80368977777778	0.22874896267422493	0.07576494348206346	0.7642435466677059	0.0002982740277708325	0.8236559139784946	0.4041718682213782
413619441	[-28,-70.0,98.0]	40.817161931818184	-73.80451270909091	0.22874896267422493	0.07576494348206346	0.7642435466677059	0.0002982740277708325	0.8236559139784946	0.4041718682213782
413619448	[-29,-65.0,94.0]	40.817413192857146	-73.80536921428572	0.22874896267422493	0.07576494348206346	0.7642435466677059	0.0002982740277708325	0.8236559139784946	0.4041718682213782
282117785	[-41,12.0,29.0]	40.82285460666667	-73.81909760333335	0.22874896267422493	0.07576494348206346	0.7642435466677059	0.0002982740277708325	0.8236559139784946	0.4041718682213782
429027547	[-88,115.0,-27.0]	40.823780544444446	-73.83733634444445	0.22874896267422493	0.07576494348206346	0.7642435466677059	0.0002982740277708325	0.8236559139784946	0.4041718682213782
282106373	[-78,128.0,-50.0]	40.82717255499999	-73.839581215	0.22874896267422493	0.07576494348206346	0.7642435466677059	0.0002982740277708325	0.8236559139784946	0.4041718682213782
282115972	[-29,-40.0,69.0]	40.81994658	-73.80994791999998	0.22874896267422493	0.07576494348206346	0.7642435466677059	0.0002982740277708325	0.8236559139784946	0.4041718682213782
282112421	[-61,-22.0,83.0]	40.8152164673077	-73.81303075384616	0.22874896267422493	0.07576494348206346	0.7642435466677059	0.0002982740277708325	0.8236559139784946	0.4041718682213782
282112637	[-47,-140.0,187.0]	40.80608215714285	-73.7920893	0.22874896267422493	0.07576494348206346	0.7642435466677059	0.0002982740277708325	0.8236559139784946	0.4041718682213782
561597553	561597553	0
620715471	561597553	2.0
620715472	561597553	5.0
620715473	561597553	2.0
620715474	561597553	2.0
620715475	561597553	2.0
620715476	561597553	2.0
109969361	561597553	3.0
527864363	561597553	3.0
63406894	561597553	4.0
285039677	561597553	5.0
285047236	561597553	4.0
109969362	561597553	4.0
570789602	561597553	4.0
285037788	561597553	5.0
185149887	561597553	5.0
185149889	561597553	5.0
185149996	561597553	5.0
63406762	561597553	5.0
63406751	561597553	5.0
282112650	561597553	5.0
282112665	561597553	5.0
596255062	561597553	5.0
282108188	561597553	5.0
282112425	561597553	5.0
282133985	561597553	5.0
628643575	561597553	5.0
63406803	561597553	4.0
63406831	561597553	4.0
63406698	561597553	5.0
531480623	561597553	5.0
306777600	561597553	5.0
531482855	561597553	5.0
587072221	561597553	4.0
282124799	561597553	4.0
185149998	561597553	5.0
413619428	561597553	5.0
413619441	561597553	5.0
413619448	561597553	5.0
282117785	561597553	4.0
429027547	561597553	3.0
282106373	561597553	3.0
282115972	561597553	5.0
282112421	561597553	5.0
282112637	561597553	5.0
620715471	620715471	0
620715472	620715471	5.0
620715473	620715471	0.0
620715474	620715471	0.0
620715475	620715471	0.0
620715476	620715471	0.0
109969361	620715471	4.0
527864363	620715471	4.0
63406894	620715471	5.0
285039677	620715471	4.0
285047236	620715471	5.0
109969362	620715471	4.0
570789602	620715471	4.0
285037788	620715471	5.0
185149887	620715471	5.0
185149889	620715471	5.0
185149996	620715471	5.0
63406762	620715471	5.0
63406751	620715471	5.0
282112650	620715471	5.0
282112665	620715471	5.0
596255062	620715471	5.0
282108188	620715471	5.0
282112425	620715471	5.0
282133985	620715471	5.0
628643575	620715471	5.0
63406803	620715471	5.0
63406831	620715471	5.0
63406698	620715471	5.0
531480623	620715471	5.0
306777600	620715471	5.0
531482855	620715471	5.0
587072221	620715471	4.0
282124799	620715471	5.0
185149998	620715471	5.0
413619428	620715471	5.0
413619441	620715471	5.0
413619448	620715471	5.0
282117785	620715471	4.0
429027547	620715471	3.0
282106373	620715471	4.0
282115972	620715471	5.0
282112421	620715471	5.0
282112637	620715471	5.0
620715472	620715472	0
620715473	620715472	5.0
620715474	620715472	5.0
620715475	620715472	5.0
620715476	620715472	5.0
109969361	620715472	4.0
527864363	620715472	4.0
63406894	620715472	5.0
285039677	620715472	5.0
285047236	620715472	5.0
109969362	620715472	6.0
570789602	620715472	4.0
285037788	620715472	5.0
185149887	620715472	5.0
185149889	620715472	5.0
185149996	620715472	5.0
63406762	620715472	5.0
63406751	620715472	5.0
282112650	620715472	5.0
282112665	620715472	5.0
596255062	620715472	5.0
282108188	620715472	5.0
282112425	620715472	5.0
282133985	620715472	5.0
628643575	620715472	5.0
63406803	620715472	5.0
63406831	620715472	5.0
63406698	620715472	5.0
531480623	620715472	5.0
306777600	620715472	5.0
531482855	620715472	5.0
587072221	620715472	5.0
282124799	620715472	5.0
185149998	620715472	5.0
413619428	620715472	5.0
413619441	620715472	5.0
413619448	620715472	5.0
282117785	620715472	5.0
429027547	620715472	4.0
282106373	620715472	4.0
282115972	620715472	5.0
282112421	620715472	5.0
282112637	620715472	6.0
620715473	620715473	0
620715474	620715473	0.0
620715475	620715473	0.0
620715476	620715473	0.0
109969361	620715473	4.0
527864363	620715473	4.0
63406894	620715473	5.0
285039677	620715473	4.0
285047236	620715473	5.0
109969362	620715473	4.0
570789602	620715473	4.0
285037788	620715473	5.0
185149887	620715473	5.0
185149889	620715473	5.0
185149996	620715473	5.0
63406762	620715473	5.0
63406751	620715473	5.0
282112650	620715473	5.0
282112665	620715473	5.0
596255062	620715473	5.0
282108188	620715473	5.0
282112425	620715473	5.0
282133985	620715473	5.0
628643575	620715473	5.0
63406803	620715473	5.0
63406831	620715473	5.0
63406698	620715473	5.0
531480623	620715473	5.0
306777600	620715473	5.0
531482855	620715473	5.0
587072221	620715473	4.0
282124799	620715473	5.0
185149998	620715473	5.0
413619428	620715473	5.0
413619441	620715473	5.0
413619448	620715473	5.0
282117785	620715473	5.0
429027547	620715473	3.0
282106373	620715473	4.0
282115972	620715473	5.0
282112421	620715473	5.0
282112637	620715473	5.0
620715474	620715474	0
620715475	620715474	0.0
620715476	620715474	0.0
109969361	620715474	4.0
527864363	620715474	4.0
63406894	620715474	5.0
285039677	620715474	4.0
285047236	620715474	5.0
109969362	620715474	4.0
570789602	620715474	4.0
285037788	620715474	5.0
185149887	620715474	5.0
185149889	620715474	5.0
185149996	620715474	5.0
63406762	620715474	5.0
63406751	620715474	5.0
282112650	620715474	5.0
282112665	620715474	5.0
596255062	620715474	5.0
282108188	620715474	5.0
282112425	620715474	5.0
282133985	620715474	5.0
628643575	620715474	5.0
63406803	620715474	5.0
63406831	620715474	5.0
63406698	620715474	5.0
531480623	620715474	5.0
306777600	620715474	5.0
531482855	620715474	5.0
587072221	620715474	4.0
282124799	620715474	5.0
185149998	620715474	5.0
413619428	620715474	5.0
413619441	620715474	5.0
413619448	620715474	5.0
282117785	620715474	5.0
429027547	620715474	4.0
282106373	620715474	4.0
282115972	620715474	5.0
282112421	620715474	5.0
282112637	620715474	6.0
620715475	620715475	0
620715476	620715475	0.0
109969361	620715475	4.0
527864363	620715475	4.0
63406894	620715475	5.0
285039677	620715475	4.0
285047236	620715475	5.0
109969362	620715475	4.0
570789602	620715475	4.0
285037788	620715475	5.0
185149887	620715475	5.0
185149889	620715475	5.0
185149996	620715475	5.0
63406762	620715475	5.0
63406751	620715475	5.0
282112650	620715475	5.0
282112665	620715475	5.0
596255062	620715475	5.0
282108188	620715475	5.0
282112425	620715475	5.0
282133985	620715475	5.0
628643575	620715475	5.0
63406803	620715475	5.0
63406831	620715475	5.0
63406698	620715475	5.0
531480623	620715475	5.0
306777600	620715475	5.0
531482855	620715475	5.0
587072221	620715475	4.0
282124799	620715475	5.0
185149998	620715475	5.0
413619428	620715475	5.0
413619441	620715475	5.0
413619448	620715475	5.0
282117785	620715475	5.0
429027547	620715475	4.0
282106373	620715475	4.0
282115972	620715475	5.0
282112421	620715475	5.0
282112637	620715475	6.0
620715476	620715476	0
109969361	620715476	4.0
527864363	620715476	4.0
63406894	620715476	5.0
285039677	620715476	4.0
285047236	620715476	5.0
109969362	620715476	4.0
570789602	620715476	4.0
285037788	620715476	5.0
185149887	620715476	5.0
185149889	620715476	5.0
185149996	620715476	5.0
63406762	620715476	5.0
63406751	620715476	5.0
282112650	620715476	5.0
282112665	620715476	5.0
596255062	620715476	5.0
282108188	620715476	5.0
282112425	620715476	5.0
282133985	620715476	5.0
628643575	620715476	5.0
63406803	620715476	5.0
63406831	620715476	5.0
63406698	620715476	5.0
531480623	620715476	5.0
306777600	620715476	5.0
531482855	620715476	5.0
587072221	620715476	4.0
282124799	620715476	5.0
185149998	620715476	5.0
413619428	620715476	5.0
413619441	620715476	5.0
413619448	620715476	5.0
282117785	620715476	5.0
429027547	620715476	4.0
282106373	620715476	4.0
282115972	620715476	5.0
282112421	620715476	5.0
282112637	620715476	6.0
109969361	109969361	0
527864363	109969361	2.0
63406894	109969361	4.0
285039677	109969361	3.0
285047236	109969361	4.0
109969362	109969361	5.0
570789602	109969361	3.0
285037788	109969361	5.0
185149887	109969361	5.0
185149889	109969361	5.0
185149996	109969361	5.0
63406762	109969361	5.0
63406751	109969361	4.0
282112650	109969361	5.0
282112665	109969361	4.0
596255062	109969361	5.0
282108188	109969361	4.0
282112425	109969361	4.0
282133985	109969361	5.0
628643575	109969361	4.0
63406803	109969361	4.0
63406831	109969361	4.0
63406698	109969361	4.0
531480623	109969361	4.0
306777600	109969361	5.0
531482855	109969361	5.0
587072221	109969361	4.0
282124799	109969361	4.0
185149998	109969361	5.0
413619428	109969361	5.0
413619441	109969361	4.0
413619448	109969361	5.0
282117785	109969361	4.0
429027547	109969361	1.0
282106373	109969361	1.0
282115972	109969361	4.0
282112421	109969361	4.0
282112637	109969361	5.0
527864363	527864363	0
63406894	527864363	4.0
285039677	527864363	4.0
285047236	527864363	4.0
109969362	527864363	5.0
570789602	527864363	3.0
285037788	527864363	5.0
185149887	527864363	5.0
185149889	527864363	5.0
185149996	527864363	5.0
63406762	527864363	4.0
63406751	527864363	4.0
282112650	527864363	4.0
282112665	527864363	4.0
596255062	527864363	5.0
282108188	527864363	5.0
282112425	527864363	4.0
282133985	527864363	5.0
628643575	527864363	4.0
63406803	527864363	4.0
63406831	527864363	4.0
63406698	527864363	4.0
531480623	527864363	5.0
306777600	527864363	5.0
531482855	527864363	5.0
587072221	527864363	4.0
282124799	527864363	4.0
185149998	527864363	5.0
413619428	527864363	5.0
413619441	527864363	5.0
413619448	527864363	5.0
282117785	527864363	4.0
429027547	527864363	1.0
282106373	527864363	1.0
282115972	527864363	4.0
282112421	527864363	4.0
282112637	527864363	5.0
63406894	63406894	0
285039677	63406894	2.0
285047236	63406894	0.0
109969362	63406894	5.0
570789602	63406894	3.0
285037788	63406894	5.0
185149887	63406894	5.0
185149889	63406894	5.0
185149996	63406894	5.0
63406762	63406894	3.0
63406751	63406894	3.0
282112650	63406894	4.0
282112665	63406894	3.0
596255062	63406894	4.0
282108188	63406894	3.0
282112425	63406894	3.0
282133985	63406894	5.0
628643575	63406894	3.0
63406803	63406894	2.0
63406831	63406894	0.0
63406698	63406894	3.0
531480623	63406894	4.0
306777600	63406894	4.0
531482855	63406894	4.0
587072221	63406894	2.0
282124799	63406894	3.0
185149998	63406894	5.0
413619428	63406894	4.0
413619441	63406894	4.0
413619448	63406894	4.0
282117785	63406894	2.0
429027547	63406894	4.0
282106373	63406894	4.0
282115972	63406894	3.0
282112421	63406894	4.0
282112637	63406894	5.0
285039677	285039677	0
285047236	285039677	2.0
109969362	285039677	5.0
570789602	285039677	3.0
285037788	285039677	5.0
185149887	285039677	5.0
185149889	285039677	5.0
185149996	285039677	5.0
63406762	285039677	4.0
63406751	285039677	4.0
282112650	285039677	4.0
282112665	285039677	3.0
596255062	285039677	4.0
282108188	285039677	4.0
282112425	285039677	3.0
282133985	285039677	5.0
628643575	285039677	3.0
63406803	285039677	1.0
63406831	285039677	2.0
63406698	285039677	3.0
531480623	285039677	4.0
306777600	285039677	4.0
531482855	285039677	4.0
587072221	285039677	2.0
282124799	285039677	3.0
185149998	285039677	5.0
413619428	285039677	4.0
413619441	285039677	4.0
413619448	285039677	4.0
282117785	285039677	2.0
429027547	285039677	3.0
282106373	285039677	4.0
282115972	285039677	3.0
282112421	285039677	4.0
282112637	285039677	5.0
285047236	285047236	0
109969362	285047236	5.0
570789602	285047236	3.0
285037788	285047236	5.0
185149887	285047236	5.0
185149889	285047236	5.0
185149996	285047236	5.0
63406762	285047236	4.0
63406751	285047236	4.0
282112650	285047236	4.0
282112665	285047236	4.0
596255062	285047236	4.0
282108188	285047236	3.0
282112425	285047236	3.0
282133985	285047236	5.0
628643575	285047236	3.0
63406803	285047236	1.0
63406831	285047236	0.0
63406698	285047236	3.0
531480623	285047236	4.0
306777600	285047236	4.0
531482855	285047236	4.0
587072221	285047236	2.0
282124799	285047236	3.0
185149998	285047236	5.0
413619428	285047236	4.0
413619441	285047236	4.0
413619448	285047236	4.0
282117785	285047236	2.0
429027547	285047236	4.0
282106373	285047236	4.0
282115972	285047236	4.0
282112421	285047236	4.0
282112637	285047236	5.0
109969362	109969362	0
570789602	109969362	5.0
285037788	109969362	4.0
185149887	109969362	5.0
185149889	109969362	5.0
185149996	109969362	5.0
63406762	109969362	5.0
63406751	109969362	5.0
282112650	109969362	5.0
282112665	109969362	5.0
596255062	109969362	6.0
282108188	109969362	5.0
282112425	109969362	5.0
282133985	109969362	4.0
628643575	109969362	5.0
63406803	109969362	5.0
63406831	109969362	5.0
63406698	109969362	5.0
531480623	109969362	6.0
306777600	109969362	5.0
531482855	109969362	5.0
587072221	109969362	5.0
282124799	109969362	5.0
185149998	109969362	5.0
413619428	109969362	6.0
413619441	109969362	5.0
413619448	109969362	6.0
282117785	109969362	5.0
429027547	109969362	5.0
282106373	109969362	5.0
282115972	109969362	5.0
282112421	109969362	5.0
282112637	109969362	6.0
570789602	570789602	0
285037788	570789602	4.0
185149887	570789602	5.0
185149889	570789602	5.0
185149996	570789602	5.0
63406762	570789602	4.0
63406751	570789602	4.0
282112650	570789602	4.0
282112665	570789602	4.0
596255062	570789602	5.0
282108188	570789602	4.0
282112425	570789602	4.0
282133985	570789602	4.0
628643575	570789602	4.0
63406803	570789602	3.0
63406831	570789602	3.0
63406698	570789602	4.0
531480623	570789602	4.0
306777600	570789602	4.0
531482855	570789602	4.0
587072221	570789602	3.0
282124799	570789602	3.0
185149998	570789602	5.0
413619428	570789602	4.0
413619441	570789602	4.0
413619448	570789602	4.0
282117785	570789602	3.0
429027547	570789602	3.0
282106373	570789602	3.0
282115972	570789602	4.0
282112421	570789602	4.0
282112637	570789602	5.0
285037788	285037788	0
185149887	285037788	1.0
185149889	285037788	2.0
185149996	285037788	2.0
63406762	285037788	5.0
63406751	285037788	5.0
282112650	285037788	5.0
282112665	285037788	5.0
596255062	285037788	5.0
282108188	285037788	5.0
282112425	285037788	5.0
282133985	285037788	3.0
628643575	285037788	5.0
63406803	285037788	5.0
63406831	285037788	5.0
63406698	285037788	5.0
531480623	285037788	5.0
306777600	285037788	5.0
531482855	285037788	5.0
587072221	285037788	5.0
282124799	285037788	4.0
185149998	285037788	1.0
413619428	285037788	5.0
413619441	285037788	5.0
413619448	285037788	5.0
282117785	285037788	5.0
429027547	285037788	5.0
282106373	285037788	5.0
282115972	285037788	5.0
282112421	285037788	5.0
282112637	285037788	5.0
185149887	185149887	0
185149889	185149887	0.0
185149996	185149887	1.0
63406762	185149887	5.0
63406751	185149887	5.0
282112650	185149887	5.0
282112665	185149887	5.0
596255062	185149887	5.0
282108188	185149887	5.0
282112425	185149887	5.0
282133985	185149887	3.0
628643575	185149887	5.0
63406803	185149887	5.0
63406831	185149887	5.0
63406698	185149887	5.0
531480623	185149887	5.0
306777600	185149887	5.0
531482855	185149887	5.0
587072221	185149887	5.0
282124799	185149887	4.0
185149998	185149887	1.0
413619428	185149887	5.0
413619441	185149887	5.0
413619448	185149887	5.0
282117785	185149887	5.0
429027547	185149887	5.0
282106373	185149887	5.0
282115972	185149887	5.0
282112421	185149887	5.0
282112637	185149887	6.0
185149889	185149889	0
185149996	185149889	1.0
63406762	185149889	5.0
63406751	185149889	5.0
282112650	185149889	5.0
282112665	185149889	5.0
596255062	185149889	5.0
282108188	185149889	5.0
282112425	185149889	5.0
282133985	185149889	4.0
628643575	185149889	5.0
63406803	185149889	5.0
63406831	185149889	5.0
63406698	185149889	5.0
531480623	185149889	5.0
306777600	185149889	5.0
531482855	185149889	5.0
587072221	185149889	5.0
282124799	185149889	4.0
185149998	185149889	2.0
413619428	185149889	5.0
413619441	185149889	5.0
413619448	185149889	5.0
282117785	185149889	5.0
429027547	185149889	5.0
282106373	185149889	5.0
282115972	185149889	5.0
282112421	185149889	5.0
282112637	185149889	6.0
185149996	185149996	0
63406762	185149996	5.0
63406751	185149996	5.0
282112650	185149996	5.0
282112665	185149996	5.0
596255062	185149996	5.0
282108188	185149996	5.0
282112425	185149996	5.0
282133985	185149996	4.0
628643575	185149996	5.0
63406803	185149996	5.0
63406831	185149996	5.0
63406698	185149996	5.0
531480623	185149996	5.0
306777600	185149996	5.0
531482855	185149996	5.0
587072221	185149996	5.0
282124799	185149996	4.0
185149998	185149996	2.0
413619428	185149996	5.0
413619441	185149996	5.0
413619448	185149996	5.0
282117785	185149996	5.0
429027547	185149996	5.0
282106373	185149996	5.0
282115972	185149996	5.0
282112421	185149996	5.0
282112637	185149996	6.0
63406762	63406762	0
63406751	63406762	0.0
282112650	63406762	1.0
282112665	63406762	2.0
596255062	63406762	3.0
282108188	63406762	3.0
282112425	63406762	1.0
282133985	63406762	5.0
628643575	63406762	3.0
63406803	63406762	4.0
63406831	63406762	4.0
63406698	63406762	2.0
531480623	63406762	2.0
306777600	63406762	3.0
531482855	63406762	3.0
587072221	63406762	3.0
282124799	63406762	4.0
185149998	63406762	5.0
413619428	63406762	3.0
413619441	63406762	2.0
413619448	63406762	2.0
282117785	63406762	3.0
429027547	63406762	4.0
282106373	63406762	5.0
282115972	63406762	2.0
282112421	63406762	1.0
282112637	63406762	4.0
63406751	63406751	0
282112650	63406751	1.0
282112665	63406751	2.0
596255062	63406751	3.0
282108188	63406751	3.0
282112425	63406751	0.0
282133985	63406751	5.0
628643575	63406751	3.0
63406803	63406751	4.0
63406831	63406751	4.0
63406698	63406751	1.0
531480623	63406751	2.0
306777600	63406751	3.0
531482855	63406751	3.0
587072221	63406751	3.0
282124799	63406751	4.0
185149998	63406751	5.0
413619428	63406751	2.0
413619441	63406751	2.0
413619448	63406751	2.0
282117785	63406751	3.0
429027547	63406751	4.0
282106373	63406751	4.0
282115972	63406751	2.0
282112421	63406751	1.0
282112637	63406751	4.0
282112650	282112650	0
282112665	282112650	2.0
596255062	282112650	3.0
282108188	282112650	3.0
282112425	282112650	1.0
282133985	282112650	5.0
628643575	282112650	3.0
63406803	282112650	4.0
63406831	282112650	4.0
63406698	282112650	2.0
531480623	282112650	3.0
306777600	282112650	3.0
531482855	282112650	3.0
587072221	282112650	3.0
282124799	282112650	4.0
185149998	282112650	5.0
413619428	282112650	2.0
413619441	282112650	1.0
413619448	282112650	1.0
282117785	282112650	3.0
429027547	282112650	4.0
282106373	282112650	5.0
282115972	282112650	2.0
282112421	282112650	2.0
282112637	282112650	4.0
282112665	282112665	0
596255062	282112665	3.0
282108188	282112665	3.0
282112425	282112665	2.0
282133985	282112665	5.0
628643575	282112665	4.0
63406803	282112665	4.0
63406831	282112665	3.0
63406698	282112665	3.0
531480623	282112665	3.0
306777600	282112665	3.0
531482855	282112665	3.0
587072221	282112665	3.0
282124799	282112665	4.0
185149998	282112665	5.0
413619428	282112665	2.0
413619441	282112665	1.0
413619448	282112665	1.0
282117785	282112665	3.0
429027547	282112665	4.0
282106373	282112665	5.0
282115972	282112665	1.0
282112421	282112665	3.0
282112637	282112665	4.0
596255062	596255062	0
282108188	596255062	4.0
282112425	596255062	3.0
282133985	596255062	5.0
628643575	596255062	4.0
63406803	596255062	4.0
63406831	596255062	4.0
63406698	596255062	4.0
531480623	596255062	3.0
306777600	596255062	4.0
531482855	596255062	4.0
587072221	596255062	4.0
282124799	596255062	4.0
185149998	596255062	5.0
413619428	596255062	4.0
413619441	596255062	3.0
413619448	596255062	3.0
282117785	596255062	4.0
429027547	596255062	5.0
282106373	596255062	5.0
282115972	596255062	3.0
282112421	596255062	3.0
282112637	596255062	5.0
282108188	282108188	0
282112425	282108188	2.0
282133985	282108188	5.0
628643575	282108188	1.0
63406803	282108188	3.0
63406831	282108188	3.0
63406698	282108188	2.0
531480623	282108188	3.0
306777600	282108188	4.0
531482855	282108188	4.0
587072221	282108188	3.0
282124799	282108188	4.0
185149998	282108188	5.0
413619428	282108188	4.0
413619441	282108188	3.0
413619448	282108188	3.0
282117785	282108188	3.0
429027547	282108188	4.0
282106373	282108188	5.0
282115972	282108188	3.0
282112421	282108188	2.0
282112637	282108188	5.0
282112425	282112425	0
282133985	282112425	5.0
628643575	282112425	3.0
63406803	282112425	4.0
63406831	282112425	3.0
63406698	282112425	1.0
531480623	282112425	2.0
306777600	282112425	3.0
531482855	282112425	3.0
587072221	282112425	3.0
282124799	282112425	4.0
185149998	282112425	5.0
413619428	282112425	3.0
413619441	282112425	2.0
413619448	282112425	2.0
282117785	282112425	3.0
429027547	282112425	4.0
282106373	282112425	4.0
282115972	282112425	2.0
282112421	282112425	1.0
282112637	282112425	4.0
282133985	282133985	0
628643575	282133985	5.0
63406803	282133985	5.0
63406831	282133985	5.0
63406698	282133985	5.0
531480623	282133985	5.0
306777600	282133985	5.0
531482855	282133985	5.0
587072221	282133985	4.0
282124799	282133985	4.0
185149998	282133985	3.0
413619428	282133985	5.0
413619441	282133985	5.0
413619448	282133985	5.0
282117785	282133985	4.0
429027547	282133985	5.0
282106373	282133985	5.0
282115972	282133985	5.0
282112421	282133985	5.0
282112637	282133985	5.0
628643575	628643575	0
63406803	628643575	3.0
63406831	628643575	3.0
63406698	628643575	3.0
531480623	628643575	3.0
306777600	628643575	4.0
531482855	628643575	4.0
587072221	628643575	3.0
282124799	628643575	4.0
185149998	628643575	5.0
413619428	628643575	4.0
413619441	628643575	4.0
413619448	628643575	4.0
282117785	628643575	3.0
429027547	628643575	4.0
282106373	628643575	4.0
282115972	628643575	4.0
282112421	628643575	3.0
282112637	628643575	5.0
63406803	63406803	0
63406831	63406803	2.0
63406698	63406803	3.0
531480623	63406803	4.0
306777600	63406803	4.0
531482855	63406803	4.0
587072221	63406803	3.0
282124799	63406803	3.0
185149998	63406803	5.0
413619428	63406803	4.0
413619441	63406803	4.0
413619448	63406803	4.0
282117785	63406803	3.0
429027547	63406803	4.0
282106373	63406803	4.0
282115972	63406803	4.0
282112421	63406803	4.0
282112637	63406803	5.0
63406831	63406831	0
63406698	63406831	3.0
531480623	63406831	4.0
306777600	63406831	4.0
531482855	63406831	4.0
587072221	63406831	2.0
282124799	63406831	4.0
185149998	63406831	5.0
413619428	63406831	4.0
413619441	63406831	4.0
413619448	63406831	4.0
282117785	63406831	2.0
429027547	63406831	4.0
282106373	63406831	4.0
282115972	63406831	3.0
282112421	63406831	4.0
282112637	63406831	5.0
63406698	63406698	0
531480623	63406698	2.0
306777600	63406698	4.0
531482855	63406698	3.0
587072221	63406698	3.0
282124799	63406698	4.0
185149998	63406698	5.0
413619428	63406698	3.0
413619441	63406698	3.0
413619448	63406698	3.0
282117785	63406698	3.0
429027547	63406698	4.0
282106373	63406698	4.0
282115972	63406698	3.0
282112421	63406698	1.0
282112637	63406698	5.0
531480623	531480623	0
306777600	531480623	4.0
531482855	531480623	4.0
587072221	531480623	3.0
282124799	531480623	4.0
185149998	531480623	5.0
413619428	531480623	3.0
413619441	531480623	3.0
413619448	531480623	3.0
282117785	531480623	3.0
429027547	531480623	4.0
282106373	531480623	5.0
282115972	531480623	3.0
282112421	531480623	1.0
282112637	531480623	5.0
306777600	306777600	0
531482855	306777600	1.0
587072221	306777600	4.0
282124799	306777600	4.0
185149998	306777600	5.0
413619428	306777600	3.0
413619441	306777600	3.0
413619448	306777600	3.0
282117785	306777600	4.0
429027547	306777600	5.0
282106373	306777600	5.0
282115972	306777600	2.0
282112421	306777600	4.0
282112637	306777600	4.0
531482855	531482855	0
587072221	531482855	4.0
282124799	531482855	4.0
185149998	531482855	5.0
413619428	531482855	3.0
413619441	531482855	3.0
413619448	531482855	3.0
282117785	531482855	4.0
429027547	531482855	5.0
282106373	531482855	5.0
282115972	531482855	2.0
282112421	531482855	3.0
282112637	531482855	4.0
587072221	587072221	0
282124799	587072221	3.0
185149998	587072221	5.0
413619428	587072221	4.0
413619441	587072221	3.0
413619448	587072221	3.0
282117785	587072221	0.0
429027547	587072221	4.0
282106373	587072221	4.0
282115972	587072221	3.0
282112421	587072221	3.0
282112637	587072221	5.0
282124799	282124799	0
185149998	282124799	4.0
413619428	282124799	4.0
413619441	282124799	4.0
413619448	282124799	4.0
282117785	282124799	3.0
429027547	282124799	4.0
282106373	282124799	4.0
282115972	282124799	3.0
282112421	282124799	4.0
282112637	282124799	5.0
185149998	185149998	0
413619428	185149998	5.0
413619441	185149998	5.0
413619448	185149998	5.0
282117785	185149998	5.0
429027547	185149998	5.0
282106373	185149998	5.0
282115972	185149998	5.0
282112421	185149998	5.0
282112637	185149998	6.0
413619428	413619428	0
413619441	413619428	0.0
413619448	413619428	0.0
282117785	413619428	4.0
429027547	413619428	5.0
282106373	413619428	5.0
282115972	413619428	3.0
282112421	413619428	3.0
282112637	413619428	4.0
413619441	413619441	0
413619448	413619441	0.0
282117785	413619441	3.0
429027547	413619441	4.0
282106373	413619441	5.0
282115972	413619441	2.0
282112421	413619441	3.0
282112637	413619441	4.0
413619448	413619448	0
282117785	413619448	3.0
429027547	413619448	5.0
282106373	413619448	5.0
282115972	413619448	2.0
282112421	413619448	3.0
282112637	413619448	4.0
282117785	282117785	0
429027547	282117785	4.0
282106373	282117785	4.0
282115972	282117785	3.0
282112421	282117785	3.0
282112637	282117785	5.0
429027547	429027547	0
282106373	429027547	2.0
282115972	429027547	4.0
282112421	429027547	4.0
282112637	429027547	5.0
282106373	282106373	0
282115972	282106373	4.0
282112421	282106373	5.0
282112637	282106373	5.0
282115972	282115972	0
282112421	282115972	3.0
282112637	282115972	4.0
282112421	282112421	0
282112637	282112421	5.0
282112637	282112637	0
