38523125	[-62,73.0,-11.0]	40.665735940000005	-73.82723062	0.13055154439910988	0.14561873562561012	0.26758553691734693	0.00097508809316682	0.7118279569892474	0.4212949436461349
451802928	[-55,59.0,-4.0]	40.6656596	-73.82480278749999	0.13055154439910988	0.14561873562561012	0.26758553691734693	0.00097508809316682	0.7118279569892474	0.4212949436461349
451802929	[-58,64.0,-6.0]	40.66564482666667	-73.82572846666667	0.13055154439910988	0.14561873562561012	0.26758553691734693	0.00097508809316682	0.7118279569892474	0.4212949436461349
109864790	[-46,105.0,-59.0]	40.672232500000014	-73.83316285531917	0.13055154439910988	0.14561873562561012	0.26758553691734693	0.00097508809316682	0.7118279569892474	0.4212949436461349
38523162	[-46,37.0,9.0]	40.665367280000005	-73.8207868	0.13055154439910988	0.14561873562561012	0.26758553691734693	0.00097508809316682	0.7118279569892474	0.4212949436461349
261703583	[-2,-31.0,33.0]	40.667348733333334	-73.80885858333333	0.13055154439910988	0.14561873562561012	0.26758553691734693	0.00097508809316682	0.7118279569892474	0.4212949436461349
512717176	[59,4.0,-63.0]	40.683425500000006	-73.8150214	0.13055154439910988	0.14561873562561012	0.26758553691734693	0.00097508809316682	0.7118279569892474	0.4212949436461349
261703579	[3,-41.0,38.0]	40.667434336363634	-73.80712568181819	0.13055154439910988	0.14561873562561012	0.26758553691734693	0.00097508809316682	0.7118279569892474	0.4212949436461349
261703580	[1,-38.0,37.0]	40.66721762	-73.80761306	0.13055154439910988	0.14561873562561012	0.26758553691734693	0.00097508809316682	0.7118279569892474	0.4212949436461349
261703581	[2,-40.0,38.0]	40.66725558	-73.80710908	0.13055154439910988	0.14561873562561012	0.26758553691734693	0.00097508809316682	0.7118279569892474	0.4212949436461349
261703582	[1,-39.0,38.0]	40.667193280000006	-73.80727696	0.13055154439910988	0.14561873562561012	0.26758553691734693	0.00097508809316682	0.7118279569892474	0.4212949436461349
261703584	[2,-38.0,36.0]	40.66741056666667	-73.80758636666667	0.13055154439910988	0.14561873562561012	0.26758553691734693	0.00097508809316682	0.7118279569892474	0.4212949436461349
261703585	[1,-38.0,37.0]	40.66727615	-73.80746658333332	0.13055154439910988	0.14561873562561012	0.26758553691734693	0.00097508809316682	0.7118279569892474	0.4212949436461349
261703586	[0,-36.0,36.0]	40.667270949999995	-73.80802136666667	0.13055154439910988	0.14561873562561012	0.26758553691734693	0.00097508809316682	0.7118279569892474	0.4212949436461349
261703587	[2,-41.0,39.0]	40.6671986	-73.80691866666668	0.13055154439910988	0.14561873562561012	0.26758553691734693	0.00097508809316682	0.7118279569892474	0.4212949436461349
553857928	[-8,95.0,-87.0]	40.67916394000001	-73.8311327	0.13055154439910988	0.14561873562561012	0.26758553691734693	0.00097508809316682	0.7118279569892474	0.4212949436461349
284914611	[-19,-17.0,36.0]	40.66539080588236	-73.81133214117645	0.13055154439910988	0.14561873562561012	0.26758553691734693	0.00097508809316682	0.7118279569892474	0.4212949436461349
282314200	[39,-35.0,-4.0]	40.67533473913044	-73.80814291739131	0.13055154439910988	0.14561873562561012	0.26758553691734693	0.00097508809316682	0.7118279569892474	0.4212949436461349
282386380	[26,-13.0,-13.0]	40.675016633333335	-73.81202	0.13055154439910988	0.14561873562561012	0.26758553691734693	0.00097508809316682	0.7118279569892474	0.4212949436461349
282306344	[59,7.0,-66.0]	40.68382817777778	-73.81545284814815	0.13055154439910988	0.14561873562561012	0.26758553691734693	0.00097508809316682	0.7118279569892474	0.4212949436461349
282385846	[36,-35.0,-1.0]	40.6747362	-73.80803153333333	0.13055154439910988	0.14561873562561012	0.26758553691734693	0.00097508809316682	0.7118279569892474	0.4212949436461349
109864793	[-62,102.0,-40.0]	40.66879766904759	-73.83247442380953	0.13055154439910988	0.14561873562561012	0.26758553691734693	0.00097508809316682	0.7118279569892474	0.4212949436461349
274454577	[-50,105.0,-55.0]	40.67155076774194	-73.83484632419358	0.13055154439910988	0.14561873562561012	0.26758553691734693	0.00097508809316682	0.7118279569892474	0.4212949436461349
274459121	[-44,105.0,-61.0]	40.672732976576576	-73.83520156666665	0.13055154439910988	0.14561873562561012	0.26758553691734693	0.00097508809316682	0.7118279569892474	0.4212949436461349
282431894	[-38,105.0,-67.0]	40.673977828571424	-73.83358031428573	0.13055154439910988	0.14561873562561012	0.26758553691734693	0.00097508809316682	0.7118279569892474	0.4212949436461349
282431895	[-45,105.0,-60.0]	40.67243658571429	-73.8341464142857	0.13055154439910988	0.14561873562561012	0.26758553691734693	0.00097508809316682	0.7118279569892474	0.4212949436461349
109864791	[-16,89.0,-73.0]	40.676749421	-73.83010366600001	0.13055154439910988	0.14561873562561012	0.26758553691734693	0.00097508809316682	0.7118279569892474	0.4212949436461349
274860433	[-35,105.0,-70.0]	40.67466105102043	-73.83518704897958	0.13055154439910988	0.14561873562561012	0.26758553691734693	0.00097508809316682	0.7118279569892474	0.4212949436461349
278058084	[-32,99.0,-67.0]	40.67466358	-73.83191569333333	0.13055154439910988	0.14561873562561012	0.26758553691734693	0.00097508809316682	0.7118279569892474	0.4212949436461349
278749393	[-6,68.0,-62.0]	40.67673115555557	-73.82629849555555	0.13055154439910988	0.14561873562561012	0.26758553691734693	0.00097508809316682	0.7118279569892474	0.4212949436461349
278749394	[-11,80.0,-69.0]	40.67684663898306	-73.82850996610173	0.13055154439910988	0.14561873562561012	0.26758553691734693	0.00097508809316682	0.7118279569892474	0.4212949436461349
282119909	[-35,105.0,-70.0]	40.67456648285713	-73.83298531428572	0.13055154439910988	0.14561873562561012	0.26758553691734693	0.00097508809316682	0.7118279569892474	0.4212949436461349
285943989	[-44,19.0,25.0]	40.66389924318182	-73.8175875090909	0.13055154439910988	0.14561873562561012	0.26758553691734693	0.00097508809316682	0.7118279569892474	0.4212949436461349
582709490	[9,36.0,-45.0]	40.6765583875	-73.82064684375001	0.13055154439910988	0.14561873562561012	0.26758553691734693	0.00097508809316682	0.7118279569892474	0.4212949436461349
445818971	[77,-35.0,-42.0]	40.683146783333335	-73.80801810000001	0.13055154439910988	0.14561873562561012	0.26758553691734693	0.00097508809316682	0.7118279569892474	0.4212949436461349
282386381	[33,-29.0,-4.0]	40.67483273571429	-73.80920323571426	0.13055154439910988	0.14561873562561012	0.26758553691734693	0.00097508809316682	0.7118279569892474	0.4212949436461349
282302456	[31,-17.0,-14.0]	40.675663021052635	-73.81128597894735	0.13055154439910988	0.14561873562561012	0.26758553691734693	0.00097508809316682	0.7118279569892474	0.4212949436461349
282318592	[83,-21.0,-62.0]	40.68588696666667	-73.81055505555555	0.13055154439910988	0.14561873562561012	0.26758553691734693	0.00097508809316682	0.7118279569892474	0.4212949436461349
282384809	[33,-56.0,23.0]	40.672051849999995	-73.80432548333334	0.13055154439910988	0.14561873562561012	0.26758553691734693	0.00097508809316682	0.7118279569892474	0.4212949436461349
282314196	[49,-53.0,4.0]	40.675512162500006	-73.804897575	0.13055154439910988	0.14561873562561012	0.26758553691734693	0.00097508809316682	0.7118279569892474	0.4212949436461349
228638185	[-7,-35.0,42.0]	40.665967640000005	-73.80806132000001	0.13055154439910988	0.14561873562561012	0.26758553691734693	0.00097508809316682	0.7118279569892474	0.4212949436461349
467327559	[-42,105.0,-63.0]	40.673076671428575	-73.83348645714285	0.13055154439910988	0.14561873562561012	0.26758553691734693	0.00097508809316682	0.7118279569892474	0.4212949436461349
38523125	38523125	0
451802928	38523125	1.0
451802929	38523125	0.0
109864790	38523125	4.0
38523162	38523125	2.0
261703583	38523125	3.0
512717176	38523125	4.0
261703579	38523125	4.0
261703580	38523125	4.0
261703581	38523125	4.0
261703582	38523125	4.0
261703584	38523125	4.0
261703585	38523125	4.0
261703586	38523125	4.0
261703587	38523125	4.0
553857928	38523125	4.0
284914611	38523125	4.0
282314200	38523125	4.0
282386380	38523125	4.0
282306344	38523125	4.0
282385846	38523125	4.0
109864793	38523125	3.0
274454577	38523125	3.0
274459121	38523125	4.0
282431894	38523125	4.0
282431895	38523125	4.0
109864791	38523125	4.0
274860433	38523125	4.0
278058084	38523125	4.0
278749393	38523125	3.0
278749394	38523125	4.0
282119909	38523125	4.0
285943989	38523125	4.0
582709490	38523125	4.0
445818971	38523125	4.0
282386381	38523125	4.0
282302456	38523125	4.0
282318592	38523125	5.0
282384809	38523125	4.0
282314196	38523125	4.0
228638185	38523125	4.0
467327559	38523125	4.0
451802928	451802928	0
451802929	451802928	0.0
109864790	451802928	4.0
38523162	451802928	1.0
261703583	451802928	3.0
512717176	451802928	4.0
261703579	451802928	3.0
261703580	451802928	3.0
261703581	451802928	3.0
261703582	451802928	3.0
261703584	451802928	3.0
261703585	451802928	3.0
261703586	451802928	3.0
261703587	451802928	3.0
553857928	451802928	4.0
284914611	451802928	3.0
282314200	451802928	4.0
282386380	451802928	4.0
282306344	451802928	4.0
282385846	451802928	4.0
109864793	451802928	4.0
274454577	451802928	3.0
274459121	451802928	4.0
282431894	451802928	4.0
282431895	451802928	4.0
109864791	451802928	4.0
274860433	451802928	4.0
278058084	451802928	4.0
278749393	451802928	4.0
278749394	451802928	4.0
282119909	451802928	4.0
285943989	451802928	3.0
582709490	451802928	3.0
445818971	451802928	4.0
282386381	451802928	4.0
282302456	451802928	4.0
282318592	451802928	4.0
282384809	451802928	4.0
282314196	451802928	4.0
228638185	451802928	4.0
467327559	451802928	4.0
451802929	451802929	0
109864790	451802929	4.0
38523162	451802929	2.0
261703583	451802929	3.0
512717176	451802929	4.0
261703579	451802929	4.0
261703580	451802929	3.0
261703581	451802929	4.0
261703582	451802929	4.0
261703584	451802929	4.0
261703585	451802929	3.0
261703586	451802929	3.0
261703587	451802929	4.0
553857928	451802929	4.0
284914611	451802929	3.0
282314200	451802929	4.0
282386380	451802929	4.0
282306344	451802929	4.0
282385846	451802929	4.0
109864793	451802929	3.0
274454577	451802929	3.0
274459121	451802929	4.0
282431894	451802929	4.0
282431895	451802929	4.0
109864791	451802929	4.0
274860433	451802929	4.0
278058084	451802929	4.0
278749393	451802929	4.0
278749394	451802929	4.0
282119909	451802929	4.0
285943989	451802929	3.0
582709490	451802929	4.0
445818971	451802929	4.0
282386381	451802929	4.0
282302456	451802929	4.0
282318592	451802929	5.0
282384809	451802929	4.0
282314196	451802929	4.0
228638185	451802929	4.0
467327559	451802929	4.0
109864790	109864790	0
38523162	109864790	4.0
261703583	109864790	5.0
512717176	109864790	4.0
261703579	109864790	5.0
261703580	109864790	5.0
261703581	109864790	5.0
261703582	109864790	5.0
261703584	109864790	5.0
261703585	109864790	5.0
261703586	109864790	5.0
261703587	109864790	5.0
553857928	109864790	3.0
284914611	109864790	5.0
282314200	109864790	4.0
282386380	109864790	4.0
282306344	109864790	4.0
282385846	109864790	4.0
109864793	109864790	2.0
274454577	109864790	1.0
274459121	109864790	1.0
282431894	109864790	0.0
282431895	109864790	0.0
109864791	109864790	2.0
274860433	109864790	1.0
278058084	109864790	1.0
278749393	109864790	3.0
278749394	109864790	3.0
282119909	109864790	2.0
285943989	109864790	5.0
582709490	109864790	4.0
445818971	109864790	4.0
282386381	109864790	4.0
282302456	109864790	4.0
282318592	109864790	4.0
282384809	109864790	5.0
282314196	109864790	4.0
228638185	109864790	5.0
467327559	109864790	0.0
38523162	38523162	0
261703583	38523162	3.0
512717176	38523162	4.0
261703579	38523162	3.0
261703580	38523162	3.0
261703581	38523162	3.0
261703582	38523162	3.0
261703584	38523162	3.0
261703585	38523162	3.0
261703586	38523162	3.0
261703587	38523162	3.0
553857928	38523162	4.0
284914611	38523162	3.0
282314200	38523162	4.0
282386380	38523162	4.0
282306344	38523162	4.0
282385846	38523162	4.0
109864793	38523162	4.0
274454577	38523162	4.0
274459121	38523162	4.0
282431894	38523162	5.0
282431895	38523162	4.0
109864791	38523162	4.0
274860433	38523162	4.0
278058084	38523162	4.0
278749393	38523162	4.0
278749394	38523162	4.0
282119909	38523162	4.0
285943989	38523162	3.0
582709490	38523162	3.0
445818971	38523162	4.0
282386381	38523162	4.0
282302456	38523162	4.0
282318592	38523162	4.0
282384809	38523162	4.0
282314196	38523162	4.0
228638185	38523162	3.0
467327559	38523162	5.0
261703583	261703583	0
512717176	261703583	4.0
261703579	261703583	1.0
261703580	261703583	0.0
261703581	261703583	0.0
261703582	261703583	0.0
261703584	261703583	1.0
261703585	261703583	0.0
261703586	261703583	0.0
261703587	261703583	0.0
553857928	261703583	4.0
284914611	261703583	1.0
282314200	261703583	3.0
282386380	261703583	3.0
282306344	261703583	4.0
282385846	261703583	3.0
109864793	261703583	4.0
274454577	261703583	4.0
274459121	261703583	5.0
282431894	261703583	5.0
282431895	261703583	5.0
109864791	261703583	4.0
274860433	261703583	5.0
278058084	261703583	5.0
278749393	261703583	4.0
278749394	261703583	5.0
282119909	261703583	5.0
285943989	261703583	4.0
582709490	261703583	4.0
445818971	261703583	4.0
282386381	261703583	3.0
282302456	261703583	4.0
282318592	261703583	4.0
282384809	261703583	3.0
282314196	261703583	3.0
228638185	261703583	2.0
467327559	261703583	5.0
512717176	512717176	0
261703579	512717176	4.0
261703580	512717176	4.0
261703581	512717176	4.0
261703582	512717176	4.0
261703584	512717176	4.0
261703585	512717176	4.0
261703586	512717176	4.0
261703587	512717176	4.0
553857928	512717176	4.0
284914611	512717176	4.0
282314200	512717176	3.0
282386380	512717176	3.0
282306344	512717176	0.0
282385846	512717176	3.0
109864793	512717176	5.0
274454577	512717176	5.0
274459121	512717176	5.0
282431894	512717176	4.0
282431895	512717176	4.0
109864791	512717176	4.0
274860433	512717176	4.0
278058084	512717176	4.0
278749393	512717176	3.0
278749394	512717176	4.0
282119909	512717176	4.0
285943989	512717176	4.0
582709490	512717176	3.0
445818971	512717176	3.0
282386381	512717176	3.0
282302456	512717176	3.0
282318592	512717176	2.0
282384809	512717176	4.0
282314196	512717176	4.0
228638185	512717176	4.0
467327559	512717176	4.0
261703579	261703579	0
261703580	261703579	2.0
261703581	261703579	1.0
261703582	261703579	2.0
261703584	261703579	0.0
261703585	261703579	2.0
261703586	261703579	1.0
261703587	261703579	1.0
553857928	261703579	4.0
284914611	261703579	2.0
282314200	261703579	3.0
282386380	261703579	3.0
282306344	261703579	4.0
282385846	261703579	3.0
109864793	261703579	5.0
274454577	261703579	4.0
274459121	261703579	5.0
282431894	261703579	5.0
282431895	261703579	5.0
109864791	261703579	4.0
274860433	261703579	5.0
278058084	261703579	5.0
278749393	261703579	4.0
278749394	261703579	5.0
282119909	261703579	5.0
285943989	261703579	3.0
582709490	261703579	4.0
445818971	261703579	4.0
282386381	261703579	3.0
282302456	261703579	3.0
282318592	261703579	4.0
282384809	261703579	2.0
282314196	261703579	3.0
228638185	261703579	2.0
467327559	261703579	5.0
261703580	261703580	0
261703581	261703580	0.0
261703582	261703580	0.0
261703584	261703580	1.0
261703585	261703580	0.0
261703586	261703580	0.0
261703587	261703580	0.0
553857928	261703580	4.0
284914611	261703580	2.0
282314200	261703580	3.0
282386380	261703580	3.0
282306344	261703580	4.0
282385846	261703580	3.0
109864793	261703580	4.0
274454577	261703580	4.0
274459121	261703580	5.0
282431894	261703580	5.0
282431895	261703580	5.0
109864791	261703580	5.0
274860433	261703580	5.0
278058084	261703580	5.0
278749393	261703580	4.0
278749394	261703580	5.0
282119909	261703580	5.0
285943989	261703580	3.0
582709490	261703580	4.0
445818971	261703580	4.0
282386381	261703580	3.0
282302456	261703580	4.0
282318592	261703580	4.0
282384809	261703580	2.0
282314196	261703580	3.0
228638185	261703580	2.0
467327559	261703580	5.0
261703581	261703581	0
261703582	261703581	0.0
261703584	261703581	2.0
261703585	261703581	0.0
261703586	261703581	0.0
261703587	261703581	0.0
553857928	261703581	5.0
284914611	261703581	2.0
282314200	261703581	3.0
282386380	261703581	3.0
282306344	261703581	4.0
282385846	261703581	3.0
109864793	261703581	4.0
274454577	261703581	4.0
274459121	261703581	5.0
282431894	261703581	5.0
282431895	261703581	5.0
109864791	261703581	5.0
274860433	261703581	5.0
278058084	261703581	5.0
278749393	261703581	4.0
278749394	261703581	5.0
282119909	261703581	5.0
285943989	261703581	3.0
582709490	261703581	4.0
445818971	261703581	4.0
282386381	261703581	3.0
282302456	261703581	4.0
282318592	261703581	4.0
282384809	261703581	2.0
282314196	261703581	3.0
228638185	261703581	2.0
467327559	261703581	5.0
261703582	261703582	0
261703584	261703582	1.0
261703585	261703582	0.0
261703586	261703582	0.0
261703587	261703582	0.0
553857928	261703582	4.0
284914611	261703582	2.0
282314200	261703582	3.0
282386380	261703582	3.0
282306344	261703582	4.0
282385846	261703582	3.0
109864793	261703582	4.0
274454577	261703582	4.0
274459121	261703582	5.0
282431894	261703582	5.0
282431895	261703582	5.0
109864791	261703582	5.0
274860433	261703582	5.0
278058084	261703582	5.0
278749393	261703582	4.0
278749394	261703582	5.0
282119909	261703582	5.0
285943989	261703582	3.0
582709490	261703582	4.0
445818971	261703582	4.0
282386381	261703582	3.0
282302456	261703582	4.0
282318592	261703582	4.0
282384809	261703582	2.0
282314196	261703582	3.0
228638185	261703582	2.0
467327559	261703582	5.0
261703584	261703584	0
261703585	261703584	1.0
261703586	261703584	1.0
261703587	261703584	2.0
553857928	261703584	4.0
284914611	261703584	2.0
282314200	261703584	3.0
282386380	261703584	3.0
282306344	261703584	4.0
282385846	261703584	3.0
109864793	261703584	4.0
274454577	261703584	4.0
274459121	261703584	5.0
282431894	261703584	5.0
282431895	261703584	5.0
109864791	261703584	4.0
274860433	261703584	5.0
278058084	261703584	5.0
278749393	261703584	4.0
278749394	261703584	5.0
282119909	261703584	5.0
285943989	261703584	3.0
582709490	261703584	4.0
445818971	261703584	4.0
282386381	261703584	3.0
282302456	261703584	3.0
282318592	261703584	4.0
282384809	261703584	2.0
282314196	261703584	3.0
228638185	261703584	2.0
467327559	261703584	5.0
261703585	261703585	0
261703586	261703585	0.0
261703587	261703585	0.0
553857928	261703585	4.0
284914611	261703585	2.0
282314200	261703585	3.0
282386380	261703585	3.0
282306344	261703585	4.0
282385846	261703585	3.0
109864793	261703585	4.0
274454577	261703585	4.0
274459121	261703585	5.0
282431894	261703585	5.0
282431895	261703585	5.0
109864791	261703585	5.0
274860433	261703585	5.0
278058084	261703585	5.0
278749393	261703585	4.0
278749394	261703585	5.0
282119909	261703585	5.0
285943989	261703585	3.0
582709490	261703585	4.0
445818971	261703585	4.0
282386381	261703585	3.0
282302456	261703585	4.0
282318592	261703585	4.0
282384809	261703585	2.0
282314196	261703585	3.0
228638185	261703585	2.0
467327559	261703585	5.0
261703586	261703586	0
261703587	261703586	0.0
553857928	261703586	4.0
284914611	261703586	1.0
282314200	261703586	3.0
282386380	261703586	3.0
282306344	261703586	4.0
282385846	261703586	3.0
109864793	261703586	4.0
274454577	261703586	4.0
274459121	261703586	5.0
282431894	261703586	5.0
282431895	261703586	5.0
109864791	261703586	5.0
274860433	261703586	5.0
278058084	261703586	5.0
278749393	261703586	4.0
278749394	261703586	5.0
282119909	261703586	5.0
285943989	261703586	4.0
582709490	261703586	4.0
445818971	261703586	4.0
282386381	261703586	3.0
282302456	261703586	4.0
282318592	261703586	4.0
282384809	261703586	3.0
282314196	261703586	3.0
228638185	261703586	2.0
467327559	261703586	5.0
261703587	261703587	0
553857928	261703587	5.0
284914611	261703587	2.0
282314200	261703587	3.0
282386380	261703587	3.0
282306344	261703587	4.0
282385846	261703587	3.0
109864793	261703587	4.0
274454577	261703587	4.0
274459121	261703587	5.0
282431894	261703587	5.0
282431895	261703587	5.0
109864791	261703587	5.0
274860433	261703587	5.0
278058084	261703587	5.0
278749393	261703587	4.0
278749394	261703587	5.0
282119909	261703587	5.0
285943989	261703587	3.0
582709490	261703587	4.0
445818971	261703587	4.0
282386381	261703587	3.0
282302456	261703587	4.0
282318592	261703587	4.0
282384809	261703587	2.0
282314196	261703587	3.0
228638185	261703587	2.0
467327559	261703587	5.0
553857928	553857928	0
284914611	553857928	4.0
282314200	553857928	4.0
282386380	553857928	4.0
282306344	553857928	4.0
282385846	553857928	4.0
109864793	553857928	4.0
274454577	553857928	3.0
274459121	553857928	3.0
282431894	553857928	3.0
282431895	553857928	3.0
109864791	553857928	1.0
274860433	553857928	2.0
278058084	553857928	2.0
278749393	553857928	2.0
278749394	553857928	2.0
282119909	553857928	2.0
285943989	553857928	5.0
582709490	553857928	3.0
445818971	553857928	4.0
282386381	553857928	4.0
282302456	553857928	4.0
282318592	553857928	4.0
282384809	553857928	4.0
282314196	553857928	4.0
228638185	553857928	5.0
467327559	553857928	3.0
284914611	284914611	0
282314200	284914611	3.0
282386380	284914611	3.0
282306344	284914611	4.0
282385846	284914611	3.0
109864793	284914611	4.0
274454577	284914611	4.0
274459121	284914611	5.0
282431894	284914611	5.0
282431895	284914611	5.0
109864791	284914611	5.0
274860433	284914611	5.0
278058084	284914611	5.0
278749393	284914611	4.0
278749394	284914611	5.0
282119909	284914611	5.0
285943989	284914611	3.0
582709490	284914611	4.0
445818971	284914611	4.0
282386381	284914611	3.0
282302456	284914611	3.0
282318592	284914611	4.0
282384809	284914611	3.0
282314196	284914611	3.0
228638185	284914611	1.0
467327559	284914611	5.0
282314200	282314200	0
282386380	282314200	1.0
282306344	282314200	3.0
282385846	282314200	0.0
109864793	282314200	5.0
274454577	282314200	5.0
274459121	282314200	5.0
282431894	282314200	4.0
282431895	282314200	4.0
109864791	282314200	4.0
274860433	282314200	4.0
278058084	282314200	4.0
278749393	282314200	4.0
278749394	282314200	4.0
282119909	282314200	4.0
285943989	282314200	4.0
582709490	282314200	3.0
445818971	282314200	3.0
282386381	282314200	0.0
282302456	282314200	1.0
282318592	282314200	3.0
282384809	282314200	2.0
282314196	282314200	1.0
228638185	282314200	3.0
467327559	282314200	4.0
282386380	282386380	0
282306344	282386380	4.0
282385846	282386380	1.0
109864793	282386380	5.0
274454577	282386380	4.0
274459121	282386380	4.0
282431894	282386380	4.0
282431895	282386380	4.0
109864791	282386380	4.0
274860433	282386380	4.0
278058084	282386380	4.0
278749393	282386380	3.0
278749394	282386380	4.0
282119909	282386380	4.0
285943989	282386380	4.0
582709490	282386380	3.0
445818971	282386380	3.0
282386381	282386380	1.0
282302456	282386380	0.0
282318592	282386380	4.0
282384809	282386380	3.0
282314196	282386380	2.0
228638185	282386380	3.0
467327559	282386380	4.0
282306344	282306344	0
282385846	282306344	3.0
109864793	282306344	5.0
274454577	282306344	5.0
274459121	282306344	4.0
282431894	282306344	4.0
282431895	282306344	4.0
109864791	282306344	4.0
274860433	282306344	4.0
278058084	282306344	4.0
278749393	282306344	3.0
278749394	282306344	4.0
282119909	282306344	4.0
285943989	282306344	4.0
582709490	282306344	3.0
445818971	282306344	3.0
282386381	282306344	3.0
282302456	282306344	3.0
282318592	282306344	2.0
282384809	282306344	4.0
282314196	282306344	4.0
228638185	282306344	4.0
467327559	282306344	4.0
282385846	282385846	0
109864793	282385846	5.0
274454577	282385846	5.0
274459121	282385846	5.0
282431894	282385846	4.0
282431895	282385846	4.0
109864791	282385846	4.0
274860433	282385846	4.0
278058084	282385846	4.0
278749393	282385846	4.0
278749394	282385846	4.0
282119909	282385846	4.0
285943989	282385846	4.0
582709490	282385846	3.0
445818971	282385846	3.0
282386381	282385846	0.0
282302456	282385846	1.0
282318592	282385846	3.0
282384809	282385846	2.0
282314196	282385846	1.0
228638185	282385846	3.0
467327559	282385846	4.0
109864793	109864793	0
274454577	109864793	2.0
274459121	109864793	2.0
282431894	109864793	3.0
282431895	109864793	2.0
109864791	109864793	3.0
274860433	109864793	3.0
278058084	109864793	3.0
278749393	109864793	4.0
278749394	109864793	3.0
282119909	109864793	3.0
285943989	109864793	5.0
582709490	109864793	4.0
445818971	109864793	5.0
282386381	109864793	5.0
282302456	109864793	5.0
282318592	109864793	5.0
282384809	109864793	5.0
282314196	109864793	5.0
228638185	109864793	5.0
467327559	109864793	2.0
274454577	274454577	0
274459121	274454577	2.0
282431894	274454577	2.0
282431895	274454577	1.0
109864791	274454577	3.0
274860433	274454577	2.0
278058084	274454577	2.0
278749393	274454577	4.0
278749394	274454577	3.0
282119909	274454577	2.0
285943989	274454577	5.0
582709490	274454577	4.0
445818971	274454577	5.0
282386381	274454577	5.0
282302456	274454577	5.0
282318592	274454577	5.0
282384809	274454577	5.0
282314196	274454577	5.0
228638185	274454577	5.0
467327559	274454577	1.0
274459121	274459121	0
282431894	274459121	1.0
282431895	274459121	1.0
109864791	274459121	3.0
274860433	274459121	1.0
278058084	274459121	2.0
278749393	274459121	4.0
278749394	274459121	3.0
282119909	274459121	2.0
285943989	274459121	5.0
582709490	274459121	4.0
445818971	274459121	5.0
282386381	274459121	4.0
282302456	274459121	4.0
282318592	274459121	5.0
282384809	274459121	5.0
282314196	274459121	5.0
228638185	274459121	5.0
467327559	274459121	1.0
282431894	282431894	0
282431895	282431894	0.0
109864791	282431894	2.0
274860433	282431894	1.0
278058084	282431894	1.0
278749393	282431894	3.0
278749394	282431894	3.0
282119909	282431894	2.0
285943989	282431894	5.0
582709490	282431894	3.0
445818971	282431894	4.0
282386381	282431894	4.0
282302456	282431894	4.0
282318592	282431894	4.0
282384809	282431894	5.0
282314196	282431894	4.0
228638185	282431894	5.0
467327559	282431894	0.0
282431895	282431895	0
109864791	282431895	2.0
274860433	282431895	1.0
278058084	282431895	1.0
278749393	282431895	3.0
278749394	282431895	3.0
282119909	282431895	2.0
285943989	282431895	5.0
582709490	282431895	4.0
445818971	282431895	4.0
282386381	282431895	4.0
282302456	282431895	4.0
282318592	282431895	4.0
282384809	282431895	5.0
282314196	282431895	4.0
228638185	282431895	5.0
467327559	282431895	0.0
109864791	109864791	0
274860433	109864791	2.0
278058084	109864791	2.0
278749393	109864791	2.0
278749394	109864791	1.0
282119909	109864791	2.0
285943989	109864791	4.0
582709490	109864791	3.0
445818971	109864791	4.0
282386381	109864791	4.0
282302456	109864791	4.0
282318592	109864791	4.0
282384809	109864791	4.0
282314196	109864791	4.0
228638185	109864791	5.0
467327559	109864791	2.0
274860433	274860433	0
278058084	274860433	2.0
278749393	274860433	3.0
278749394	274860433	3.0
282119909	274860433	2.0
285943989	274860433	5.0
582709490	274860433	3.0
445818971	274860433	4.0
282386381	274860433	4.0
282302456	274860433	4.0
282318592	274860433	4.0
282384809	274860433	4.0
282314196	274860433	4.0
228638185	274860433	5.0
467327559	274860433	1.0
278058084	278058084	0
278749393	278058084	3.0
278749394	278058084	2.0
282119909	278058084	1.0
285943989	278058084	5.0
582709490	278058084	3.0
445818971	278058084	4.0
282386381	278058084	4.0
282302456	278058084	4.0
282318592	278058084	4.0
282384809	278058084	4.0
282314196	278058084	4.0
228638185	278058084	5.0
467327559	278058084	1.0
278749393	278749393	0
278749394	278749393	3.0
282119909	278749393	3.0
285943989	278749393	4.0
582709490	278749393	2.0
445818971	278749393	4.0
282386381	278749393	3.0
282302456	278749393	3.0
282318592	278749393	4.0
282384809	278749393	4.0
282314196	278749393	4.0
228638185	278749393	4.0
467327559	278749393	3.0
278749394	278749394	0
282119909	278749394	2.0
285943989	278749394	5.0
582709490	278749394	3.0
445818971	278749394	4.0
282386381	278749394	4.0
282302456	278749394	4.0
282318592	278749394	4.0
282384809	278749394	4.0
282314196	278749394	4.0
228638185	278749394	5.0
467327559	278749394	3.0
282119909	282119909	0
285943989	282119909	5.0
582709490	282119909	3.0
445818971	282119909	4.0
282386381	282119909	4.0
282302456	282119909	4.0
282318592	282119909	4.0
282384809	282119909	4.0
282314196	282119909	4.0
228638185	282119909	5.0
467327559	282119909	2.0
285943989	285943989	0
582709490	285943989	4.0
445818971	285943989	4.0
282386381	285943989	4.0
282302456	285943989	4.0
282318592	285943989	4.0
282384809	285943989	4.0
282314196	285943989	4.0
228638185	285943989	3.0
467327559	285943989	5.0
582709490	582709490	0
445818971	582709490	3.0
282386381	582709490	3.0
282302456	582709490	3.0
282318592	582709490	4.0
282384809	582709490	4.0
282314196	582709490	3.0
228638185	582709490	4.0
467327559	582709490	3.0
445818971	445818971	0
282386381	445818971	3.0
282302456	445818971	3.0
282318592	445818971	2.0
282384809	445818971	4.0
282314196	445818971	3.0
228638185	445818971	4.0
467327559	445818971	4.0
282386381	282386381	0
282302456	282386381	0.0
282318592	282386381	3.0
282384809	282386381	2.0
282314196	282386381	2.0
228638185	282386381	3.0
467327559	282386381	4.0
282302456	282302456	0
282318592	282302456	3.0
282384809	282302456	3.0
282314196	282302456	2.0
228638185	282302456	3.0
467327559	282302456	4.0
282318592	282318592	0
282384809	282318592	4.0
282314196	282318592	4.0
228638185	282318592	4.0
467327559	282318592	4.0
282384809	282384809	0
282314196	282384809	2.0
228638185	282384809	3.0
467327559	282384809	5.0
282314196	282314196	0
228638185	282314196	4.0
467327559	282314196	4.0
228638185	228638185	0
467327559	228638185	5.0
467327559	467327559	0
