249664223	[-11,31.0,-20.0]	40.726029510000004	-74.00347696	0.019396658257414344	0.47320474715152544	0.09853907680819178	1.0	0.7440860215053764	0.5162863998158428
324975292	[-19,34.0,-15.0]	40.72474104615385	-74.0040735076923	0.019396658257414344	0.47320474715152544	0.09853907680819178	1.0	0.7440860215053764	0.5162863998158428
247866915	[-8,-13.0,21.0]	40.7220571	-73.99578221538461	0.019396658257414344	0.47320474715152544	0.09853907680819178	1.0	0.7440860215053764	0.5162863998158428
247866923	[-8,-17.0,25.0]	40.721743338095244	-73.99500965714284	0.019396658257414344	0.47320474715152544	0.09853907680819178	1.0	0.7440860215053764	0.5162863998158428
248159905	[19,17.0,-36.0]	40.7306340875	-74.00107237499999	0.019396658257414344	0.47320474715152544	0.09853907680819178	1.0	0.7440860215053764	0.5162863998158428
247866559	[-9,-5.0,14.0]	40.722753266666665	-73.99718908333334	0.019396658257414344	0.47320474715152544	0.09853907680819178	1.0	0.7440860215053764	0.5162863998158428
248159971	[14,17.0,-31.0]	40.72965375909091	-74.00108435	0.019396658257414344	0.47320474715152544	0.09853907680819178	1.0	0.7440860215053764	0.5162863998158428
248234588	[20,5.0,-25.0]	40.72961342000001	-73.99892826	0.019396658257414344	0.47320474715152544	0.09853907680819178	1.0	0.7440860215053764	0.5162863998158428
440055115	[6,24.0,-30.0]	40.72879332	-74.00222568	0.019396658257414344	0.47320474715152544	0.09853907680819178	1.0	0.7440860215053764	0.5162863998158428
440055118	[5,24.0,-29.0]	40.72845557777777	-74.0022339111111	0.019396658257414344	0.47320474715152544	0.09853907680819178	1.0	0.7440860215053764	0.5162863998158428
370073472	[21,17.0,-38.0]	40.73120628	-74.0010274	0.019396658257414344	0.47320474715152544	0.09853907680819178	1.0	0.7440860215053764	0.5162863998158428
440055116	[21,17.0,-38.0]	40.7310995	-74.00111078	0.019396658257414344	0.47320474715152544	0.09853907680819178	1.0	0.7440860215053764	0.5162863998158428
440055117	[21,16.0,-37.0]	40.7310762	-74.00090279999999	0.019396658257414344	0.47320474715152544	0.09853907680819178	1.0	0.7440860215053764	0.5162863998158428
248156677	[9,22.0,-31.0]	40.72922905714285	-74.00197024285714	0.019396658257414344	0.47320474715152544	0.09853907680819178	1.0	0.7440860215053764	0.5162863998158428
155075464	[23,0.0,-23.0]	40.72982053333333	-73.99794423333334	0.019396658257414344	0.47320474715152544	0.09853907680819178	1.0	0.7440860215053764	0.5162863998158428
247842941	[20,-14.0,-6.0]	40.727736	-73.99540646666665	0.019396658257414344	0.47320474715152544	0.09853907680819178	1.0	0.7440860215053764	0.5162863998158428
248166212	[24,-9.0,-15.0]	40.729086491666656	-73.99639686666667	0.019396658257414344	0.47320474715152544	0.09853907680819178	1.0	0.7440860215053764	0.5162863998158428
248166268	[24,-13.0,-11.0]	40.728669637931034	-73.99567956896554	0.019396658257414344	0.47320474715152544	0.09853907680819178	1.0	0.7440860215053764	0.5162863998158428
248166286	[22,4.0,-26.0]	40.73005095	-73.99869398333333	0.019396658257414344	0.47320474715152544	0.09853907680819178	1.0	0.7440860215053764	0.5162863998158428
249663188	[1,17.0,-18.0]	40.727100263636366	-74.00104350000001	0.019396658257414344	0.47320474715152544	0.09853907680819178	1.0	0.7440860215053764	0.5162863998158428
239988114	[12,22.0,-34.0]	40.72984282	-74.0019098	0.019396658257414344	0.47320474715152544	0.09853907680819178	1.0	0.7440860215053764	0.5162863998158428
264854016	[1,22.0,-23.0]	40.72759563636364	-74.00188367272727	0.019396658257414344	0.47320474715152544	0.09853907680819178	1.0	0.7440860215053764	0.5162863998158428
352412115	[8,18.0,-26.0]	40.72850377142857	-74.00127804285714	0.019396658257414344	0.47320474715152544	0.09853907680819178	1.0	0.7440860215053764	0.5162863998158428
440055119	[16,20.0,-36.0]	40.73032988333333	-74.00157746666666	0.019396658257414344	0.47320474715152544	0.09853907680819178	1.0	0.7440860215053764	0.5162863998158428
440055121	[18,19.0,-37.0]	40.730726142857144	-74.0012663142857	0.019396658257414344	0.47320474715152544	0.09853907680819178	1.0	0.7440860215053764	0.5162863998158428
36865288	[-11,-11.0,22.0]	40.721642925	-73.996114975	0.019396658257414344	0.47320474715152544	0.09853907680819178	1.0	0.7440860215053764	0.5162863998158428
44225581	[-14,-3.0,17.0]	40.721813600000004	-73.99744445714285	0.019396658257414344	0.47320474715152544	0.09853907680819178	1.0	0.7440860215053764	0.5162863998158428
453461400	[-5,-18.0,23.0]	40.72224520526316	-73.99486308421051	0.019396658257414344	0.47320474715152544	0.09853907680819178	1.0	0.7440860215053764	0.5162863998158428
530629654	[-5,-6.0,11.0]	40.72342825999999	-73.99694293999998	0.019396658257414344	0.47320474715152544	0.09853907680819178	1.0	0.7440860215053764	0.5162863998158428
314010412	[10,6.0,-16.0]	40.727752	-73.99904159999998	0.019396658257414344	0.47320474715152544	0.09853907680819178	1.0	0.7440860215053764	0.5162863998158428
371149489	[25,-29.0,4.0]	40.72727037	-73.99287022	0.019396658257414344	0.47320474715152544	0.09853907680819178	1.0	0.7440860215053764	0.5162863998158428
530547145	[23,16.0,-39.0]	40.73150785000001	-74.00083685	0.019396658257414344	0.47320474715152544	0.09853907680819178	1.0	0.7440860215053764	0.5162863998158428
248159880	[18,14.0,-32.0]	40.73019778	-74.00058836000001	0.019396658257414344	0.47320474715152544	0.09853907680819178	1.0	0.7440860215053764	0.5162863998158428
248166208	[23,-4.0,-19.0]	40.7294115125	-73.9971827625	0.019396658257414344	0.47320474715152544	0.09853907680819178	1.0	0.7440860215053764	0.5162863998158428
249664272	[-13,31.0,-18.0]	40.72562008	-74.00355031000001	0.019396658257414344	0.47320474715152544	0.09853907680819178	1.0	0.7440860215053764	0.5162863998158428
247839731	[15,-22.0,7.0]	40.725933420000004	-73.99415586	0.019396658257414344	0.47320474715152544	0.09853907680819178	1.0	0.7440860215053764	0.5162863998158428
247865186	[-7,7.0,0.0]	40.72435567692308	-73.99935596923076	0.019396658257414344	0.47320474715152544	0.09853907680819178	1.0	0.7440860215053764	0.5162863998158428
247866902	[-3,-18.0,21.0]	40.722699600000006	-73.9948227	0.019396658257414344	0.47320474715152544	0.09853907680819178	1.0	0.7440860215053764	0.5162863998158428
248159998	[14,20.0,-34.0]	40.730037028571424	-74.00160933095239	0.019396658257414344	0.47320474715152544	0.09853907680819178	1.0	0.7440860215053764	0.5162863998158428
247866664	[-6,-8.0,14.0]	40.723016428571434	-73.99648857142857	0.019396658257414344	0.47320474715152544	0.09853907680819178	1.0	0.7440860215053764	0.5162863998158428
247839669	[25,-31.0,6.0]	40.72693648333333	-73.99252008333333	0.019396658257414344	0.47320474715152544	0.09853907680819178	1.0	0.7440860215053764	0.5162863998158428
247845662	[2,-15.0,13.0]	40.723943559999995	-73.99521028000001	0.019396658257414344	0.47320474715152544	0.09853907680819178	1.0	0.7440860215053764	0.5162863998158428
247845702	[0,-15.0,15.0]	40.72356745833333	-73.99523527500001	0.019396658257414344	0.47320474715152544	0.09853907680819178	1.0	0.7440860215053764	0.5162863998158428
247866912	[-17,-10.0,27.0]	40.72056935	-73.99629053333335	0.019396658257414344	0.47320474715152544	0.09853907680819178	1.0	0.7440860215053764	0.5162863998158428
248166298	[24,2.0,-26.0]	40.73018123333334	-73.99846373333334	0.019396658257414344	0.47320474715152544	0.09853907680819178	1.0	0.7440860215053764	0.5162863998158428
249663231	[1,18.0,-19.0]	40.72715479199999	-74.00118179200001	0.019396658257414344	0.47320474715152544	0.09853907680819178	1.0	0.7440860215053764	0.5162863998158428
36882464	[-1,-15.0,16.0]	40.72338895714286	-73.99529595714286	0.019396658257414344	0.47320474715152544	0.09853907680819178	1.0	0.7440860215053764	0.5162863998158428
249664223	249664223	0
324975292	249664223	2.0
247866915	249664223	3.0
247866923	249664223	3.0
248159905	249664223	3.0
247866559	249664223	3.0
248159971	249664223	3.0
248234588	249664223	3.0
440055115	249664223	1.0
440055118	249664223	2.0
370073472	249664223	2.0
440055116	249664223	3.0
440055117	249664223	3.0
248156677	249664223	2.0
155075464	249664223	3.0
247842941	249664223	3.0
248166212	249664223	3.0
248166268	249664223	3.0
248166286	249664223	3.0
249663188	249664223	2.0
239988114	249664223	2.0
264854016	249664223	1.0
352412115	249664223	2.0
440055119	249664223	2.0
440055121	249664223	3.0
36865288	249664223	3.0
44225581	249664223	3.0
453461400	249664223	3.0
530629654	249664223	3.0
314010412	249664223	2.0
371149489	249664223	3.0
530547145	249664223	2.0
248159880	249664223	3.0
248166208	249664223	3.0
249664272	249664223	2.0
247839731	249664223	3.0
247865186	249664223	3.0
247866902	249664223	3.0
248159998	249664223	2.0
247866664	249664223	3.0
247839669	249664223	3.0
247845662	249664223	3.0
247845702	249664223	3.0
247866912	249664223	3.0
248166298	249664223	3.0
249663231	249664223	2.0
36882464	249664223	3.0
324975292	324975292	0
247866915	324975292	3.0
247866923	324975292	3.0
248159905	324975292	3.0
247866559	324975292	2.0
248159971	324975292	3.0
248234588	324975292	3.0
440055115	324975292	2.0
440055118	324975292	2.0
370073472	324975292	3.0
440055116	324975292	3.0
440055117	324975292	3.0
248156677	324975292	2.0
155075464	324975292	3.0
247842941	324975292	3.0
248166212	324975292	3.0
248166268	324975292	3.0
248166286	324975292	3.0
249663188	324975292	2.0
239988114	324975292	2.0
264854016	324975292	2.0
352412115	324975292	3.0
440055119	324975292	3.0
440055121	324975292	3.0
36865288	324975292	3.0
44225581	324975292	2.0
453461400	324975292	3.0
530629654	324975292	3.0
314010412	324975292	2.0
371149489	324975292	3.0
530547145	324975292	3.0
248159880	324975292	3.0
248166208	324975292	3.0
249664272	324975292	2.0
247839731	324975292	3.0
247865186	324975292	2.0
247866902	324975292	3.0
248159998	324975292	2.0
247866664	324975292	2.0
247839669	324975292	3.0
247845662	324975292	3.0
247845702	324975292	3.0
247866912	324975292	3.0
248166298	324975292	3.0
249663231	324975292	2.0
36882464	324975292	3.0
247866915	247866915	0
247866923	247866915	0.0
248159905	247866915	4.0
247866559	247866915	2.0
248159971	247866915	3.0
248234588	247866915	3.0
440055115	247866915	3.0
440055118	247866915	3.0
370073472	247866915	4.0
440055116	247866915	4.0
440055117	247866915	4.0
248156677	247866915	3.0
155075464	247866915	3.0
247842941	247866915	3.0
248166212	247866915	3.0
248166268	247866915	3.0
248166286	247866915	3.0
249663188	247866915	3.0
239988114	247866915	3.0
264854016	247866915	3.0
352412115	247866915	3.0
440055119	247866915	4.0
440055121	247866915	4.0
36865288	247866915	0.0
44225581	247866915	1.0
453461400	247866915	1.0
530629654	247866915	2.0
314010412	247866915	3.0
371149489	247866915	3.0
530547145	247866915	4.0
248159880	247866915	4.0
248166208	247866915	3.0
249664272	247866915	2.0
247839731	247866915	2.0
247865186	247866915	2.0
247866902	247866915	1.0
248159998	247866915	3.0
247866664	247866915	2.0
247839669	247866915	3.0
247845662	247866915	2.0
247845702	247866915	2.0
247866912	247866915	1.0
248166298	247866915	3.0
249663231	247866915	3.0
36882464	247866915	2.0
247866923	247866923	0
248159905	247866923	3.0
247866559	247866923	2.0
248159971	247866923	3.0
248234588	247866923	3.0
440055115	247866923	3.0
440055118	247866923	3.0
370073472	247866923	4.0
440055116	247866923	4.0
440055117	247866923	4.0
248156677	247866923	3.0
155075464	247866923	3.0
247842941	247866923	3.0
248166212	247866923	3.0
248166268	247866923	3.0
248166286	247866923	3.0
249663188	247866923	3.0
239988114	247866923	3.0
264854016	247866923	3.0
352412115	247866923	3.0
440055119	247866923	4.0
440055121	247866923	4.0
36865288	247866923	0.0
44225581	247866923	1.0
453461400	247866923	0.0
530629654	247866923	2.0
314010412	247866923	3.0
371149489	247866923	3.0
530547145	247866923	4.0
248159880	247866923	3.0
248166208	247866923	3.0
249664272	247866923	3.0
247839731	247866923	2.0
247865186	247866923	2.0
247866902	247866923	0.0
248159998	247866923	3.0
247866664	247866923	2.0
247839669	247866923	3.0
247845662	247866923	2.0
247845702	247866923	1.0
247866912	247866923	1.0
248166298	247866923	3.0
249663231	247866923	3.0
36882464	247866923	1.0
248159905	248159905	0
247866559	248159905	3.0
248159971	248159905	2.0
248234588	248159905	2.0
440055115	248159905	2.0
440055118	248159905	2.0
370073472	248159905	0.0
440055116	248159905	0.0
440055117	248159905	0.0
248156677	248159905	2.0
155075464	248159905	1.0
247842941	248159905	2.0
248166212	248159905	2.0
248166268	248159905	2.0
248166286	248159905	1.0
249663188	248159905	3.0
239988114	248159905	2.0
264854016	248159905	2.0
352412115	248159905	2.0
440055119	248159905	2.0
440055121	248159905	0.0
36865288	248159905	3.0
44225581	248159905	3.0
453461400	248159905	4.0
530629654	248159905	3.0
314010412	248159905	2.0
371149489	248159905	3.0
530547145	248159905	0.0
248159880	248159905	2.0
248166208	248159905	1.0
249664272	248159905	3.0
247839731	248159905	3.0
247865186	248159905	3.0
247866902	248159905	3.0
248159998	248159905	2.0
247866664	248159905	3.0
247839669	248159905	3.0
247845662	248159905	3.0
247845702	248159905	3.0
247866912	248159905	4.0
248166298	248159905	1.0
249663231	248159905	2.0
36882464	248159905	3.0
247866559	247866559	0
248159971	247866559	3.0
248234588	247866559	3.0
440055115	247866559	3.0
440055118	247866559	3.0
370073472	247866559	3.0
440055116	247866559	3.0
440055117	247866559	3.0
248156677	247866559	3.0
155075464	247866559	3.0
247842941	247866559	2.0
248166212	247866559	3.0
248166268	247866559	3.0
248166286	247866559	3.0
249663188	247866559	3.0
239988114	247866559	3.0
264854016	247866559	3.0
352412115	247866559	3.0
440055119	247866559	3.0
440055121	247866559	3.0
36865288	247866559	2.0
44225581	247866559	1.0
453461400	247866559	2.0
530629654	247866559	0.0
314010412	247866559	3.0
371149489	247866559	2.0
530547145	247866559	3.0
248159880	247866559	3.0
248166208	247866559	3.0
249664272	247866559	2.0
247839731	247866559	2.0
247865186	247866559	1.0
247866902	247866559	2.0
248159998	247866559	3.0
247866664	247866559	0.0
247839669	247866559	3.0
247845662	247866559	2.0
247845702	247866559	2.0
247866912	247866559	1.0
248166298	247866559	3.0
249663231	247866559	3.0
36882464	247866559	2.0
248159971	248159971	0
248234588	248159971	2.0
440055115	248159971	1.0
440055118	248159971	1.0
370073472	248159971	1.0
440055116	248159971	2.0
440055117	248159971	2.0
248156677	248159971	2.0
155075464	248159971	1.0
247842941	248159971	2.0
248166212	248159971	2.0
248166268	248159971	2.0
248166286	248159971	1.0
249663188	248159971	1.0
239988114	248159971	2.0
264854016	248159971	1.0
352412115	248159971	0.0
440055119	248159971	2.0
440055121	248159971	2.0
36865288	248159971	3.0
44225581	248159971	3.0
453461400	248159971	3.0
530629654	248159971	3.0
314010412	248159971	1.0
371149489	248159971	3.0
530547145	248159971	1.0
248159880	248159971	2.0
248166208	248159971	1.0
249664272	248159971	3.0
247839731	248159971	2.0
247865186	248159971	3.0
247866902	248159971	3.0
248159998	248159971	2.0
247866664	248159971	3.0
247839669	248159971	3.0
247845662	248159971	3.0
247845702	248159971	3.0
247866912	248159971	3.0
248166298	248159971	1.0
249663231	248159971	1.0
36882464	248159971	3.0
248234588	248234588	0
440055115	248234588	2.0
440055118	248234588	2.0
370073472	248234588	2.0
440055116	248234588	2.0
440055117	248234588	2.0
248156677	248234588	2.0
155075464	248234588	0.0
247842941	248234588	1.0
248166212	248234588	2.0
248166268	248234588	1.0
248166286	248234588	0.0
249663188	248234588	1.0
239988114	248234588	2.0
264854016	248234588	2.0
352412115	248234588	2.0
440055119	248234588	2.0
440055121	248234588	2.0
36865288	248234588	3.0
44225581	248234588	3.0
453461400	248234588	3.0
530629654	248234588	3.0
314010412	248234588	1.0
371149489	248234588	2.0
530547145	248234588	1.0
248159880	248234588	2.0
248166208	248234588	0.0
249664272	248234588	3.0
247839731	248234588	2.0
247865186	248234588	3.0
247866902	248234588	3.0
248159998	248234588	2.0
247866664	248234588	3.0
247839669	248234588	2.0
247845662	248234588	3.0
247845702	248234588	3.0
247866912	248234588	3.0
248166298	248234588	0.0
249663231	248234588	2.0
36882464	248234588	3.0
440055115	440055115	0
440055118	440055115	0.0
370073472	440055115	1.0
440055116	440055115	2.0
440055117	440055115	2.0
248156677	440055115	0.0
155075464	440055115	2.0
247842941	440055115	3.0
248166212	440055115	3.0
248166268	440055115	3.0
248166286	440055115	2.0
249663188	440055115	2.0
239988114	440055115	0.0
264854016	440055115	1.0
352412115	440055115	0.0
440055119	440055115	1.0
440055121	440055115	2.0
36865288	440055115	3.0
44225581	440055115	3.0
453461400	440055115	3.0
530629654	440055115	3.0
314010412	440055115	2.0
371149489	440055115	3.0
530547145	440055115	1.0
248159880	440055115	2.0
248166208	440055115	2.0
249664272	440055115	2.0
247839731	440055115	3.0
247865186	440055115	3.0
247866902	440055115	3.0
248159998	440055115	0.0
247866664	440055115	3.0
247839669	440055115	3.0
247845662	440055115	3.0
247845702	440055115	3.0
247866912	440055115	3.0
248166298	440055115	2.0
249663231	440055115	2.0
36882464	440055115	3.0
440055118	440055118	0
370073472	440055118	1.0
440055116	440055118	2.0
440055117	440055118	2.0
248156677	440055118	1.0
155075464	440055118	2.0
247842941	440055118	3.0
248166212	440055118	3.0
248166268	440055118	3.0
248166286	440055118	2.0
249663188	440055118	2.0
239988114	440055118	1.0
264854016	440055118	0.0
352412115	440055118	0.0
440055119	440055118	1.0
440055121	440055118	2.0
36865288	440055118	3.0
44225581	440055118	3.0
453461400	440055118	3.0
530629654	440055118	3.0
314010412	440055118	1.0
371149489	440055118	3.0
530547145	440055118	2.0
248159880	440055118	2.0
248166208	440055118	2.0
249664272	440055118	2.0
247839731	440055118	3.0
247865186	440055118	3.0
247866902	440055118	3.0
248159998	440055118	1.0
247866664	440055118	3.0
247839669	440055118	3.0
247845662	440055118	3.0
247845702	440055118	3.0
247866912	440055118	3.0
248166298	440055118	2.0
249663231	440055118	1.0
36882464	440055118	3.0
370073472	370073472	0
440055116	370073472	0.0
440055117	370073472	0.0
248156677	370073472	2.0
155075464	370073472	2.0
247842941	370073472	2.0
248166212	370073472	2.0
248166268	370073472	2.0
248166286	370073472	1.0
249663188	370073472	2.0
239988114	370073472	1.0
264854016	370073472	2.0
352412115	370073472	2.0
440055119	370073472	0.0
440055121	370073472	0.0
36865288	370073472	3.0
44225581	370073472	3.0
453461400	370073472	3.0
530629654	370073472	3.0
314010412	370073472	2.0
371149489	370073472	3.0
530547145	370073472	0.0
248159880	370073472	0.0
248166208	370073472	2.0
249664272	370073472	3.0
247839731	370073472	3.0
247865186	370073472	3.0
247866902	370073472	3.0
248159998	370073472	1.0
247866664	370073472	3.0
247839669	370073472	3.0
247845662	370073472	3.0
247845702	370073472	3.0
247866912	370073472	4.0
248166298	370073472	1.0
249663231	370073472	2.0
36882464	370073472	3.0
440055116	440055116	0
440055117	440055116	0.0
248156677	440055116	2.0
155075464	440055116	1.0
247842941	440055116	2.0
248166212	440055116	2.0
248166268	440055116	2.0
248166286	440055116	1.0
249663188	440055116	3.0
239988114	440055116	2.0
264854016	440055116	2.0
352412115	440055116	2.0
440055119	440055116	2.0
440055121	440055116	0.0
36865288	440055116	3.0
44225581	440055116	3.0
453461400	440055116	4.0
530629654	440055116	3.0
314010412	440055116	2.0
371149489	440055116	3.0
530547145	440055116	0.0
248159880	440055116	1.0
248166208	440055116	1.0
249664272	440055116	3.0
247839731	440055116	3.0
247865186	440055116	3.0
247866902	440055116	3.0
248159998	440055116	2.0
247866664	440055116	3.0
247839669	440055116	3.0
247845662	440055116	3.0
247845702	440055116	3.0
247866912	440055116	4.0
248166298	440055116	1.0
249663231	440055116	2.0
36882464	440055116	3.0
440055117	440055117	0
248156677	440055117	2.0
155075464	440055117	1.0
247842941	440055117	2.0
248166212	440055117	2.0
248166268	440055117	2.0
248166286	440055117	1.0
249663188	440055117	3.0
239988114	440055117	2.0
264854016	440055117	2.0
352412115	440055117	2.0
440055119	440055117	2.0
440055121	440055117	0.0
36865288	440055117	3.0
44225581	440055117	3.0
453461400	440055117	4.0
530629654	440055117	3.0
314010412	440055117	2.0
371149489	440055117	3.0
530547145	440055117	0.0
248159880	440055117	2.0
248166208	440055117	1.0
249664272	440055117	3.0
247839731	440055117	3.0
247865186	440055117	3.0
247866902	440055117	3.0
248159998	440055117	2.0
247866664	440055117	3.0
247839669	440055117	3.0
247845662	440055117	3.0
247845702	440055117	3.0
247866912	440055117	4.0
248166298	440055117	1.0
249663231	440055117	2.0
36882464	440055117	3.0
248156677	248156677	0
155075464	248156677	2.0
247842941	248156677	3.0
248166212	248156677	2.0
248166268	248156677	3.0
248166286	248156677	2.0
249663188	248156677	1.0
239988114	248156677	2.0
264854016	248156677	1.0
352412115	248156677	0.0
440055119	248156677	2.0
440055121	248156677	2.0
36865288	248156677	3.0
44225581	248156677	3.0
453461400	248156677	3.0
530629654	248156677	3.0
314010412	248156677	1.0
371149489	248156677	3.0
530547145	248156677	2.0
248159880	248156677	2.0
248166208	248156677	2.0
249664272	248156677	2.0
247839731	248156677	2.0
247865186	248156677	3.0
247866902	248156677	3.0
248159998	248156677	2.0
247866664	248156677	3.0
247839669	248156677	3.0
247845662	248156677	3.0
247845702	248156677	3.0
247866912	248156677	3.0
248166298	248156677	2.0
249663231	248156677	1.0
36882464	248156677	3.0
155075464	155075464	0
247842941	155075464	1.0
248166212	155075464	0.0
248166268	155075464	1.0
248166286	155075464	1.0
249663188	155075464	2.0
239988114	155075464	2.0
264854016	155075464	2.0
352412115	155075464	2.0
440055119	155075464	2.0
440055121	155075464	1.0
36865288	155075464	3.0
44225581	155075464	3.0
453461400	155075464	3.0
530629654	155075464	3.0
314010412	155075464	1.0
371149489	155075464	2.0
530547145	155075464	1.0
248159880	155075464	1.0
248166208	155075464	0.0
249664272	155075464	3.0
247839731	155075464	2.0
247865186	155075464	3.0
247866902	155075464	3.0
248159998	155075464	2.0
247866664	155075464	3.0
247839669	155075464	2.0
247845662	155075464	3.0
247845702	155075464	3.0
247866912	155075464	3.0
248166298	155075464	1.0
249663231	155075464	2.0
36882464	155075464	3.0
247842941	247842941	0
248166212	247842941	1.0
248166268	247842941	2.0
248166286	247842941	2.0
249663188	247842941	2.0
239988114	247842941	3.0
264854016	247842941	3.0
352412115	247842941	2.0
440055119	247842941	2.0
440055121	247842941	2.0
36865288	247842941	3.0
44225581	247842941	3.0
453461400	247842941	3.0
530629654	247842941	2.0
314010412	247842941	2.0
371149489	247842941	1.0
530547145	247842941	2.0
248159880	247842941	2.0
248166208	247842941	1.0
249664272	247842941	3.0
247839731	247842941	2.0
247865186	247842941	2.0
247866902	247842941	3.0
248159998	247842941	3.0
247866664	247842941	2.0
247839669	247842941	1.0
247845662	247842941	2.0
247845702	247842941	2.0
247866912	247842941	3.0
248166298	247842941	2.0
249663231	247842941	3.0
36882464	247842941	2.0
248166212	248166212	0
248166268	248166212	0.0
248166286	248166212	2.0
249663188	248166212	3.0
239988114	248166212	2.0
264854016	248166212	2.0
352412115	248166212	3.0
440055119	248166212	2.0
440055121	248166212	2.0
36865288	248166212	3.0
44225581	248166212	3.0
453461400	248166212	3.0
530629654	248166212	3.0
314010412	248166212	2.0
371149489	248166212	2.0
530547145	248166212	2.0
248159880	248166212	2.0
248166208	248166212	1.0
249664272	248166212	3.0
247839731	248166212	2.0
247865186	248166212	2.0
247866902	248166212	3.0
248159998	248166212	2.0
247866664	248166212	3.0
247839669	248166212	2.0
247845662	248166212	3.0
247845702	248166212	3.0
247866912	248166212	3.0
248166298	248166212	2.0
249663231	248166212	2.0
36882464	248166212	3.0
248166268	248166268	0
248166286	248166268	2.0
249663188	248166268	2.0
239988114	248166268	3.0
264854016	248166268	3.0
352412115	248166268	2.0
440055119	248166268	2.0
440055121	248166268	2.0
36865288	248166268	3.0
44225581	248166268	3.0
453461400	248166268	3.0
530629654	248166268	3.0
314010412	248166268	2.0
371149489	248166268	2.0
530547145	248166268	2.0
248159880	248166268	2.0
248166208	248166268	1.0
249664272	248166268	3.0
247839731	248166268	2.0
247865186	248166268	2.0
247866902	248166268	3.0
248159998	248166268	3.0
247866664	248166268	3.0
247839669	248166268	3.0
247845662	248166268	3.0
247845702	248166268	3.0
247866912	248166268	3.0
248166298	248166268	2.0
249663231	248166268	2.0
36882464	248166268	3.0
248166286	248166286	0
249663188	248166286	1.0
239988114	248166286	2.0
264854016	248166286	2.0
352412115	248166286	2.0
440055119	248166286	1.0
440055121	248166286	1.0
36865288	248166286	3.0
44225581	248166286	3.0
453461400	248166286	3.0
530629654	248166286	3.0
314010412	248166286	1.0
371149489	248166286	3.0
530547145	248166286	1.0
248159880	248166286	1.0
248166208	248166286	2.0
249664272	248166286	3.0
247839731	248166286	2.0
247865186	248166286	3.0
247866902	248166286	3.0
248159998	248166286	2.0
247866664	248166286	3.0
247839669	248166286	3.0
247845662	248166286	3.0
247845702	248166286	3.0
247866912	248166286	3.0
248166298	248166286	0.0
249663231	248166286	2.0
36882464	248166286	3.0
249663188	249663188	0
239988114	249663188	2.0
264854016	249663188	0.0
352412115	249663188	1.0
440055119	249663188	2.0
440055121	249663188	3.0
36865288	249663188	3.0
44225581	249663188	3.0
453461400	249663188	3.0
530629654	249663188	2.0
314010412	249663188	1.0
371149489	249663188	3.0
530547145	249663188	2.0
248159880	249663188	3.0
248166208	249663188	2.0
249664272	249663188	2.0
247839731	249663188	3.0
247865186	249663188	3.0
247866902	249663188	3.0
248159998	249663188	2.0
247866664	249663188	2.0
247839669	249663188	3.0
247845662	249663188	2.0
247845702	249663188	2.0
247866912	249663188	3.0
248166298	249663188	2.0
249663231	249663188	0.0
36882464	249663188	3.0
239988114	239988114	0
264854016	239988114	2.0
352412115	239988114	1.0
440055119	239988114	0.0
440055121	239988114	2.0
36865288	239988114	3.0
44225581	239988114	3.0
453461400	239988114	3.0
530629654	239988114	3.0
314010412	239988114	2.0
371149489	239988114	3.0
530547145	239988114	1.0
248159880	239988114	2.0
248166208	239988114	3.0
249664272	239988114	2.0
247839731	239988114	3.0
247865186	239988114	3.0
247866902	239988114	4.0
248159998	239988114	0.0
247866664	239988114	3.0
247839669	239988114	3.0
247845662	239988114	3.0
247845702	239988114	3.0
247866912	239988114	3.0
248166298	239988114	2.0
249663231	239988114	2.0
36882464	239988114	3.0
264854016	264854016	0
352412115	264854016	0.0
440055119	264854016	2.0
440055121	264854016	2.0
36865288	264854016	3.0
44225581	264854016	3.0
453461400	264854016	3.0
530629654	264854016	3.0
314010412	264854016	1.0
371149489	264854016	3.0
530547145	264854016	2.0
248159880	264854016	2.0
248166208	264854016	2.0
249664272	264854016	2.0
247839731	264854016	3.0
247865186	264854016	2.0
247866902	264854016	3.0
248159998	264854016	2.0
247866664	264854016	3.0
247839669	264854016	3.0
247845662	264854016	3.0
247845702	264854016	3.0
247866912	264854016	3.0
248166298	264854016	2.0
249663231	264854016	0.0
36882464	264854016	3.0
352412115	352412115	0
440055119	352412115	2.0
440055121	352412115	2.0
36865288	352412115	3.0
44225581	352412115	3.0
453461400	352412115	3.0
530629654	352412115	3.0
314010412	352412115	2.0
371149489	352412115	3.0
530547145	352412115	2.0
248159880	352412115	2.0
248166208	352412115	2.0
249664272	352412115	2.0
247839731	352412115	3.0
247865186	352412115	2.0
247866902	352412115	3.0
248159998	352412115	1.0
247866664	352412115	3.0
247839669	352412115	3.0
247845662	352412115	3.0
247845702	352412115	3.0
247866912	352412115	3.0
248166298	352412115	2.0
249663231	352412115	1.0
36882464	352412115	3.0
440055119	440055119	0
440055121	440055119	2.0
36865288	440055119	3.0
44225581	440055119	3.0
453461400	440055119	4.0
530629654	440055119	3.0
314010412	440055119	2.0
371149489	440055119	3.0
530547145	440055119	0.0
248159880	440055119	0.0
248166208	440055119	2.0
249664272	440055119	3.0
247839731	440055119	3.0
247865186	440055119	3.0
247866902	440055119	4.0
248159998	440055119	0.0
247866664	440055119	3.0
247839669	440055119	3.0
247845662	440055119	3.0
247845702	440055119	3.0
247866912	440055119	4.0
248166298	440055119	1.0
249663231	440055119	2.0
36882464	440055119	3.0
440055121	440055121	0
36865288	440055121	3.0
44225581	440055121	3.0
453461400	440055121	4.0
530629654	440055121	3.0
314010412	440055121	2.0
371149489	440055121	3.0
530547145	440055121	0.0
248159880	440055121	2.0
248166208	440055121	1.0
249664272	440055121	3.0
247839731	440055121	3.0
247865186	440055121	3.0
247866902	440055121	3.0
248159998	440055121	2.0
247866664	440055121	3.0
247839669	440055121	3.0
247845662	440055121	3.0
247845702	440055121	3.0
247866912	440055121	4.0
248166298	440055121	1.0
249663231	440055121	2.0
36882464	440055121	3.0
36865288	36865288	0
44225581	36865288	1.0
453461400	36865288	1.0
530629654	36865288	2.0
314010412	36865288	3.0
371149489	36865288	2.0
530547145	36865288	3.0
248159880	36865288	3.0
248166208	36865288	3.0
249664272	36865288	3.0
247839731	36865288	2.0
247865186	36865288	2.0
247866902	36865288	1.0
248159998	36865288	3.0
247866664	36865288	2.0
247839669	36865288	3.0
247845662	36865288	1.0
247845702	36865288	1.0
247866912	36865288	0.0
248166298	36865288	3.0
249663231	36865288	3.0
36882464	36865288	2.0
44225581	44225581	0
453461400	44225581	2.0
530629654	44225581	1.0
314010412	44225581	3.0
371149489	44225581	3.0
530547145	44225581	3.0
248159880	44225581	3.0
248166208	44225581	3.0
249664272	44225581	2.0
247839731	44225581	2.0
247865186	44225581	2.0
247866902	44225581	2.0
248159998	44225581	3.0
247866664	44225581	1.0
247839669	44225581	3.0
247845662	44225581	2.0
247845702	44225581	2.0
247866912	44225581	1.0
248166298	44225581	3.0
249663231	44225581	3.0
36882464	44225581	2.0
453461400	453461400	0
530629654	453461400	2.0
314010412	453461400	3.0
371149489	453461400	3.0
530547145	453461400	3.0
248159880	453461400	4.0
248166208	453461400	3.0
249664272	453461400	3.0
247839731	453461400	2.0
247865186	453461400	3.0
247866902	453461400	0.0
248159998	453461400	4.0
247866664	453461400	2.0
247839669	453461400	3.0
247845662	453461400	2.0
247845702	453461400	2.0
247866912	453461400	1.0
248166298	453461400	3.0
249663231	453461400	3.0
36882464	453461400	2.0
530629654	530629654	0
314010412	530629654	2.0
371149489	530629654	2.0
530547145	530629654	3.0
248159880	530629654	3.0
248166208	530629654	3.0
249664272	530629654	2.0
247839731	530629654	1.0
247865186	530629654	1.0
247866902	530629654	2.0
248159998	530629654	3.0
247866664	530629654	0.0
247839669	530629654	2.0
247845662	530629654	2.0
247845702	530629654	2.0
247866912	530629654	2.0
248166298	530629654	3.0
249663231	530629654	3.0
36882464	530629654	2.0
314010412	314010412	0
371149489	314010412	2.0
530547145	314010412	2.0
248159880	314010412	2.0
248166208	314010412	1.0
249664272	314010412	2.0
247839731	314010412	2.0
247865186	314010412	2.0
247866902	314010412	3.0
248159998	314010412	2.0
247866664	314010412	2.0
247839669	314010412	2.0
247845662	314010412	2.0
247845702	314010412	2.0
247866912	314010412	3.0
248166298	314010412	1.0
249663231	314010412	1.0
36882464	314010412	3.0
371149489	371149489	0
530547145	371149489	3.0
248159880	371149489	3.0
248166208	371149489	2.0
249664272	371149489	3.0
247839731	371149489	2.0
247865186	371149489	3.0
247866902	371149489	3.0
248159998	371149489	3.0
247866664	371149489	2.0
247839669	371149489	0.0
247845662	371149489	2.0
247845702	371149489	2.0
247866912	371149489	3.0
248166298	371149489	3.0
249663231	371149489	3.0
36882464	371149489	2.0
530547145	530547145	0
248159880	530547145	1.0
248166208	530547145	2.0
249664272	530547145	3.0
247839731	530547145	3.0
247865186	530547145	3.0
247866902	530547145	3.0
248159998	530547145	1.0
247866664	530547145	3.0
247839669	530547145	3.0
247845662	530547145	3.0
247845702	530547145	3.0
247866912	530547145	4.0
248166298	530547145	1.0
249663231	530547145	2.0
36882464	530547145	3.0
248159880	248159880	0
248166208	248159880	1.0
249664272	248159880	3.0
247839731	248159880	3.0
247865186	248159880	3.0
247866902	248159880	4.0
248159998	248159880	2.0
247866664	248159880	3.0
247839669	248159880	3.0
247845662	248159880	3.0
247845702	248159880	3.0
247866912	248159880	4.0
248166298	248159880	1.0
249663231	248159880	2.0
36882464	248159880	3.0
248166208	248166208	0
249664272	248166208	3.0
247839731	248166208	2.0
247865186	248166208	3.0
247866902	248166208	3.0
248159998	248166208	3.0
247866664	248166208	3.0
247839669	248166208	2.0
247845662	248166208	3.0
247845702	248166208	3.0
247866912	248166208	3.0
248166298	248166208	1.0
249663231	248166208	2.0
36882464	248166208	3.0
249664272	249664272	0
247839731	249664272	3.0
247865186	249664272	3.0
247866902	249664272	3.0
248159998	249664272	2.0
247866664	249664272	2.0
247839669	249664272	3.0
247845662	249664272	3.0
247845702	249664272	3.0
247866912	249664272	3.0
248166298	249664272	3.0
249663231	249664272	1.0
36882464	249664272	3.0
247839731	247839731	0
247865186	247839731	2.0
247866902	247839731	1.0
248159998	247839731	3.0
247866664	247839731	2.0
247839669	247839731	2.0
247845662	247839731	1.0
247845702	247839731	1.0
247866912	247839731	2.0
248166298	247839731	2.0
249663231	247839731	2.0
36882464	247839731	1.0
247865186	247865186	0
247866902	247865186	3.0
248159998	247865186	3.0
247866664	247865186	1.0
247839669	247865186	3.0
247845662	247865186	2.0
247845702	247865186	2.0
247866912	247865186	2.0
248166298	247865186	3.0
249663231	247865186	2.0
36882464	247865186	1.0
247866902	247866902	0
248159998	247866902	4.0
247866664	247866902	2.0
247839669	247866902	3.0
247845662	247866902	1.0
247845702	247866902	2.0
247866912	247866902	1.0
248166298	247866902	3.0
249663231	247866902	3.0
36882464	247866902	2.0
248159998	248159998	0
247866664	248159998	3.0
247839669	248159998	3.0
247845662	248159998	3.0
247845702	248159998	3.0
247866912	248159998	3.0
248166298	248159998	2.0
249663231	248159998	2.0
36882464	248159998	3.0
247866664	247866664	0
247839669	247866664	3.0
247845662	247866664	2.0
247845702	247866664	2.0
247866912	247866664	1.0
248166298	247866664	3.0
249663231	247866664	3.0
36882464	247866664	2.0
247839669	247839669	0
247845662	247839669	2.0
247845702	247839669	2.0
247866912	247839669	3.0
248166298	247839669	3.0
249663231	247839669	3.0
36882464	247839669	2.0
247845662	247845662	0
247845702	247845662	0.0
247866912	247845662	2.0
248166298	247845662	3.0
249663231	247845662	3.0
36882464	247845662	0.0
247845702	247845702	0
247866912	247845702	2.0
248166298	247845702	3.0
249663231	247845702	3.0
36882464	247845702	0.0
247866912	247866912	0
248166298	247866912	3.0
249663231	247866912	3.0
36882464	247866912	2.0
248166298	248166298	0
249663231	248166298	2.0
36882464	248166298	3.0
249663231	249663231	0
36882464	249663231	3.0
36882464	36882464	0
