250490717	[-12,-16.0,28.0]	40.73883480000001	-74.00129067999998	0.03822565880930319	0.5176683071747321	0.19603227766826936	0.6409224862769061	0.8279569892473119	0.5488060771866451
264624913	[-9,-8.0,17.0]	40.74029227272727	-74.00262316363636	0.03822565880930319	0.5176683071747321	0.19603227766826936	0.6409224862769061	0.8279569892473119	0.5488060771866451
264625645	[-4,14.0,-10.0]	40.74357600967741	-74.00642872903228	0.03822565880930319	0.5176683071747321	0.19603227766826936	0.6409224862769061	0.8279569892473119	0.5488060771866451
264643867	[19,-14.0,-5.0]	40.745431876923085	-74.00147321538462	0.03822565880930319	0.5176683071747321	0.19603227766826936	0.6409224862769061	0.8279569892473119	0.5488060771866451
288603699	[6,20.0,-26.0]	40.74623394166667	-74.00761376666667	0.03822565880930319	0.5176683071747321	0.19603227766826936	0.6409224862769061	0.8279569892473119	0.5488060771866451
288767464	[20,4.0,-24.0]	40.74748891818182	-74.00472641818182	0.03822565880930319	0.5176683071747321	0.19603227766826936	0.6409224862769061	0.8279569892473119	0.5488060771866451
288767466	[12,9.0,-21.0]	40.7462746	-74.00556786	0.03822565880930319	0.5176683071747321	0.19603227766826936	0.6409224862769061	0.8279569892473119	0.5488060771866451
288767467	[7,13.0,-20.0]	40.745685509090904	-74.00639089090909	0.03822565880930319	0.5176683071747321	0.19603227766826936	0.6409224862769061	0.8279569892473119	0.5488060771866451
293950322	[24,14.0,-38.0]	40.74921758333333	-74.00641521666667	0.03822565880930319	0.5176683071747321	0.19603227766826936	0.6409224862769061	0.8279569892473119	0.5488060771866451
248755457	[-27,-30.0,57.0]	40.73423911578948	-73.99871671052631	0.03822565880930319	0.5176683071747321	0.19603227766826936	0.6409224862769061	0.8279569892473119	0.5488060771866451
264644825	[11,-42.0,31.0]	40.740852811111104	-73.99666145555554	0.03822565880930319	0.5176683071747321	0.19603227766826936	0.6409224862769061	0.8279569892473119	0.5488060771866451
277955123	[1,-53.0,52.0]	40.737634705555564	-73.99457329444445	0.03822565880930319	0.5176683071747321	0.19603227766826936	0.6409224862769061	0.8279569892473119	0.5488060771866451
264633440	[1,-18.0,17.0]	40.741204440000004	-74.00087974000002	0.03822565880930319	0.5176683071747321	0.19603227766826936	0.6409224862769061	0.8279569892473119	0.5488060771866451
264624881	[-11,3.0,8.0]	40.74104375555555	-74.00458314444444	0.03822565880930319	0.5176683071747321	0.19603227766826936	0.6409224862769061	0.8279569892473119	0.5488060771866451
250072763	[-21,-34.0,55.0]	40.735140775	-73.99807178333332	0.03822565880930319	0.5176683071747321	0.19603227766826936	0.6409224862769061	0.8279569892473119	0.5488060771866451
264630948	[-8,-23.0,31.0]	40.73891536	-73.99997119999999	0.03822565880930319	0.5176683071747321	0.19603227766826936	0.6409224862769061	0.8279569892473119	0.5488060771866451
264630952	[-7,-24.0,31.0]	40.73895862222221	-73.99983815555555	0.03822565880930319	0.5176683071747321	0.19603227766826936	0.6409224862769061	0.8279569892473119	0.5488060771866451
264630999	[-8,-24.0,32.0]	40.7389083	-73.99978794285714	0.03822565880930319	0.5176683071747321	0.19603227766826936	0.6409224862769061	0.8279569892473119	0.5488060771866451
264638572	[6,-54.0,48.0]	40.73866505	-73.99449680000001	0.03822565880930319	0.5176683071747321	0.19603227766826936	0.6409224862769061	0.8279569892473119	0.5488060771866451
264644249	[12,-25.0,13.0]	40.742830707692306	-73.9996457	0.03822565880930319	0.5176683071747321	0.19603227766826936	0.6409224862769061	0.8279569892473119	0.5488060771866451
228996440	[13,31.0,-44.0]	40.74872540697674	-74.00943491627908	0.03822565880930319	0.5176683071747321	0.19603227766826936	0.6409224862769061	0.8279569892473119	0.5488060771866451
459810316	[6,2.0,-8.0]	40.74438424	-74.00429431999999	0.03822565880930319	0.5176683071747321	0.19603227766826936	0.6409224862769061	0.8279569892473119	0.5488060771866451
459810317	[9,-4.0,-5.0]	40.74432142	-74.00323134	0.03822565880930319	0.5176683071747321	0.19603227766826936	0.6409224862769061	0.8279569892473119	0.5488060771866451
459820143	[-2,3.0,-1.0]	40.74274202	-74.00455684	0.03822565880930319	0.5176683071747321	0.19603227766826936	0.6409224862769061	0.8279569892473119	0.5488060771866451
459820179	[6,-2.0,-4.0]	40.74388716	-74.00370391999999	0.03822565880930319	0.5176683071747321	0.19603227766826936	0.6409224862769061	0.8279569892473119	0.5488060771866451
459838884	[0,9.0,-9.0]	40.74385138000001	-74.00570858	0.03822565880930319	0.5176683071747321	0.19603227766826936	0.6409224862769061	0.8279569892473119	0.5488060771866451
491483505	[22,17.0,-39.0]	40.74914876	-74.00714192000001	0.03822565880930319	0.5176683071747321	0.19603227766826936	0.6409224862769061	0.8279569892473119	0.5488060771866451
70868798	[23,20.0,-43.0]	40.74966049999999	-74.00768912000001	0.03822565880930319	0.5176683071747321	0.19603227766826936	0.6409224862769061	0.8279569892473119	0.5488060771866451
388274375	[23,18.0,-41.0]	40.749501783333336	-74.0071865	0.03822565880930319	0.5176683071747321	0.19603227766826936	0.6409224862769061	0.8279569892473119	0.5488060771866451
491483504	[23,17.0,-40.0]	40.74941634615386	-74.00702215384617	0.03822565880930319	0.5176683071747321	0.19603227766826936	0.6409224862769061	0.8279569892473119	0.5488060771866451
352374624	[-42,-32.0,74.0]	40.73094714545454	-73.99837578181818	0.03822565880930319	0.5176683071747321	0.19603227766826936	0.6409224862769061	0.8279569892473119	0.5488060771866451
250490670	[-16,-16.0,32.0]	40.73797875882354	-74.00112104705882	0.03822565880930319	0.5176683071747321	0.19603227766826936	0.6409224862769061	0.8279569892473119	0.5488060771866451
256082877	[33,-28.0,-5.0]	40.746756295	-73.99905205499999	0.03822565880930319	0.5176683071747321	0.19603227766826936	0.6409224862769061	0.8279569892473119	0.5488060771866451
459797787	[3,-11.0,8.0]	40.74243455172413	-74.00198737931035	0.03822565880930319	0.5176683071747321	0.19603227766826936	0.6409224862769061	0.8279569892473119	0.5488060771866451
250072761	[-17,-39.0,56.0]	40.73549646666666	-73.99705713333334	0.03822565880930319	0.5176683071747321	0.19603227766826936	0.6409224862769061	0.8279569892473119	0.5488060771866451
250471890	[-9,-43.0,52.0]	40.73664616666667	-73.99643165555557	0.03822565880930319	0.5176683071747321	0.19603227766826936	0.6409224862769061	0.8279569892473119	0.5488060771866451
250473919	[-14,-31.0,45.0]	40.73683737777778	-73.99846368888889	0.03822565880930319	0.5176683071747321	0.19603227766826936	0.6409224862769061	0.8279569892473119	0.5488060771866451
250474273	[-22,-28.0,50.0]	40.73543445263159	-73.99906546842105	0.03822565880930319	0.5176683071747321	0.19603227766826936	0.6409224862769061	0.8279569892473119	0.5488060771866451
367809093	[-14,-26.0,40.0]	40.73730785	-73.99938932142858	0.03822565880930319	0.5176683071747321	0.19603227766826936	0.6409224862769061	0.8279569892473119	0.5488060771866451
459797785	[16,-18.0,2.0]	40.74428171818182	-74.0008984590909	0.03822565880930319	0.5176683071747321	0.19603227766826936	0.6409224862769061	0.8279569892473119	0.5488060771866451
468778646	[-8,-15.0,23.0]	40.73970536818182	-74.00133554090908	0.03822565880930319	0.5176683071747321	0.19603227766826936	0.6409224862769061	0.8279569892473119	0.5488060771866451
468781231	[-13,-13.0,26.0]	40.738908224	-74.00172085599999	0.03822565880930319	0.5176683071747321	0.19603227766826936	0.6409224862769061	0.8279569892473119	0.5488060771866451
22900913	[0,-12.0,12.0]	40.74164150000001	-74.00197655000001	0.03822565880930319	0.5176683071747321	0.19603227766826936	0.6409224862769061	0.8279569892473119	0.5488060771866451
22904239	[-13,24.0,-11.0]	40.742734395238095	-74.00831172857143	0.03822565880930319	0.5176683071747321	0.19603227766826936	0.6409224862769061	0.8279569892473119	0.5488060771866451
22961904	[17,2.0,-19.0]	40.746584711111105	-74.00440354444443	0.03822565880930319	0.5176683071747321	0.19603227766826936	0.6409224862769061	0.8279569892473119	0.5488060771866451
288767465	[8,12.0,-20.0]	40.74578376666667	-74.00613438333333	0.03822565880930319	0.5176683071747321	0.19603227766826936	0.6409224862769061	0.8279569892473119	0.5488060771866451
317378540	[-4,7.0,-3.0]	40.74284805714286	-74.00527791428571	0.03822565880930319	0.5176683071747321	0.19603227766826936	0.6409224862769061	0.8279569892473119	0.5488060771866451
323407714	[0,16.0,-16.0]	40.7445626	-74.00697646	0.03822565880930319	0.5176683071747321	0.19603227766826936	0.6409224862769061	0.8279569892473119	0.5488060771866451
459810315	[4,4.0,-8.0]	40.744152406249995	-74.00467379374999	0.03822565880930319	0.5176683071747321	0.19603227766826936	0.6409224862769061	0.8279569892473119	0.5488060771866451
459815267	[8,1.0,-9.0]	40.744643016666664	-74.00413296666666	0.03822565880930319	0.5176683071747321	0.19603227766826936	0.6409224862769061	0.8279569892473119	0.5488060771866451
459815268	[2,4.0,-6.0]	40.743762044444445	-74.00466717777778	0.03822565880930319	0.5176683071747321	0.19603227766826936	0.6409224862769061	0.8279569892473119	0.5488060771866451
617506891	[18,20.0,-38.0]	40.74871234285714	-74.00751552857143	0.03822565880930319	0.5176683071747321	0.19603227766826936	0.6409224862769061	0.8279569892473119	0.5488060771866451
336863051	[-44,-31.0,75.0]	40.73069849565217	-73.99842279999999	0.03822565880930319	0.5176683071747321	0.19603227766826936	0.6409224862769061	0.8279569892473119	0.5488060771866451
220892650	[5,-46.0,41.0]	40.739253899999994	-73.99583206	0.03822565880930319	0.5176683071747321	0.19603227766826936	0.6409224862769061	0.8279569892473119	0.5488060771866451
238142698	[9,-56.0,47.0]	40.739103666666665	-73.99405994444444	0.03822565880930319	0.5176683071747321	0.19603227766826936	0.6409224862769061	0.8279569892473119	0.5488060771866451
239988120	[-28,-26.0,54.0]	40.7344946	-73.99949586	0.03822565880930319	0.5176683071747321	0.19603227766826936	0.6409224862769061	0.8279569892473119	0.5488060771866451
240073954	[10,-63.0,53.0]	40.73840736666667	-73.99278945	0.03822565880930319	0.5176683071747321	0.19603227766826936	0.6409224862769061	0.8279569892473119	0.5488060771866451
468779450	[-7,-20.0,27.0]	40.739370168421054	-74.00040630701756	0.03822565880930319	0.5176683071747321	0.19603227766826936	0.6409224862769061	0.8279569892473119	0.5488060771866451
471549306	[-20,-16.0,36.0]	40.73724468333334	-74.00115753333334	0.03822565880930319	0.5176683071747321	0.19603227766826936	0.6409224862769061	0.8279569892473119	0.5488060771866451
473054035	[-13,-18.0,31.0]	40.738497447222215	-74.00081715555555	0.03822565880930319	0.5176683071747321	0.19603227766826936	0.6409224862769061	0.8279569892473119	0.5488060771866451
543214394	[-18,-37.0,55.0]	40.73547706666667	-73.99744546666669	0.03822565880930319	0.5176683071747321	0.19603227766826936	0.6409224862769061	0.8279569892473119	0.5488060771866451
292846303	[33,-52.0,19.0]	40.74431645384615	-73.99475276923077	0.03822565880930319	0.5176683071747321	0.19603227766826936	0.6409224862769061	0.8279569892473119	0.5488060771866451
248163396	[-44,-23.0,67.0]	40.73148984615385	-73.99997215384616	0.03822565880930319	0.5176683071747321	0.19603227766826936	0.6409224862769061	0.8279569892473119	0.5488060771866451
250473936	[-12,-28.0,40.0]	40.73758695	-73.99894086666667	0.03822565880930319	0.5176683071747321	0.19603227766826936	0.6409224862769061	0.8279569892473119	0.5488060771866451
264630976	[-8,-18.0,26.0]	40.73935684285714	-74.00079368571429	0.03822565880930319	0.5176683071747321	0.19603227766826936	0.6409224862769061	0.8279569892473119	0.5488060771866451
264649444	[32,-58.0,26.0]	40.74353502857143	-73.99361212857143	0.03822565880930319	0.5176683071747321	0.19603227766826936	0.6409224862769061	0.8279569892473119	0.5488060771866451
249664014	[-26,-28.0,54.0]	40.734665748387094	-73.99911238709677	0.03822565880930319	0.5176683071747321	0.19603227766826936	0.6409224862769061	0.8279569892473119	0.5488060771866451
264650639	[31,-46.0,15.0]	40.74449395	-73.9959333625	0.03822565880930319	0.5176683071747321	0.19603227766826936	0.6409224862769061	0.8279569892473119	0.5488060771866451
264625638	[-4,10.0,-6.0]	40.74308742857143	-74.00577391428571	0.03822565880930319	0.5176683071747321	0.19603227766826936	0.6409224862769061	0.8279569892473119	0.5488060771866451
264649433	[33,-60.0,27.0]	40.74360243846154	-73.99332484615384	0.03822565880930319	0.5176683071747321	0.19603227766826936	0.6409224862769061	0.8279569892473119	0.5488060771866451
264651626	[27,-24.0,-3.0]	40.74603728	-73.99973536666666	0.03822565880930319	0.5176683071747321	0.19603227766826936	0.6409224862769061	0.8279569892473119	0.5488060771866451
264644793	[11,-40.0,29.0]	40.74112538333333	-73.99686973333333	0.03822565880930319	0.5176683071747321	0.19603227766826936	0.6409224862769061	0.8279569892473119	0.5488060771866451
288603708	[-11,12.0,-1.0]	40.741856737499994	-74.00608875	0.03822565880930319	0.5176683071747321	0.19603227766826936	0.6409224862769061	0.8279569892473119	0.5488060771866451
264627631	[8,14.0,-22.0]	40.745944924999996	-74.006511425	0.03822565880930319	0.5176683071747321	0.19603227766826936	0.6409224862769061	0.8279569892473119	0.5488060771866451
264629195	[11,-12.0,1.0]	40.74398314285715	-74.00180571428571	0.03822565880930319	0.5176683071747321	0.19603227766826936	0.6409224862769061	0.8279569892473119	0.5488060771866451
264643155	[15,7.0,-22.0]	40.7466736	-74.00529203636364	0.03822565880930319	0.5176683071747321	0.19603227766826936	0.6409224862769061	0.8279569892473119	0.5488060771866451
248163424	[-34,-31.0,65.0]	40.73268437692308	-73.99857919230769	0.03822565880930319	0.5176683071747321	0.19603227766826936	0.6409224862769061	0.8279569892473119	0.5488060771866451
250072645	[-21,-47.0,68.0]	40.733794046153854	-73.99567428461538	0.03822565880930319	0.5176683071747321	0.19603227766826936	0.6409224862769061	0.8279569892473119	0.5488060771866451
250072646	[-17,-49.0,66.0]	40.734459770833325	-73.99524487083333	0.03822565880930319	0.5176683071747321	0.19603227766826936	0.6409224862769061	0.8279569892473119	0.5488060771866451
250490660	[-13,-20.0,33.0]	40.73816220833334	-74.00044309166667	0.03822565880930319	0.5176683071747321	0.19603227766826936	0.6409224862769061	0.8279569892473119	0.5488060771866451
264635199	[0,-38.0,38.0]	40.73903898333334	-73.99726591111111	0.03822565880930319	0.5176683071747321	0.19603227766826936	0.6409224862769061	0.8279569892473119	0.5488060771866451
264637734	[1,-49.0,48.0]	40.73800488695653	-73.99530034347826	0.03822565880930319	0.5176683071747321	0.19603227766826936	0.6409224862769061	0.8279569892473119	0.5488060771866451
264651587	[23,-24.0,1.0]	40.74517252727273	-73.99962668636364	0.03822565880930319	0.5176683071747321	0.19603227766826936	0.6409224862769061	0.8279569892473119	0.5488060771866451
264669366	[31,-22.0,-9.0]	40.7470639	-74.00019683333332	0.03822565880930319	0.5176683071747321	0.19603227766826936	0.6409224862769061	0.8279569892473119	0.5488060771866451
250490717	250490717	0
264624913	250490717	0.0
264625645	250490717	3.0
264643867	250490717	3.0
288603699	250490717	3.0
288767464	250490717	3.0
288767466	250490717	3.0
288767467	250490717	3.0
293950322	250490717	3.0
248755457	250490717	3.0
264644825	250490717	3.0
277955123	250490717	2.0
264633440	250490717	3.0
264624881	250490717	1.0
250072763	250490717	2.0
264630948	250490717	0.0
264630952	250490717	0.0
264630999	250490717	0.0
264638572	250490717	2.0
264644249	250490717	3.0
228996440	250490717	3.0
459810316	250490717	3.0
459810317	250490717	3.0
459820143	250490717	2.0
459820179	250490717	2.0
459838884	250490717	3.0
491483505	250490717	3.0
70868798	250490717	4.0
388274375	250490717	4.0
491483504	250490717	3.0
352374624	250490717	3.0
250490670	250490717	1.0
256082877	250490717	3.0
459797787	250490717	3.0
250072761	250490717	2.0
250471890	250490717	2.0
250473919	250490717	2.0
250474273	250490717	2.0
367809093	250490717	2.0
459797785	250490717	3.0
468778646	250490717	0.0
468781231	250490717	1.0
22900913	250490717	2.0
22904239	250490717	3.0
22961904	250490717	3.0
288767465	250490717	3.0
317378540	250490717	2.0
323407714	250490717	3.0
459810315	250490717	3.0
459815267	250490717	3.0
459815268	250490717	3.0
617506891	250490717	3.0
336863051	250490717	3.0
220892650	250490717	2.0
238142698	250490717	3.0
239988120	250490717	2.0
240073954	250490717	3.0
468779450	250490717	2.0
471549306	250490717	2.0
473054035	250490717	1.0
543214394	250490717	2.0
292846303	250490717	3.0
248163396	250490717	3.0
250473936	250490717	2.0
264630976	250490717	0.0
264649444	250490717	3.0
249664014	250490717	2.0
264650639	250490717	3.0
264625638	250490717	2.0
264649433	250490717	3.0
264651626	250490717	3.0
264644793	250490717	2.0
288603708	250490717	2.0
264627631	250490717	3.0
264629195	250490717	3.0
264643155	250490717	3.0
248163424	250490717	3.0
250072645	250490717	3.0
250072646	250490717	3.0
250490660	250490717	1.0
264635199	250490717	2.0
264637734	250490717	2.0
264651587	250490717	3.0
264669366	250490717	3.0
264624913	264624913	0
264625645	264624913	2.0
264643867	264624913	3.0
288603699	264624913	3.0
288767464	264624913	3.0
288767466	264624913	3.0
288767467	264624913	3.0
293950322	264624913	3.0
248755457	264624913	3.0
264644825	264624913	2.0
277955123	264624913	3.0
264633440	264624913	3.0
264624881	264624913	1.0
250072763	264624913	2.0
264630948	264624913	1.0
264630952	264624913	1.0
264630999	264624913	1.0
264638572	264624913	3.0
264644249	264624913	3.0
228996440	264624913	3.0
459810316	264624913	2.0
459810317	264624913	2.0
459820143	264624913	2.0
459820179	264624913	2.0
459838884	264624913	2.0
491483505	264624913	3.0
70868798	264624913	3.0
388274375	264624913	3.0
491483504	264624913	3.0
352374624	264624913	3.0
250490670	264624913	1.0
256082877	264624913	3.0
459797787	264624913	3.0
250072761	264624913	3.0
250471890	264624913	2.0
250473919	264624913	2.0
250474273	264624913	2.0
367809093	264624913	2.0
459797785	264624913	2.0
468778646	264624913	0.0
468781231	264624913	1.0
22900913	264624913	1.0
22904239	264624913	3.0
22961904	264624913	3.0
288767465	264624913	3.0
317378540	264624913	2.0
323407714	264624913	3.0
459810315	264624913	2.0
459815267	264624913	2.0
459815268	264624913	2.0
617506891	264624913	3.0
336863051	264624913	3.0
220892650	264624913	2.0
238142698	264624913	3.0
239988120	264624913	2.0
240073954	264624913	3.0
468779450	264624913	2.0
471549306	264624913	2.0
473054035	264624913	1.0
543214394	264624913	3.0
292846303	264624913	3.0
248163396	264624913	3.0
250473936	264624913	2.0
264630976	264624913	0.0
264649444	264624913	3.0
249664014	264624913	3.0
264650639	264624913	3.0
264625638	264624913	2.0
264649433	264624913	3.0
264651626	264624913	2.0
264644793	264624913	2.0
288603708	264624913	2.0
264627631	264624913	3.0
264629195	264624913	3.0
264643155	264624913	3.0
248163424	264624913	3.0
250072645	264624913	3.0
250072646	264624913	3.0
250490660	264624913	1.0
264635199	264624913	2.0
264637734	264624913	2.0
264651587	264624913	3.0
264669366	264624913	3.0
264625645	264625645	0
264643867	264625645	2.0
288603699	264625645	1.0
288767464	264625645	2.0
288767466	264625645	1.0
288767467	264625645	2.0
293950322	264625645	2.0
248755457	264625645	3.0
264644825	264625645	3.0
277955123	264625645	3.0
264633440	264625645	2.0
264624881	264625645	2.0
250072763	264625645	3.0
264630948	264625645	3.0
264630952	264625645	3.0
264630999	264625645	3.0
264638572	264625645	3.0
264644249	264625645	2.0
228996440	264625645	3.0
459810316	264625645	2.0
459810317	264625645	1.0
459820143	264625645	2.0
459820179	264625645	1.0
459838884	264625645	0.0
491483505	264625645	3.0
70868798	264625645	3.0
388274375	264625645	3.0
491483504	264625645	2.0
352374624	264625645	4.0
250490670	264625645	3.0
256082877	264625645	3.0
459797787	264625645	2.0
250072761	264625645	4.0
250471890	264625645	3.0
250473919	264625645	3.0
250474273	264625645	3.0
367809093	264625645	3.0
459797785	264625645	2.0
468778646	264625645	3.0
468781231	264625645	3.0
22900913	264625645	2.0
22904239	264625645	2.0
22961904	264625645	2.0
288767465	264625645	1.0
317378540	264625645	2.0
323407714	264625645	1.0
459810315	264625645	1.0
459815267	264625645	2.0
459815268	264625645	1.0
617506891	264625645	2.0
336863051	264625645	4.0
220892650	264625645	3.0
238142698	264625645	3.0
239988120	264625645	3.0
240073954	264625645	3.0
468779450	264625645	3.0
471549306	264625645	3.0
473054035	264625645	3.0
543214394	264625645	4.0
292846303	264625645	3.0
248163396	264625645	4.0
250473936	264625645	3.0
264630976	264625645	3.0
264649444	264625645	3.0
249664014	264625645	3.0
264650639	264625645	3.0
264625638	264625645	2.0
264649433	264625645	4.0
264651626	264625645	3.0
264644793	264625645	3.0
288603708	264625645	2.0
264627631	264625645	1.0
264629195	264625645	2.0
264643155	264625645	2.0
248163424	264625645	4.0
250072645	264625645	4.0
250072646	264625645	4.0
250490660	264625645	3.0
264635199	264625645	3.0
264637734	264625645	3.0
264651587	264625645	3.0
264669366	264625645	3.0
264643867	264643867	0
288603699	264643867	2.0
288767464	264643867	2.0
288767466	264643867	2.0
288767467	264643867	2.0
293950322	264643867	2.0
248755457	264643867	4.0
264644825	264643867	3.0
277955123	264643867	4.0
264633440	264643867	3.0
264624881	264643867	3.0
250072763	264643867	4.0
264630948	264643867	3.0
264630952	264643867	3.0
264630999	264643867	3.0
264638572	264643867	3.0
264644249	264643867	2.0
228996440	264643867	3.0
459810316	264643867	2.0
459810317	264643867	3.0
459820143	264643867	3.0
459820179	264643867	3.0
459838884	264643867	2.0
491483505	264643867	2.0
70868798	264643867	3.0
388274375	264643867	3.0
491483504	264643867	2.0
352374624	264643867	4.0
250490670	264643867	3.0
256082877	264643867	2.0
459797787	264643867	3.0
250072761	264643867	4.0
250471890	264643867	4.0
250473919	264643867	4.0
250474273	264643867	4.0
367809093	264643867	3.0
459797785	264643867	3.0
468778646	264643867	3.0
468781231	264643867	3.0
22900913	264643867	3.0
22904239	264643867	3.0
22961904	264643867	1.0
288767465	264643867	3.0
317378540	264643867	3.0
323407714	264643867	2.0
459810315	264643867	3.0
459815267	264643867	2.0
459815268	264643867	3.0
617506891	264643867	3.0
336863051	264643867	4.0
220892650	264643867	3.0
238142698	264643867	3.0
239988120	264643867	4.0
240073954	264643867	3.0
468779450	264643867	3.0
471549306	264643867	3.0
473054035	264643867	3.0
543214394	264643867	4.0
292846303	264643867	2.0
248163396	264643867	4.0
250473936	264643867	3.0
264630976	264643867	3.0
264649444	264643867	2.0
249664014	264643867	4.0
264650639	264643867	2.0
264625638	264643867	3.0
264649433	264643867	3.0
264651626	264643867	1.0
264644793	264643867	3.0
288603708	264643867	3.0
264627631	264643867	3.0
264629195	264643867	3.0
264643155	264643867	2.0
248163424	264643867	4.0
250072645	264643867	4.0
250072646	264643867	4.0
250490660	264643867	3.0
264635199	264643867	3.0
264637734	264643867	4.0
264651587	264643867	0.0
264669366	264643867	1.0
288603699	288603699	0
288767464	288603699	2.0
288767466	288603699	1.0
288767467	288603699	0.0
293950322	288603699	2.0
248755457	288603699	4.0
264644825	288603699	3.0
277955123	288603699	4.0
264633440	288603699	3.0
264624881	288603699	3.0
250072763	288603699	4.0
264630948	288603699	3.0
264630952	288603699	3.0
264630999	288603699	3.0
264638572	288603699	3.0
264644249	288603699	3.0
228996440	288603699	2.0
459810316	288603699	2.0
459810317	288603699	2.0
459820143	288603699	2.0
459820179	288603699	2.0
459838884	288603699	2.0
491483505	288603699	2.0
70868798	288603699	2.0
388274375	288603699	2.0
491483504	288603699	2.0
352374624	288603699	4.0
250490670	288603699	3.0
256082877	288603699	3.0
459797787	288603699	3.0
250072761	288603699	4.0
250471890	288603699	4.0
250473919	288603699	3.0
250474273	288603699	4.0
367809093	288603699	3.0
459797785	288603699	3.0
468778646	288603699	3.0
468781231	288603699	3.0
22900913	288603699	2.0
22904239	288603699	1.0
22961904	288603699	2.0
288767465	288603699	1.0
317378540	288603699	3.0
323407714	288603699	3.0
459810315	288603699	2.0
459815267	288603699	2.0
459815268	288603699	2.0
617506891	288603699	2.0
336863051	288603699	4.0
220892650	288603699	3.0
238142698	288603699	3.0
239988120	288603699	4.0
240073954	288603699	4.0
468779450	288603699	3.0
471549306	288603699	3.0
473054035	288603699	3.0
543214394	288603699	4.0
292846303	288603699	3.0
248163396	288603699	4.0
250473936	288603699	3.0
264630976	288603699	3.0
264649444	288603699	3.0
249664014	288603699	4.0
264650639	288603699	3.0
264625638	288603699	3.0
264649433	288603699	3.0
264651626	288603699	3.0
264644793	288603699	3.0
288603708	288603699	2.0
264627631	288603699	1.0
264629195	288603699	2.0
264643155	288603699	2.0
248163424	288603699	4.0
250072645	288603699	4.0
250072646	288603699	4.0
250490660	288603699	3.0
264635199	288603699	3.0
264637734	288603699	3.0
264651587	288603699	3.0
264669366	288603699	3.0
288767464	288767464	0
288767466	288767464	0.0
288767467	288767464	1.0
293950322	288767464	1.0
248755457	288767464	4.0
264644825	288767464	3.0
277955123	288767464	4.0
264633440	288767464	3.0
264624881	288767464	3.0
250072763	288767464	4.0
264630948	288767464	3.0
264630952	288767464	3.0
264630999	288767464	3.0
264638572	288767464	4.0
264644249	288767464	3.0
228996440	288767464	2.0
459810316	288767464	2.0
459810317	288767464	2.0
459820143	288767464	3.0
459820179	288767464	2.0
459838884	288767464	2.0
491483505	288767464	2.0
70868798	288767464	2.0
388274375	288767464	2.0
491483504	288767464	2.0
352374624	288767464	4.0
250490670	288767464	3.0
256082877	288767464	3.0
459797787	288767464	3.0
250072761	288767464	4.0
250471890	288767464	4.0
250473919	288767464	4.0
250474273	288767464	4.0
367809093	288767464	4.0
459797785	288767464	2.0
468778646	288767464	3.0
468781231	288767464	3.0
22900913	288767464	3.0
22904239	288767464	2.0
22961904	288767464	2.0
288767465	288767464	2.0
317378540	288767464	3.0
323407714	288767464	1.0
459810315	288767464	3.0
459815267	288767464	2.0
459815268	288767464	3.0
617506891	288767464	2.0
336863051	288767464	4.0
220892650	288767464	3.0
238142698	288767464	4.0
239988120	288767464	4.0
240073954	288767464	4.0
468779450	288767464	3.0
471549306	288767464	4.0
473054035	288767464	3.0
543214394	288767464	4.0
292846303	288767464	3.0
248163396	288767464	4.0
250473936	288767464	4.0
264630976	288767464	3.0
264649444	288767464	3.0
249664014	288767464	4.0
264650639	288767464	3.0
264625638	288767464	3.0
264649433	288767464	3.0
264651626	288767464	2.0
264644793	288767464	3.0
288603708	288767464	2.0
264627631	288767464	2.0
264629195	288767464	2.0
264643155	288767464	0.0
248163424	288767464	4.0
250072645	288767464	4.0
250072646	288767464	4.0
250490660	288767464	3.0
264635199	288767464	3.0
264637734	288767464	4.0
264651587	288767464	2.0
264669366	288767464	2.0
288767466	288767466	0
288767467	288767466	0.0
293950322	288767466	2.0
248755457	288767466	4.0
264644825	288767466	3.0
277955123	288767466	4.0
264633440	288767466	3.0
264624881	288767466	3.0
250072763	288767466	4.0
264630948	288767466	3.0
264630952	288767466	3.0
264630999	288767466	3.0
264638572	288767466	3.0
264644249	288767466	2.0
228996440	288767466	3.0
459810316	288767466	1.0
459810317	288767466	2.0
459820143	288767466	2.0
459820179	288767466	2.0
459838884	288767466	1.0
491483505	288767466	2.0
70868798	288767466	2.0
388274375	288767466	2.0
491483504	288767466	2.0
352374624	288767466	4.0
250490670	288767466	3.0
256082877	288767466	3.0
459797787	288767466	3.0
250072761	288767466	4.0
250471890	288767466	4.0
250473919	288767466	3.0
250474273	288767466	4.0
367809093	288767466	3.0
459797785	288767466	2.0
468778646	288767466	3.0
468781231	288767466	3.0
22900913	288767466	2.0
22904239	288767466	2.0
22961904	288767466	0.0
288767465	288767466	3.0
317378540	288767466	3.0
323407714	288767466	1.0
459810315	288767466	2.0
459815267	288767466	1.0
459815268	288767466	2.0
617506891	288767466	2.0
336863051	288767466	4.0
220892650	288767466	3.0
238142698	288767466	3.0
239988120	288767466	4.0
240073954	288767466	4.0
468779450	288767466	3.0
471549306	288767466	3.0
473054035	288767466	3.0
543214394	288767466	4.0
292846303	288767466	3.0
248163396	288767466	4.0
250473936	288767466	3.0
264630976	288767466	3.0
264649444	288767466	3.0
249664014	288767466	4.0
264650639	288767466	3.0
264625638	288767466	3.0
264649433	288767466	3.0
264651626	288767466	2.0
264644793	288767466	3.0
288603708	288767466	2.0
264627631	288767466	3.0
264629195	288767466	2.0
264643155	288767466	3.0
248163424	288767466	4.0
250072645	288767466	4.0
250072646	288767466	4.0
250490660	288767466	3.0
264635199	288767466	3.0
264637734	288767466	3.0
264651587	288767466	2.0
264669366	288767466	2.0
288767467	288767467	0
293950322	288767467	2.0
248755457	288767467	4.0
264644825	288767467	3.0
277955123	288767467	4.0
264633440	288767467	3.0
264624881	288767467	3.0
250072763	288767467	4.0
264630948	288767467	3.0
264630952	288767467	3.0
264630999	288767467	3.0
264638572	288767467	3.0
264644249	288767467	3.0
228996440	288767467	2.0
459810316	288767467	2.0
459810317	288767467	2.0
459820143	288767467	2.0
459820179	288767467	2.0
459838884	288767467	2.0
491483505	288767467	2.0
70868798	288767467	3.0
388274375	288767467	2.0
491483504	288767467	2.0
352374624	288767467	4.0
250490670	288767467	3.0
256082877	288767467	3.0
459797787	288767467	2.0
250072761	288767467	4.0
250471890	288767467	4.0
250473919	288767467	4.0
250474273	288767467	4.0
367809093	288767467	3.0
459797785	288767467	3.0
468778646	288767467	3.0
468781231	288767467	3.0
22900913	288767467	3.0
22904239	288767467	2.0
22961904	288767467	1.0
288767465	288767467	0.0
317378540	288767467	3.0
323407714	288767467	3.0
459810315	288767467	3.0
459815267	288767467	2.0
459815268	288767467	3.0
617506891	288767467	2.0
336863051	288767467	4.0
220892650	288767467	3.0
238142698	288767467	3.0
239988120	288767467	4.0
240073954	288767467	4.0
468779450	288767467	3.0
471549306	288767467	4.0
473054035	288767467	3.0
543214394	288767467	4.0
292846303	288767467	3.0
248163396	288767467	4.0
250473936	288767467	4.0
264630976	288767467	3.0
264649444	288767467	3.0
249664014	288767467	4.0
264650639	288767467	3.0
264625638	288767467	3.0
264649433	288767467	3.0
264651626	288767467	2.0
264644793	288767467	3.0
288603708	288767467	2.0
264627631	288767467	1.0
264629195	288767467	2.0
264643155	288767467	2.0
248163424	288767467	4.0
250072645	288767467	4.0
250072646	288767467	4.0
250490660	288767467	3.0
264635199	288767467	3.0
264637734	288767467	4.0
264651587	288767467	2.0
264669366	288767467	2.0
293950322	293950322	0
248755457	293950322	4.0
264644825	293950322	4.0
277955123	293950322	4.0
264633440	293950322	3.0
264624881	293950322	3.0
250072763	293950322	4.0
264630948	293950322	4.0
264630952	293950322	4.0
264630999	293950322	4.0
264638572	293950322	4.0
264644249	293950322	3.0
228996440	293950322	1.0
459810316	293950322	2.0
459810317	293950322	3.0
459820143	293950322	3.0
459820179	293950322	3.0
459838884	293950322	2.0
491483505	293950322	0.0
70868798	293950322	0.0
388274375	293950322	0.0
491483504	293950322	0.0
352374624	293950322	4.0
250490670	293950322	4.0
256082877	293950322	3.0
459797787	293950322	3.0
250072761	293950322	4.0
250471890	293950322	4.0
250473919	293950322	4.0
250474273	293950322	4.0
367809093	293950322	4.0
459797785	293950322	3.0
468778646	293950322	3.0
468781231	293950322	3.0
22900913	293950322	3.0
22904239	293950322	2.0
22961904	293950322	3.0
288767465	293950322	2.0
317378540	293950322	3.0
323407714	293950322	2.0
459810315	293950322	3.0
459815267	293950322	2.0
459815268	293950322	3.0
617506891	293950322	1.0
336863051	293950322	4.0
220892650	293950322	4.0
238142698	293950322	4.0
239988120	293950322	4.0
240073954	293950322	4.0
468779450	293950322	3.0
471549306	293950322	4.0
473054035	293950322	4.0
543214394	293950322	4.0
292846303	293950322	3.0
248163396	293950322	4.0
250473936	293950322	4.0
264630976	293950322	3.0
264649444	293950322	3.0
249664014	293950322	4.0
264650639	293950322	3.0
264625638	293950322	3.0
264649433	293950322	3.0
264651626	293950322	2.0
264644793	293950322	3.0
288603708	293950322	3.0
264627631	293950322	2.0
264629195	293950322	3.0
264643155	293950322	2.0
248163424	293950322	4.0
250072645	293950322	4.0
250072646	293950322	4.0
250490660	293950322	4.0
264635199	293950322	4.0
264637734	293950322	4.0
264651587	293950322	3.0
264669366	293950322	3.0
248755457	248755457	0
264644825	248755457	3.0
277955123	248755457	3.0
264633440	248755457	3.0
264624881	248755457	3.0
250072763	248755457	3.0
264630948	248755457	2.0
264630952	248755457	2.0
264630999	248755457	3.0
264638572	248755457	3.0
264644249	248755457	3.0
228996440	248755457	4.0
459810316	248755457	3.0
459810317	248755457	4.0
459820143	248755457	3.0
459820179	248755457	3.0
459838884	248755457	3.0
491483505	248755457	4.0
70868798	248755457	4.0
388274375	248755457	4.0
491483504	248755457	4.0
352374624	248755457	2.0
250490670	248755457	2.0
256082877	248755457	4.0
459797787	248755457	4.0
250072761	248755457	1.0
250471890	248755457	3.0
250473919	248755457	2.0
250474273	248755457	1.0
367809093	248755457	2.0
459797785	248755457	3.0
468778646	248755457	3.0
468781231	248755457	2.0
22900913	248755457	3.0
22904239	248755457	4.0
22961904	248755457	4.0
288767465	248755457	4.0
317378540	248755457	4.0
323407714	248755457	4.0
459810315	248755457	4.0
459815267	248755457	3.0
459815268	248755457	4.0
617506891	248755457	4.0
336863051	248755457	2.0
220892650	248755457	2.0
238142698	248755457	3.0
239988120	248755457	0.0
240073954	248755457	3.0
468779450	248755457	3.0
471549306	248755457	2.0
473054035	248755457	2.0
543214394	248755457	1.0
292846303	248755457	4.0
248163396	248755457	2.0
250473936	248755457	2.0
264630976	248755457	3.0
264649444	248755457	3.0
249664014	248755457	1.0
264650639	248755457	3.0
264625638	248755457	4.0
264649433	248755457	4.0
264651626	248755457	4.0
264644793	248755457	3.0
288603708	248755457	3.0
264627631	248755457	4.0
264629195	248755457	4.0
264643155	248755457	4.0
248163424	248755457	1.0
250072645	248755457	1.0
250072646	248755457	2.0
250490660	248755457	2.0
264635199	248755457	3.0
264637734	248755457	3.0
264651587	248755457	4.0
264669366	248755457	4.0
264644825	264644825	0
277955123	264644825	3.0
264633440	264644825	2.0
264624881	264644825	3.0
250072763	264644825	3.0
264630948	264644825	3.0
264630952	264644825	3.0
264630999	264644825	3.0
264638572	264644825	1.0
264644249	264644825	2.0
228996440	264644825	4.0
459810316	264644825	3.0
459810317	264644825	2.0
459820143	264644825	3.0
459820179	264644825	2.0
459838884	264644825	3.0
491483505	264644825	3.0
70868798	264644825	4.0
388274375	264644825	4.0
491483504	264644825	3.0
352374624	264644825	4.0
250490670	264644825	3.0
256082877	264644825	3.0
459797787	264644825	2.0
250072761	264644825	3.0
250471890	264644825	3.0
250473919	264644825	3.0
250474273	264644825	3.0
367809093	264644825	3.0
459797785	264644825	3.0
468778646	264644825	2.0
468781231	264644825	3.0
22900913	264644825	3.0
22904239	264644825	3.0
22961904	264644825	3.0
288767465	264644825	3.0
317378540	264644825	3.0
323407714	264644825	3.0
459810315	264644825	2.0
459815267	264644825	3.0
459815268	264644825	2.0
617506891	264644825	4.0
336863051	264644825	4.0
220892650	264644825	2.0
238142698	264644825	1.0
239988120	264644825	3.0
240073954	264644825	2.0
468779450	264644825	2.0
471549306	264644825	3.0
473054035	264644825	3.0
543214394	264644825	3.0
292846303	264644825	3.0
248163396	264644825	4.0
250473936	264644825	3.0
264630976	264644825	3.0
264649444	264644825	2.0
249664014	264644825	3.0
264650639	264644825	2.0
264625638	264644825	3.0
264649433	264644825	3.0
264651626	264644825	3.0
264644793	264644825	1.0
288603708	264644825	3.0
264627631	264644825	3.0
264629195	264644825	2.0
264643155	264644825	3.0
248163424	264644825	3.0
250072645	264644825	4.0
250072646	264644825	3.0
250490660	264644825	3.0
264635199	264644825	2.0
264637734	264644825	3.0
264651587	264644825	2.0
264669366	264644825	3.0
277955123	277955123	0
264633440	277955123	3.0
264624881	277955123	3.0
250072763	277955123	3.0
264630948	277955123	2.0
264630952	277955123	2.0
264630999	277955123	2.0
264638572	277955123	2.0
264644249	277955123	3.0
228996440	277955123	4.0
459810316	277955123	3.0
459810317	277955123	3.0
459820143	277955123	3.0
459820179	277955123	3.0
459838884	277955123	3.0
491483505	277955123	4.0
70868798	277955123	4.0
388274375	277955123	4.0
491483504	277955123	4.0
352374624	277955123	4.0
250490670	277955123	2.0
256082877	277955123	3.0
459797787	277955123	3.0
250072761	277955123	3.0
250471890	277955123	3.0
250473919	277955123	3.0
250474273	277955123	3.0
367809093	277955123	3.0
459797785	277955123	3.0
468778646	277955123	2.0
468781231	277955123	2.0
22900913	277955123	3.0
22904239	277955123	3.0
22961904	277955123	4.0
288767465	277955123	4.0
317378540	277955123	3.0
323407714	277955123	4.0
459810315	277955123	4.0
459815267	277955123	3.0
459815268	277955123	4.0
617506891	277955123	4.0
336863051	277955123	4.0
220892650	277955123	1.0
238142698	277955123	2.0
239988120	277955123	3.0
240073954	277955123	2.0
468779450	277955123	2.0
471549306	277955123	3.0
473054035	277955123	2.0
543214394	277955123	3.0
292846303	277955123	3.0
248163396	277955123	3.0
250473936	277955123	3.0
264630976	277955123	2.0
264649444	277955123	3.0
249664014	277955123	3.0
264650639	277955123	3.0
264625638	277955123	3.0
264649433	277955123	3.0
264651626	277955123	3.0
264644793	277955123	2.0
288603708	277955123	3.0
264627631	277955123	4.0
264629195	277955123	3.0
264643155	277955123	4.0
248163424	277955123	3.0
250072645	277955123	3.0
250072646	277955123	3.0
250490660	277955123	2.0
264635199	277955123	2.0
264637734	277955123	0.0
264651587	277955123	4.0
264669366	277955123	4.0
264633440	264633440	0
264624881	264633440	2.0
250072763	264633440	3.0
264630948	264633440	2.0
264630952	264633440	2.0
264630999	264633440	2.0
264638572	264633440	2.0
264644249	264633440	3.0
228996440	264633440	3.0
459810316	264633440	2.0
459810317	264633440	2.0
459820143	264633440	1.0
459820179	264633440	2.0
459838884	264633440	2.0
491483505	264633440	3.0
70868798	264633440	3.0
388274375	264633440	3.0
491483504	264633440	3.0
352374624	264633440	4.0
250490670	264633440	3.0
256082877	264633440	2.0
459797787	264633440	2.0
250072761	264633440	3.0
250471890	264633440	3.0
250473919	264633440	3.0
250474273	264633440	3.0
367809093	264633440	3.0
459797785	264633440	2.0
468778646	264633440	3.0
468781231	264633440	3.0
22900913	264633440	0.0
22904239	264633440	3.0
22961904	264633440	3.0
288767465	264633440	3.0
317378540	264633440	3.0
323407714	264633440	3.0
459810315	264633440	3.0
459815267	264633440	2.0
459815268	264633440	3.0
617506891	264633440	3.0
336863051	264633440	4.0
220892650	264633440	2.0
238142698	264633440	2.0
239988120	264633440	3.0
240073954	264633440	2.0
468779450	264633440	2.0
471549306	264633440	3.0
473054035	264633440	3.0
543214394	264633440	3.0
292846303	264633440	3.0
248163396	264633440	4.0
250473936	264633440	3.0
264630976	264633440	3.0
264649444	264633440	3.0
249664014	264633440	3.0
264650639	264633440	2.0
264625638	264633440	3.0
264649433	264633440	3.0
264651626	264633440	2.0
264644793	264633440	2.0
288603708	264633440	2.0
264627631	264633440	3.0
264629195	264633440	2.0
264643155	264633440	3.0
248163424	264633440	3.0
250072645	264633440	3.0
250072646	264633440	3.0
250490660	264633440	3.0
264635199	264633440	2.0
264637734	264633440	2.0
264651587	264633440	3.0
264669366	264633440	3.0
264624881	264624881	0
250072763	264624881	3.0
264630948	264624881	2.0
264630952	264624881	2.0
264630999	264624881	2.0
264638572	264624881	3.0
264644249	264624881	2.0
228996440	264624881	3.0
459810316	264624881	3.0
459810317	264624881	2.0
459820143	264624881	1.0
459820179	264624881	1.0
459838884	264624881	2.0
491483505	264624881	3.0
70868798	264624881	3.0
388274375	264624881	3.0
491483504	264624881	3.0
352374624	264624881	3.0
250490670	264624881	2.0
256082877	264624881	3.0
459797787	264624881	3.0
250072761	264624881	3.0
250471890	264624881	3.0
250473919	264624881	2.0
250474273	264624881	3.0
367809093	264624881	2.0
459797785	264624881	2.0
468778646	264624881	1.0
468781231	264624881	1.0
22900913	264624881	2.0
22904239	264624881	2.0
22961904	264624881	3.0
288767465	264624881	3.0
317378540	264624881	1.0
323407714	264624881	2.0
459810315	264624881	2.0
459815267	264624881	3.0
459815268	264624881	2.0
617506891	264624881	3.0
336863051	264624881	4.0
220892650	264624881	3.0
238142698	264624881	3.0
239988120	264624881	3.0
240073954	264624881	3.0
468779450	264624881	2.0
471549306	264624881	2.0
473054035	264624881	2.0
543214394	264624881	3.0
292846303	264624881	3.0
248163396	264624881	3.0
250473936	264624881	2.0
264630976	264624881	1.0
264649444	264624881	3.0
249664014	264624881	3.0
264650639	264624881	3.0
264625638	264624881	1.0
264649433	264624881	3.0
264651626	264624881	3.0
264644793	264624881	3.0
288603708	264624881	2.0
264627631	264624881	3.0
264629195	264624881	3.0
264643155	264624881	3.0
248163424	264624881	3.0
250072645	264624881	3.0
250072646	264624881	3.0
250490660	264624881	2.0
264635199	264624881	3.0
264637734	264624881	3.0
264651587	264624881	3.0
264669366	264624881	3.0
250072763	250072763	0
264630948	250072763	2.0
264630952	250072763	2.0
264630999	250072763	2.0
264638572	250072763	2.0
264644249	250072763	3.0
228996440	250072763	4.0
459810316	250072763	3.0
459810317	250072763	4.0
459820143	250072763	3.0
459820179	250072763	3.0
459838884	250072763	3.0
491483505	250072763	4.0
70868798	250072763	4.0
388274375	250072763	4.0
491483504	250072763	4.0
352374624	250072763	3.0
250490670	250072763	2.0
256082877	250072763	4.0
459797787	250072763	4.0
250072761	250072763	0.0
250471890	250072763	3.0
250473919	250072763	1.0
250474273	250072763	0.0
367809093	250072763	1.0
459797785	250072763	3.0
468778646	250072763	2.0
468781231	250072763	2.0
22900913	250072763	3.0
22904239	250072763	3.0
22961904	250072763	4.0
288767465	250072763	4.0
317378540	250072763	3.0
323407714	250072763	4.0
459810315	250072763	4.0
459815267	250072763	3.0
459815268	250072763	4.0
617506891	250072763	4.0
336863051	250072763	3.0
220892650	250072763	2.0
238142698	250072763	2.0
239988120	250072763	2.0
240073954	250072763	3.0
468779450	250072763	2.0
471549306	250072763	2.0
473054035	250072763	2.0
543214394	250072763	0.0
292846303	250072763	3.0
248163396	250072763	3.0
250473936	250072763	1.0
264630976	250072763	2.0
264649444	250072763	3.0
249664014	250072763	2.0
264650639	250072763	3.0
264625638	250072763	3.0
264649433	250072763	4.0
264651626	250072763	3.0
264644793	250072763	3.0
288603708	250072763	3.0
264627631	250072763	4.0
264629195	250072763	4.0
264643155	250072763	4.0
248163424	250072763	3.0
250072645	250072763	2.0
250072646	250072763	1.0
250490660	250072763	2.0
264635199	250072763	3.0
264637734	250072763	3.0
264651587	250072763	4.0
264669366	250072763	4.0
264630948	264630948	0
264630952	264630948	0.0
264630999	264630948	0.0
264638572	264630948	2.0
264644249	264630948	3.0
228996440	264630948	3.0
459810316	264630948	3.0
459810317	264630948	3.0
459820143	264630948	2.0
459820179	264630948	3.0
459838884	264630948	3.0
491483505	264630948	4.0
70868798	264630948	4.0
388274375	264630948	4.0
491483504	264630948	4.0
352374624	264630948	3.0
250490670	264630948	1.0
256082877	264630948	3.0
459797787	264630948	2.0
250072761	264630948	2.0
250471890	264630948	2.0
250473919	264630948	2.0
250474273	264630948	2.0
367809093	264630948	2.0
459797785	264630948	3.0
468778646	264630948	0.0
468781231	264630948	1.0
22900913	264630948	2.0
22904239	264630948	3.0
22961904	264630948	3.0
288767465	264630948	3.0
317378540	264630948	2.0
323407714	264630948	3.0
459810315	264630948	3.0
459815267	264630948	3.0
459815268	264630948	3.0
617506891	264630948	3.0
336863051	264630948	3.0
220892650	264630948	2.0
238142698	264630948	2.0
239988120	264630948	2.0
240073954	264630948	3.0
468779450	264630948	2.0
471549306	264630948	2.0
473054035	264630948	1.0
543214394	264630948	2.0
292846303	264630948	3.0
248163396	264630948	3.0
250473936	264630948	2.0
264630976	264630948	0.0
264649444	264630948	3.0
249664014	264630948	2.0
264650639	264630948	2.0
264625638	264630948	2.0
264649433	264630948	3.0
264651626	264630948	3.0
264644793	264630948	2.0
288603708	264630948	2.0
264627631	264630948	3.0
264629195	264630948	3.0
264643155	264630948	3.0
248163424	264630948	3.0
250072645	264630948	3.0
250072646	264630948	3.0
250490660	264630948	0.0
264635199	264630948	2.0
264637734	264630948	2.0
264651587	264630948	3.0
264669366	264630948	3.0
264630952	264630952	0
264630999	264630952	0.0
264638572	264630952	2.0
264644249	264630952	3.0
228996440	264630952	4.0
459810316	264630952	3.0
459810317	264630952	3.0
459820143	264630952	2.0
459820179	264630952	3.0
459838884	264630952	3.0
491483505	264630952	4.0
70868798	264630952	4.0
388274375	264630952	4.0
491483504	264630952	4.0
352374624	264630952	3.0
250490670	264630952	0.0
256082877	264630952	3.0
459797787	264630952	2.0
250072761	264630952	2.0
250471890	264630952	2.0
250473919	264630952	2.0
250474273	264630952	2.0
367809093	264630952	2.0
459797785	264630952	3.0
468778646	264630952	0.0
468781231	264630952	1.0
22900913	264630952	2.0
22904239	264630952	3.0
22961904	264630952	3.0
288767465	264630952	3.0
317378540	264630952	2.0
323407714	264630952	3.0
459810315	264630952	3.0
459815267	264630952	3.0
459815268	264630952	3.0
617506891	264630952	3.0
336863051	264630952	3.0
220892650	264630952	2.0
238142698	264630952	2.0
239988120	264630952	2.0
240073954	264630952	2.0
468779450	264630952	2.0
471549306	264630952	2.0
473054035	264630952	1.0
543214394	264630952	2.0
292846303	264630952	3.0
248163396	264630952	3.0
250473936	264630952	2.0
264630976	264630952	0.0
264649444	264630952	3.0
249664014	264630952	2.0
264650639	264630952	2.0
264625638	264630952	3.0
264649433	264630952	3.0
264651626	264630952	3.0
264644793	264630952	2.0
288603708	264630952	2.0
264627631	264630952	3.0
264629195	264630952	3.0
264643155	264630952	3.0
248163424	264630952	3.0
250072645	264630952	3.0
250072646	264630952	3.0
250490660	264630952	0.0
264635199	264630952	2.0
264637734	264630952	2.0
264651587	264630952	3.0
264669366	264630952	3.0
264630999	264630999	0
264638572	264630999	2.0
264644249	264630999	3.0
228996440	264630999	4.0
459810316	264630999	3.0
459810317	264630999	3.0
459820143	264630999	2.0
459820179	264630999	3.0
459838884	264630999	3.0
491483505	264630999	4.0
70868798	264630999	4.0
388274375	264630999	4.0
491483504	264630999	4.0
352374624	264630999	3.0
250490670	264630999	0.0
256082877	264630999	3.0
459797787	264630999	2.0
250072761	264630999	2.0
250471890	264630999	2.0
250473919	264630999	2.0
250474273	264630999	2.0
367809093	264630999	2.0
459797785	264630999	3.0
468778646	264630999	1.0
468781231	264630999	1.0
22900913	264630999	2.0
22904239	264630999	3.0
22961904	264630999	3.0
288767465	264630999	3.0
317378540	264630999	2.0
323407714	264630999	3.0
459810315	264630999	3.0
459815267	264630999	3.0
459815268	264630999	3.0
617506891	264630999	4.0
336863051	264630999	3.0
220892650	264630999	2.0
238142698	264630999	2.0
239988120	264630999	2.0
240073954	264630999	2.0
468779450	264630999	2.0
471549306	264630999	2.0
473054035	264630999	0.0
543214394	264630999	2.0
292846303	264630999	3.0
248163396	264630999	3.0
250473936	264630999	2.0
264630976	264630999	0.0
264649444	264630999	3.0
249664014	264630999	2.0
264650639	264630999	2.0
264625638	264630999	3.0
264649433	264630999	3.0
264651626	264630999	3.0
264644793	264630999	2.0
288603708	264630999	2.0
264627631	264630999	3.0
264629195	264630999	3.0
264643155	264630999	3.0
248163424	264630999	3.0
250072645	264630999	3.0
250072646	264630999	3.0
250490660	264630999	0.0
264635199	264630999	2.0
264637734	264630999	2.0
264651587	264630999	3.0
264669366	264630999	3.0
264638572	264638572	0
264644249	264638572	2.0
228996440	264638572	4.0
459810316	264638572	3.0
459810317	264638572	3.0
459820143	264638572	3.0
459820179	264638572	3.0
459838884	264638572	3.0
491483505	264638572	4.0
70868798	264638572	4.0
388274375	264638572	4.0
491483504	264638572	4.0
352374624	264638572	4.0
250490670	264638572	2.0
256082877	264638572	3.0
459797787	264638572	3.0
250072761	264638572	3.0
250471890	264638572	2.0
250473919	264638572	3.0
250474273	264638572	3.0
367809093	264638572	3.0
459797785	264638572	3.0
468778646	264638572	3.0
468781231	264638572	3.0
22900913	264638572	2.0
22904239	264638572	3.0
22961904	264638572	3.0
288767465	264638572	3.0
317378540	264638572	3.0
323407714	264638572	3.0
459810315	264638572	3.0
459815267	264638572	3.0
459815268	264638572	3.0
617506891	264638572	4.0
336863051	264638572	4.0
220892650	264638572	0.0
238142698	264638572	0.0
239988120	264638572	3.0
240073954	264638572	0.0
468779450	264638572	2.0
471549306	264638572	3.0
473054035	264638572	2.0
543214394	264638572	3.0
292846303	264638572	3.0
248163396	264638572	3.0
250473936	264638572	3.0
264630976	264638572	2.0
264649444	264638572	2.0
249664014	264638572	3.0
264650639	264638572	3.0
264625638	264638572	3.0
264649433	264638572	3.0
264651626	264638572	3.0
264644793	264638572	2.0
288603708	264638572	3.0
264627631	264638572	3.0
264629195	264638572	3.0
264643155	264638572	4.0
248163424	264638572	3.0
250072645	264638572	3.0
250072646	264638572	3.0
250490660	264638572	2.0
264635199	264638572	2.0
264637734	264638572	2.0
264651587	264638572	3.0
264669366	264638572	3.0
264644249	264644249	0
228996440	264644249	3.0
459810316	264644249	2.0
459810317	264644249	2.0
459820143	264644249	2.0
459820179	264644249	1.0
459838884	264644249	2.0
491483505	264644249	3.0
70868798	264644249	3.0
388274375	264644249	3.0
491483504	264644249	3.0
352374624	264644249	4.0
250490670	264644249	3.0
256082877	264644249	2.0
459797787	264644249	2.0
250072761	264644249	3.0
250471890	264644249	3.0
250473919	264644249	3.0
250474273	264644249	3.0
367809093	264644249	3.0
459797785	264644249	1.0
468778646	264644249	3.0
468781231	264644249	3.0
22900913	264644249	3.0
22904239	264644249	3.0
22961904	264644249	3.0
288767465	264644249	2.0
317378540	264644249	3.0
323407714	264644249	3.0
459810315	264644249	3.0
459815267	264644249	2.0
459815268	264644249	3.0
617506891	264644249	3.0
336863051	264644249	4.0
220892650	264644249	3.0
238142698	264644249	3.0
239988120	264644249	3.0
240073954	264644249	3.0
468779450	264644249	3.0
471549306	264644249	3.0
473054035	264644249	3.0
543214394	264644249	3.0
292846303	264644249	2.0
248163396	264644249	4.0
250473936	264644249	3.0
264630976	264644249	3.0
264649444	264644249	2.0
249664014	264644249	3.0
264650639	264644249	2.0
264625638	264644249	3.0
264649433	264644249	3.0
264651626	264644249	2.0
264644793	264644249	1.0
288603708	264644249	2.0
264627631	264644249	2.0
264629195	264644249	2.0
264643155	264644249	3.0
248163424	264644249	4.0
250072645	264644249	4.0
250072646	264644249	3.0
250490660	264644249	3.0
264635199	264644249	3.0
264637734	264644249	3.0
264651587	264644249	3.0
264669366	264644249	3.0
228996440	228996440	0
459810316	228996440	3.0
459810317	228996440	3.0
459820143	228996440	3.0
459820179	228996440	3.0
459838884	228996440	3.0
491483505	228996440	2.0
70868798	228996440	1.0
388274375	228996440	1.0
491483504	228996440	2.0
352374624	228996440	4.0
250490670	228996440	4.0
256082877	228996440	3.0
459797787	228996440	3.0
250072761	228996440	4.0
250471890	228996440	4.0
250473919	228996440	4.0
250474273	228996440	4.0
367809093	228996440	4.0
459797785	228996440	3.0
468778646	228996440	3.0
468781231	228996440	4.0
22900913	228996440	3.0
22904239	228996440	3.0
22961904	228996440	3.0
288767465	228996440	2.0
317378540	228996440	3.0
323407714	228996440	2.0
459810315	228996440	3.0
459815267	228996440	3.0
459815268	228996440	3.0
617506891	228996440	1.0
336863051	228996440	4.0
220892650	228996440	4.0
238142698	228996440	4.0
239988120	228996440	4.0
240073954	228996440	4.0
468779450	228996440	4.0
471549306	228996440	4.0
473054035	228996440	4.0
543214394	228996440	4.0
292846303	228996440	4.0
248163396	228996440	4.0
250473936	228996440	4.0
264630976	228996440	3.0
264649444	228996440	4.0
249664014	228996440	4.0
264650639	228996440	3.0
264625638	228996440	3.0
264649433	228996440	4.0
264651626	228996440	3.0
264644793	228996440	4.0
288603708	228996440	3.0
264627631	228996440	2.0
264629195	228996440	3.0
264643155	228996440	3.0
248163424	228996440	4.0
250072645	228996440	4.0
250072646	228996440	4.0
250490660	228996440	4.0
264635199	228996440	4.0
264637734	228996440	4.0
264651587	228996440	3.0
264669366	228996440	3.0
459810316	459810316	0
459810317	459810316	0.0
459820143	459810316	2.0
459820179	459810316	2.0
459838884	459810316	2.0
491483505	459810316	3.0
70868798	459810316	3.0
388274375	459810316	3.0
491483504	459810316	3.0
352374624	459810316	4.0
250490670	459810316	3.0
256082877	459810316	2.0
459797787	459810316	2.0
250072761	459810316	4.0
250471890	459810316	3.0
250473919	459810316	3.0
250474273	459810316	3.0
367809093	459810316	3.0
459797785	459810316	2.0
468778646	459810316	3.0
468781231	459810316	3.0
22900913	459810316	3.0
22904239	459810316	3.0
22961904	459810316	2.0
288767465	459810316	1.0
317378540	459810316	3.0
323407714	459810316	2.0
459810315	459810316	3.0
459815267	459810316	0.0
459815268	459810316	3.0
617506891	459810316	2.0
336863051	459810316	4.0
220892650	459810316	3.0
238142698	459810316	3.0
239988120	459810316	3.0
240073954	459810316	3.0
468779450	459810316	3.0
471549306	459810316	3.0
473054035	459810316	3.0
543214394	459810316	4.0
292846303	459810316	3.0
248163396	459810316	4.0
250473936	459810316	3.0
264630976	459810316	3.0
264649444	459810316	3.0
249664014	459810316	3.0
264650639	459810316	3.0
264625638	459810316	3.0
264649433	459810316	3.0
264651626	459810316	2.0
264644793	459810316	2.0
288603708	459810316	3.0
264627631	459810316	1.0
264629195	459810316	2.0
264643155	459810316	2.0
248163424	459810316	4.0
250072645	459810316	4.0
250072646	459810316	4.0
250490660	459810316	3.0
264635199	459810316	3.0
264637734	459810316	3.0
264651587	459810316	3.0
264669366	459810316	2.0
459810317	459810317	0
459820143	459810317	1.0
459820179	459810317	0.0
459838884	459810317	1.0
491483505	459810317	3.0
70868798	459810317	3.0
388274375	459810317	3.0
491483504	459810317	3.0
352374624	459810317	4.0
250490670	459810317	3.0
256082877	459810317	2.0
459797787	459810317	1.0
250072761	459810317	3.0
250471890	459810317	4.0
250473919	459810317	3.0
250474273	459810317	3.0
367809093	459810317	3.0
459797785	459810317	1.0
468778646	459810317	2.0
468781231	459810317	3.0
22900913	459810317	2.0
22904239	459810317	3.0
22961904	459810317	2.0
288767465	459810317	2.0
317378540	459810317	3.0
323407714	459810317	2.0
459810315	459810317	2.0
459815267	459810317	0.0
459815268	459810317	2.0
617506891	459810317	3.0
336863051	459810317	4.0
220892650	459810317	3.0
238142698	459810317	3.0
239988120	459810317	3.0
240073954	459810317	3.0
468779450	459810317	3.0
471549306	459810317	3.0
473054035	459810317	3.0
543214394	459810317	3.0
292846303	459810317	3.0
248163396	459810317	4.0
250473936	459810317	3.0
264630976	459810317	3.0
264649444	459810317	3.0
249664014	459810317	3.0
264650639	459810317	2.0
264625638	459810317	3.0
264649433	459810317	3.0
264651626	459810317	2.0
264644793	459810317	3.0
288603708	459810317	2.0
264627631	459810317	2.0
264629195	459810317	2.0
264643155	459810317	2.0
248163424	459810317	4.0
250072645	459810317	4.0
250072646	459810317	4.0
250490660	459810317	3.0
264635199	459810317	3.0
264637734	459810317	3.0
264651587	459810317	2.0
264669366	459810317	2.0
459820143	459820143	0
459820179	459820143	0.0
459838884	459820143	2.0
491483505	459820143	3.0
70868798	459820143	3.0
388274375	459820143	3.0
491483504	459820143	3.0
352374624	459820143	4.0
250490670	459820143	3.0
256082877	459820143	3.0
459797787	459820143	2.0
250072761	459820143	3.0
250471890	459820143	3.0
250473919	459820143	3.0
250474273	459820143	3.0
367809093	459820143	3.0
459797785	459820143	2.0
468778646	459820143	2.0
468781231	459820143	2.0
22900913	459820143	1.0
22904239	459820143	2.0
22961904	459820143	2.0
288767465	459820143	3.0
317378540	459820143	2.0
323407714	459820143	2.0
459810315	459820143	1.0
459815267	459820143	2.0
459815268	459820143	1.0
617506891	459820143	3.0
336863051	459820143	4.0
220892650	459820143	3.0
238142698	459820143	3.0
239988120	459820143	3.0
240073954	459820143	3.0
468779450	459820143	2.0
471549306	459820143	3.0
473054035	459820143	3.0
543214394	459820143	3.0
292846303	459820143	3.0
248163396	459820143	3.0
250473936	459820143	3.0
264630976	459820143	2.0
264649444	459820143	3.0
249664014	459820143	3.0
264650639	459820143	3.0
264625638	459820143	2.0
264649433	459820143	3.0
264651626	459820143	2.0
264644793	459820143	3.0
288603708	459820143	1.0
264627631	459820143	3.0
264629195	459820143	3.0
264643155	459820143	2.0
248163424	459820143	3.0
250072645	459820143	4.0
250072646	459820143	3.0
250490660	459820143	3.0
264635199	459820143	2.0
264637734	459820143	3.0
264651587	459820143	3.0
264669366	459820143	2.0
459820179	459820179	0
459838884	459820179	1.0
491483505	459820179	3.0
70868798	459820179	3.0
388274375	459820179	3.0
491483504	459820179	3.0
352374624	459820179	4.0
250490670	459820179	3.0
256082877	459820179	2.0
459797787	459820179	1.0
250072761	459820179	3.0
250471890	459820179	3.0
250473919	459820179	3.0
250474273	459820179	3.0
367809093	459820179	3.0
459797785	459820179	1.0
468778646	459820179	2.0
468781231	459820179	3.0
22900913	459820179	2.0
22904239	459820179	2.0
22961904	459820179	2.0
288767465	459820179	2.0
317378540	459820179	2.0
323407714	459820179	2.0
459810315	459820179	2.0
459815267	459820179	2.0
459815268	459820179	2.0
617506891	459820179	3.0
336863051	459820179	4.0
220892650	459820179	3.0
238142698	459820179	3.0
239988120	459820179	3.0
240073954	459820179	3.0
468779450	459820179	2.0
471549306	459820179	3.0
473054035	459820179	3.0
543214394	459820179	3.0
292846303	459820179	3.0
248163396	459820179	4.0
250473936	459820179	3.0
264630976	459820179	2.0
264649444	459820179	3.0
249664014	459820179	3.0
264650639	459820179	3.0
264625638	459820179	2.0
264649433	459820179	3.0
264651626	459820179	2.0
264644793	459820179	2.0
288603708	459820179	1.0
264627631	459820179	2.0
264629195	459820179	2.0
264643155	459820179	2.0
248163424	459820179	4.0
250072645	459820179	4.0
250072646	459820179	4.0
250490660	459820179	3.0
264635199	459820179	3.0
264637734	459820179	3.0
264651587	459820179	2.0
264669366	459820179	2.0
459838884	459838884	0
491483505	459838884	3.0
70868798	459838884	3.0
388274375	459838884	3.0
491483504	459838884	3.0
352374624	459838884	4.0
250490670	459838884	3.0
256082877	459838884	3.0
459797787	459838884	2.0
250072761	459838884	4.0
250471890	459838884	3.0
250473919	459838884	3.0
250474273	459838884	3.0
367809093	459838884	3.0
459797785	459838884	2.0
468778646	459838884	2.0
468781231	459838884	3.0
22900913	459838884	1.0
22904239	459838884	2.0
22961904	459838884	2.0
288767465	459838884	1.0
317378540	459838884	2.0
323407714	459838884	2.0
459810315	459838884	1.0
459815267	459838884	2.0
459815268	459838884	1.0
617506891	459838884	2.0
336863051	459838884	4.0
220892650	459838884	3.0
238142698	459838884	3.0
239988120	459838884	3.0
240073954	459838884	3.0
468779450	459838884	2.0
471549306	459838884	3.0
473054035	459838884	3.0
543214394	459838884	4.0
292846303	459838884	3.0
248163396	459838884	4.0
250473936	459838884	3.0
264630976	459838884	3.0
264649444	459838884	3.0
249664014	459838884	3.0
264650639	459838884	3.0
264625638	459838884	2.0
264649433	459838884	4.0
264651626	459838884	2.0
264644793	459838884	3.0
288603708	459838884	2.0
264627631	459838884	1.0
264629195	459838884	2.0
264643155	459838884	2.0
248163424	459838884	4.0
250072645	459838884	4.0
250072646	459838884	4.0
250490660	459838884	3.0
264635199	459838884	3.0
264637734	459838884	3.0
264651587	459838884	3.0
264669366	459838884	3.0
491483505	491483505	0
70868798	491483505	0.0
388274375	491483505	0.0
491483504	491483505	0.0
352374624	491483505	4.0
250490670	491483505	4.0
256082877	491483505	3.0
459797787	491483505	3.0
250072761	491483505	4.0
250471890	491483505	4.0
250473919	491483505	4.0
250474273	491483505	4.0
367809093	491483505	4.0
459797785	491483505	3.0
468778646	491483505	3.0
468781231	491483505	4.0
22900913	491483505	3.0
22904239	491483505	3.0
22961904	491483505	3.0
288767465	491483505	2.0
317378540	491483505	3.0
323407714	491483505	2.0
459810315	491483505	2.0
459815267	491483505	3.0
459815268	491483505	2.0
617506891	491483505	0.0
336863051	491483505	4.0
220892650	491483505	4.0
238142698	491483505	4.0
239988120	491483505	4.0
240073954	491483505	4.0
468779450	491483505	4.0
471549306	491483505	4.0
473054035	491483505	4.0
543214394	491483505	4.0
292846303	491483505	3.0
248163396	491483505	4.0
250473936	491483505	4.0
264630976	491483505	3.0
264649444	491483505	3.0
249664014	491483505	4.0
264650639	491483505	3.0
264625638	491483505	3.0
264649433	491483505	3.0
264651626	491483505	2.0
264644793	491483505	3.0
288603708	491483505	3.0
264627631	491483505	2.0
264629195	491483505	3.0
264643155	491483505	2.0
248163424	491483505	4.0
250072645	491483505	4.0
250072646	491483505	4.0
250490660	491483505	4.0
264635199	491483505	4.0
264637734	491483505	4.0
264651587	491483505	3.0
264669366	491483505	2.0
70868798	70868798	0
388274375	70868798	0.0
491483504	70868798	0.0
352374624	70868798	4.0
250490670	70868798	4.0
256082877	70868798	3.0
459797787	70868798	3.0
250072761	70868798	4.0
250471890	70868798	4.0
250473919	70868798	4.0
250474273	70868798	4.0
367809093	70868798	4.0
459797785	70868798	3.0
468778646	70868798	4.0
468781231	70868798	4.0
22900913	70868798	3.0
22904239	70868798	3.0
22961904	70868798	3.0
288767465	70868798	2.0
317378540	70868798	3.0
323407714	70868798	3.0
459810315	70868798	3.0
459815267	70868798	3.0
459815268	70868798	3.0
617506891	70868798	1.0
336863051	70868798	4.0
220892650	70868798	4.0
238142698	70868798	4.0
239988120	70868798	4.0
240073954	70868798	4.0
468779450	70868798	4.0
471549306	70868798	4.0
473054035	70868798	4.0
543214394	70868798	4.0
292846303	70868798	3.0
248163396	70868798	4.0
250473936	70868798	4.0
264630976	70868798	4.0
264649444	70868798	3.0
249664014	70868798	4.0
264650639	70868798	3.0
264625638	70868798	3.0
264649433	70868798	3.0
264651626	70868798	3.0
264644793	70868798	4.0
288603708	70868798	3.0
264627631	70868798	2.0
264629195	70868798	3.0
264643155	70868798	2.0
248163424	70868798	4.0
250072645	70868798	4.0
250072646	70868798	4.0
250490660	70868798	4.0
264635199	70868798	4.0
264637734	70868798	4.0
264651587	70868798	3.0
264669366	70868798	3.0
388274375	388274375	0
491483504	388274375	0.0
352374624	388274375	4.0
250490670	388274375	4.0
256082877	388274375	3.0
459797787	388274375	3.0
250072761	388274375	4.0
250471890	388274375	4.0
250473919	388274375	4.0
250474273	388274375	4.0
367809093	388274375	4.0
459797785	388274375	3.0
468778646	388274375	3.0
468781231	388274375	4.0
22900913	388274375	3.0
22904239	388274375	3.0
22961904	388274375	3.0
288767465	388274375	2.0
317378540	388274375	3.0
323407714	388274375	2.0
459810315	388274375	3.0
459815267	388274375	3.0
459815268	388274375	3.0
617506891	388274375	1.0
336863051	388274375	4.0
220892650	388274375	4.0
238142698	388274375	4.0
239988120	388274375	4.0
240073954	388274375	4.0
468779450	388274375	3.0
471549306	388274375	4.0
473054035	388274375	4.0
543214394	388274375	4.0
292846303	388274375	3.0
248163396	388274375	4.0
250473936	388274375	4.0
264630976	388274375	4.0
264649444	388274375	3.0
249664014	388274375	4.0
264650639	388274375	3.0
264625638	388274375	3.0
264649433	388274375	3.0
264651626	388274375	3.0
264644793	388274375	3.0
288603708	388274375	3.0
264627631	388274375	2.0
264629195	388274375	3.0
264643155	388274375	2.0
248163424	388274375	4.0
250072645	388274375	4.0
250072646	388274375	4.0
250490660	388274375	4.0
264635199	388274375	4.0
264637734	388274375	4.0
264651587	388274375	3.0
264669366	388274375	2.0
491483504	491483504	0
352374624	491483504	4.0
250490670	491483504	4.0
256082877	491483504	3.0
459797787	491483504	3.0
250072761	491483504	4.0
250471890	491483504	4.0
250473919	491483504	4.0
250474273	491483504	4.0
367809093	491483504	4.0
459797785	491483504	3.0
468778646	491483504	3.0
468781231	491483504	4.0
22900913	491483504	3.0
22904239	491483504	3.0
22961904	491483504	3.0
288767465	491483504	2.0
317378540	491483504	3.0
323407714	491483504	2.0
459810315	491483504	2.0
459815267	491483504	3.0
459815268	491483504	3.0
617506891	491483504	1.0
336863051	491483504	4.0
220892650	491483504	4.0
238142698	491483504	4.0
239988120	491483504	4.0
240073954	491483504	4.0
468779450	491483504	3.0
471549306	491483504	4.0
473054035	491483504	4.0
543214394	491483504	4.0
292846303	491483504	3.0
248163396	491483504	4.0
250473936	491483504	4.0
264630976	491483504	3.0
264649444	491483504	3.0
249664014	491483504	4.0
264650639	491483504	3.0
264625638	491483504	3.0
264649433	491483504	3.0
264651626	491483504	2.0
264644793	491483504	3.0
288603708	491483504	3.0
264627631	491483504	2.0
264629195	491483504	3.0
264643155	491483504	2.0
248163424	491483504	4.0
250072645	491483504	4.0
250072646	491483504	4.0
250490660	491483504	4.0
264635199	491483504	4.0
264637734	491483504	4.0
264651587	491483504	3.0
264669366	491483504	2.0
352374624	352374624	0
250490670	352374624	3.0
256082877	352374624	4.0
459797787	352374624	4.0
250072761	352374624	3.0
250471890	352374624	3.0
250473919	352374624	3.0
250474273	352374624	3.0
367809093	352374624	3.0
459797785	352374624	4.0
468778646	352374624	3.0
468781231	352374624	3.0
22900913	352374624	4.0
22904239	352374624	4.0
22961904	352374624	4.0
288767465	352374624	4.0
317378540	352374624	4.0
323407714	352374624	4.0
459810315	352374624	4.0
459815267	352374624	4.0
459815268	352374624	4.0
617506891	352374624	4.0
336863051	352374624	0.0
220892650	352374624	3.0
238142698	352374624	3.0
239988120	352374624	2.0
240073954	352374624	4.0
468779450	352374624	4.0
471549306	352374624	3.0
473054035	352374624	3.0
543214394	352374624	3.0
292846303	352374624	4.0
248163396	352374624	0.0
250473936	352374624	3.0
264630976	352374624	3.0
264649444	352374624	4.0
249664014	352374624	3.0
264650639	352374624	4.0
264625638	352374624	4.0
264649433	352374624	4.0
264651626	352374624	4.0
264644793	352374624	3.0
288603708	352374624	4.0
264627631	352374624	4.0
264629195	352374624	4.0
264643155	352374624	4.0
248163424	352374624	1.0
250072645	352374624	2.0
250072646	352374624	3.0
250490660	352374624	3.0
264635199	352374624	3.0
264637734	352374624	3.0
264651587	352374624	4.0
264669366	352374624	4.0
250490670	250490670	0
256082877	250490670	3.0
459797787	250490670	3.0
250072761	250490670	2.0
250471890	250490670	2.0
250473919	250490670	1.0
250474273	250490670	3.0
367809093	250490670	0.0
459797785	250490670	3.0
468778646	250490670	1.0
468781231	250490670	0.0
22900913	250490670	2.0
22904239	250490670	3.0
22961904	250490670	3.0
288767465	250490670	3.0
317378540	250490670	3.0
323407714	250490670	3.0
459810315	250490670	3.0
459815267	250490670	3.0
459815268	250490670	3.0
617506891	250490670	3.0
336863051	250490670	3.0
220892650	250490670	2.0
238142698	250490670	3.0
239988120	250490670	2.0
240073954	250490670	3.0
468779450	250490670	3.0
471549306	250490670	1.0
473054035	250490670	0.0
543214394	250490670	2.0
292846303	250490670	3.0
248163396	250490670	3.0
250473936	250490670	0.0
264630976	250490670	1.0
264649444	250490670	3.0
249664014	250490670	2.0
264650639	250490670	3.0
264625638	250490670	3.0
264649433	250490670	3.0
264651626	250490670	3.0
264644793	250490670	2.0
288603708	250490670	2.0
264627631	250490670	3.0
264629195	250490670	3.0
264643155	250490670	4.0
248163424	250490670	3.0
250072645	250490670	3.0
250072646	250490670	2.0
250490660	250490670	0.0
264635199	250490670	3.0
264637734	250490670	2.0
264651587	250490670	3.0
264669366	250490670	3.0
256082877	256082877	0
459797787	256082877	2.0
250072761	256082877	4.0
250471890	256082877	4.0
250473919	256082877	3.0
250474273	256082877	3.0
367809093	256082877	3.0
459797785	256082877	3.0
468778646	256082877	3.0
468781231	256082877	3.0
22900913	256082877	3.0
22904239	256082877	3.0
22961904	256082877	3.0
288767465	256082877	3.0
317378540	256082877	3.0
323407714	256082877	3.0
459810315	256082877	3.0
459815267	256082877	2.0
459815268	256082877	3.0
617506891	256082877	3.0
336863051	256082877	4.0
220892650	256082877	3.0
238142698	256082877	3.0
239988120	256082877	4.0
240073954	256082877	3.0
468779450	256082877	3.0
471549306	256082877	3.0
473054035	256082877	3.0
543214394	256082877	4.0
292846303	256082877	3.0
248163396	256082877	4.0
250473936	256082877	3.0
264630976	256082877	3.0
264649444	256082877	2.0
249664014	256082877	4.0
264650639	256082877	2.0
264625638	256082877	3.0
264649433	256082877	3.0
264651626	256082877	2.0
264644793	256082877	3.0
288603708	256082877	3.0
264627631	256082877	3.0
264629195	256082877	2.0
264643155	256082877	3.0
248163424	256082877	4.0
250072645	256082877	4.0
250072646	256082877	4.0
250490660	256082877	3.0
264635199	256082877	3.0
264637734	256082877	3.0
264651587	256082877	2.0
264669366	256082877	0.0
459797787	459797787	0
250072761	459797787	3.0
250471890	459797787	3.0
250473919	459797787	3.0
250474273	459797787	3.0
367809093	459797787	3.0
459797785	459797787	2.0
468778646	459797787	3.0
468781231	459797787	3.0
22900913	459797787	2.0
22904239	459797787	3.0
22961904	459797787	2.0
288767465	459797787	3.0
317378540	459797787	3.0
323407714	459797787	2.0
459810315	459797787	1.0
459815267	459797787	2.0
459815268	459797787	1.0
617506891	459797787	3.0
336863051	459797787	4.0
220892650	459797787	3.0
238142698	459797787	2.0
239988120	459797787	3.0
240073954	459797787	3.0
468779450	459797787	2.0
471549306	459797787	3.0
473054035	459797787	3.0
543214394	459797787	3.0
292846303	459797787	3.0
248163396	459797787	4.0
250473936	459797787	3.0
264630976	459797787	3.0
264649444	459797787	3.0
249664014	459797787	3.0
264650639	459797787	2.0
264625638	459797787	3.0
264649433	459797787	3.0
264651626	459797787	2.0
264644793	459797787	3.0
288603708	459797787	3.0
264627631	459797787	3.0
264629195	459797787	2.0
264643155	459797787	3.0
248163424	459797787	3.0
250072645	459797787	3.0
250072646	459797787	3.0
250490660	459797787	3.0
264635199	459797787	2.0
264637734	459797787	3.0
264651587	459797787	3.0
264669366	459797787	3.0
250072761	250072761	0
250471890	250072761	2.0
250473919	250072761	2.0
250474273	250072761	2.0
367809093	250072761	2.0
459797785	250072761	4.0
468778646	250072761	2.0
468781231	250072761	2.0
22900913	250072761	3.0
22904239	250072761	3.0
22961904	250072761	4.0
288767465	250072761	4.0
317378540	250072761	3.0
323407714	250072761	4.0
459810315	250072761	3.0
459815267	250072761	4.0
459815268	250072761	3.0
617506891	250072761	4.0
336863051	250072761	3.0
220892650	250072761	3.0
238142698	250072761	3.0
239988120	250072761	1.0
240073954	250072761	3.0
468779450	250072761	3.0
471549306	250072761	1.0
473054035	250072761	2.0
543214394	250072761	0.0
292846303	250072761	4.0
248163396	250072761	3.0
250473936	250072761	2.0
264630976	250072761	2.0
264649444	250072761	3.0
249664014	250072761	1.0
264650639	250072761	3.0
264625638	250072761	3.0
264649433	250072761	4.0
264651626	250072761	4.0
264644793	250072761	3.0
288603708	250072761	4.0
264627631	250072761	4.0
264629195	250072761	3.0
264643155	250072761	4.0
248163424	250072761	2.0
250072645	250072761	2.0
250072646	250072761	1.0
250490660	250072761	2.0
264635199	250072761	3.0
264637734	250072761	3.0
264651587	250072761	3.0
264669366	250072761	4.0
250471890	250471890	0
250473919	250471890	0.0
250474273	250471890	3.0
367809093	250471890	1.0
459797785	250471890	3.0
468778646	250471890	2.0
468781231	250471890	2.0
22900913	250471890	3.0
22904239	250471890	3.0
22961904	250471890	4.0
288767465	250471890	4.0
317378540	250471890	3.0
323407714	250471890	4.0
459810315	250471890	4.0
459815267	250471890	3.0
459815268	250471890	4.0
617506891	250471890	4.0
336863051	250471890	3.0
220892650	250471890	2.0
238142698	250471890	2.0
239988120	250471890	2.0
240073954	250471890	3.0
468779450	250471890	2.0
471549306	250471890	2.0
473054035	250471890	2.0
543214394	250471890	2.0
292846303	250471890	3.0
248163396	250471890	3.0
250473936	250471890	1.0
264630976	250471890	2.0
264649444	250471890	3.0
249664014	250471890	3.0
264650639	250471890	3.0
264625638	250471890	3.0
264649433	250471890	3.0
264651626	250471890	3.0
264644793	250471890	2.0
288603708	250471890	3.0
264627631	250471890	4.0
264629195	250471890	4.0
264643155	250471890	4.0
248163424	250471890	3.0
250072645	250471890	3.0
250072646	250471890	2.0
250490660	250471890	1.0
264635199	250471890	3.0
264637734	250471890	3.0
264651587	250471890	4.0
264669366	250471890	4.0
250473919	250473919	0
250474273	250473919	3.0
367809093	250473919	0.0
459797785	250473919	3.0
468778646	250473919	2.0
468781231	250473919	1.0
22900913	250473919	3.0
22904239	250473919	3.0
22961904	250473919	4.0
288767465	250473919	3.0
317378540	250473919	3.0
323407714	250473919	4.0
459810315	250473919	3.0
459815267	250473919	3.0
459815268	250473919	3.0
617506891	250473919	4.0
336863051	250473919	3.0
220892650	250473919	3.0
238142698	250473919	3.0
239988120	250473919	2.0
240073954	250473919	3.0
468779450	250473919	3.0
471549306	250473919	2.0
473054035	250473919	1.0
543214394	250473919	2.0
292846303	250473919	4.0
248163396	250473919	3.0
250473936	250473919	0.0
264630976	250473919	2.0
264649444	250473919	3.0
249664014	250473919	1.0
264650639	250473919	3.0
264625638	250473919	3.0
264649433	250473919	4.0
264651626	250473919	3.0
264644793	250473919	3.0
288603708	250473919	3.0
264627631	250473919	4.0
264629195	250473919	3.0
264643155	250473919	4.0
248163424	250473919	2.0
250072645	250473919	3.0
250072646	250473919	2.0
250490660	250473919	1.0
264635199	250473919	3.0
264637734	250473919	3.0
264651587	250473919	3.0
264669366	250473919	4.0
250474273	250474273	0
367809093	250474273	2.0
459797785	250474273	3.0
468778646	250474273	2.0
468781231	250474273	2.0
22900913	250474273	3.0
22904239	250474273	3.0
22961904	250474273	4.0
288767465	250474273	4.0
317378540	250474273	3.0
323407714	250474273	4.0
459810315	250474273	4.0
459815267	250474273	3.0
459815268	250474273	4.0
617506891	250474273	4.0
336863051	250474273	3.0
220892650	250474273	3.0
238142698	250474273	3.0
239988120	250474273	1.0
240073954	250474273	3.0
468779450	250474273	3.0
471549306	250474273	2.0
473054035	250474273	3.0
543214394	250474273	2.0
292846303	250474273	4.0
248163396	250474273	3.0
250473936	250474273	2.0
264630976	250474273	2.0
264649444	250474273	4.0
249664014	250474273	0.0
264650639	250474273	3.0
264625638	250474273	3.0
264649433	250474273	4.0
264651626	250474273	3.0
264644793	250474273	3.0
288603708	250474273	3.0
264627631	250474273	4.0
264629195	250474273	3.0
264643155	250474273	4.0
248163424	250474273	2.0
250072645	250474273	2.0
250072646	250474273	1.0
250490660	250474273	3.0
264635199	250474273	3.0
264637734	250474273	3.0
264651587	250474273	4.0
264669366	250474273	4.0
367809093	367809093	0
459797785	367809093	3.0
468778646	367809093	2.0
468781231	367809093	1.0
22900913	367809093	2.0
22904239	367809093	3.0
22961904	367809093	4.0
288767465	367809093	3.0
317378540	367809093	3.0
323407714	367809093	3.0
459810315	367809093	3.0
459815267	367809093	3.0
459815268	367809093	3.0
617506891	367809093	4.0
336863051	367809093	3.0
220892650	367809093	3.0
238142698	367809093	3.0
239988120	367809093	2.0
240073954	367809093	3.0
468779450	367809093	3.0
471549306	367809093	2.0
473054035	367809093	0.0
543214394	367809093	2.0
292846303	367809093	3.0
248163396	367809093	3.0
250473936	367809093	0.0
264630976	367809093	2.0
264649444	367809093	3.0
249664014	367809093	2.0
264650639	367809093	3.0
264625638	367809093	3.0
264649433	367809093	4.0
264651626	367809093	3.0
264644793	367809093	3.0
288603708	367809093	3.0
264627631	367809093	3.0
264629195	367809093	3.0
264643155	367809093	4.0
248163424	367809093	3.0
250072645	367809093	3.0
250072646	367809093	2.0
250490660	367809093	0.0
264635199	367809093	3.0
264637734	367809093	3.0
264651587	367809093	4.0
264669366	367809093	3.0
459797785	459797785	0
468778646	459797785	2.0
468781231	459797785	3.0
22900913	459797785	3.0
22904239	459797785	3.0
22961904	459797785	2.0
288767465	459797785	2.0
317378540	459797785	3.0
323407714	459797785	3.0
459810315	459797785	2.0
459815267	459797785	2.0
459815268	459797785	2.0
617506891	459797785	3.0
336863051	459797785	4.0
220892650	459797785	3.0
238142698	459797785	3.0
239988120	459797785	3.0
240073954	459797785	3.0
468779450	459797785	2.0
471549306	459797785	3.0
473054035	459797785	3.0
543214394	459797785	4.0
292846303	459797785	3.0
248163396	459797785	4.0
250473936	459797785	3.0
264630976	459797785	3.0
264649444	459797785	2.0
249664014	459797785	3.0
264650639	459797785	2.0
264625638	459797785	3.0
264649433	459797785	3.0
264651626	459797785	3.0
264644793	459797785	2.0
288603708	459797785	2.0
264627631	459797785	2.0
264629195	459797785	1.0
264643155	459797785	3.0
248163424	459797785	4.0
250072645	459797785	4.0
250072646	459797785	3.0
250490660	459797785	3.0
264635199	459797785	3.0
264637734	459797785	3.0
264651587	459797785	3.0
264669366	459797785	3.0
468778646	468778646	0
468781231	468778646	1.0
22900913	468778646	1.0
22904239	468778646	3.0
22961904	468778646	3.0
288767465	468778646	3.0
317378540	468778646	2.0
323407714	468778646	3.0
459810315	468778646	2.0
459815267	468778646	3.0
459815268	468778646	2.0
617506891	468778646	3.0
336863051	468778646	3.0
220892650	468778646	2.0
238142698	468778646	3.0
239988120	468778646	2.0
240073954	468778646	3.0
468779450	468778646	2.0
471549306	468778646	2.0
473054035	468778646	1.0
543214394	468778646	2.0
292846303	468778646	3.0
248163396	468778646	3.0
250473936	468778646	2.0
264630976	468778646	0.0
264649444	468778646	3.0
249664014	468778646	2.0
264650639	468778646	3.0
264625638	468778646	2.0
264649433	468778646	3.0
264651626	468778646	3.0
264644793	468778646	2.0
288603708	468778646	2.0
264627631	468778646	3.0
264629195	468778646	3.0
264643155	468778646	3.0
248163424	468778646	3.0
250072645	468778646	3.0
250072646	468778646	3.0
250490660	468778646	1.0
264635199	468778646	2.0
264637734	468778646	2.0
264651587	468778646	3.0
264669366	468778646	3.0
468781231	468781231	0
22900913	468781231	2.0
22904239	468781231	3.0
22961904	468781231	3.0
288767465	468781231	3.0
317378540	468781231	3.0
323407714	468781231	3.0
459810315	468781231	3.0
459815267	468781231	3.0
459815268	468781231	3.0
617506891	468781231	3.0
336863051	468781231	3.0
220892650	468781231	2.0
238142698	468781231	3.0
239988120	468781231	2.0
240073954	468781231	3.0
468779450	468781231	2.0
471549306	468781231	1.0
473054035	468781231	0.0
543214394	468781231	2.0
292846303	468781231	3.0
248163396	468781231	3.0
250473936	468781231	1.0
264630976	468781231	1.0
264649444	468781231	3.0
249664014	468781231	2.0
264650639	468781231	3.0
264625638	468781231	3.0
264649433	468781231	3.0
264651626	468781231	3.0
264644793	468781231	2.0
288603708	468781231	2.0
264627631	468781231	3.0
264629195	468781231	3.0
264643155	468781231	3.0
248163424	468781231	3.0
250072645	468781231	3.0
250072646	468781231	3.0
250490660	468781231	0.0
264635199	468781231	2.0
264637734	468781231	2.0
264651587	468781231	3.0
264669366	468781231	3.0
22900913	22900913	0
22904239	22900913	3.0
22961904	22900913	3.0
288767465	22900913	2.0
317378540	22900913	2.0
323407714	22900913	3.0
459810315	22900913	2.0
459815267	22900913	3.0
459815268	22900913	2.0
617506891	22900913	3.0
336863051	22900913	4.0
220892650	22900913	2.0
238142698	22900913	2.0
239988120	22900913	3.0
240073954	22900913	3.0
468779450	22900913	1.0
471549306	22900913	3.0
473054035	22900913	2.0
543214394	22900913	3.0
292846303	22900913	3.0
248163396	22900913	4.0
250473936	22900913	2.0
264630976	22900913	2.0
264649444	22900913	3.0
249664014	22900913	3.0
264650639	22900913	3.0
264625638	22900913	2.0
264649433	22900913	3.0
264651626	22900913	3.0
264644793	22900913	2.0
288603708	22900913	2.0
264627631	22900913	2.0
264629195	22900913	3.0
264643155	22900913	3.0
248163424	22900913	3.0
250072645	22900913	3.0
250072646	22900913	3.0
250490660	22900913	2.0
264635199	22900913	3.0
264637734	22900913	3.0
264651587	22900913	3.0
264669366	22900913	3.0
22904239	22904239	0
22961904	22904239	2.0
288767465	22904239	2.0
317378540	22904239	2.0
323407714	22904239	2.0
459810315	22904239	2.0
459815267	22904239	3.0
459815268	22904239	2.0
617506891	22904239	2.0
336863051	22904239	4.0
220892650	22904239	3.0
238142698	22904239	4.0
239988120	22904239	3.0
240073954	22904239	4.0
468779450	22904239	3.0
471549306	22904239	3.0
473054035	22904239	3.0
543214394	22904239	3.0
292846303	22904239	4.0
248163396	22904239	4.0
250473936	22904239	3.0
264630976	22904239	3.0
264649444	22904239	4.0
249664014	22904239	3.0
264650639	22904239	3.0
264625638	22904239	1.0
264649433	22904239	4.0
264651626	22904239	3.0
264644793	22904239	3.0
288603708	22904239	2.0
264627631	22904239	2.0
264629195	22904239	3.0
264643155	22904239	2.0
248163424	22904239	4.0
250072645	22904239	4.0
250072646	22904239	4.0
250490660	22904239	3.0
264635199	22904239	3.0
264637734	22904239	3.0
264651587	22904239	3.0
264669366	22904239	3.0
22961904	22961904	0
288767465	22961904	2.0
317378540	22961904	3.0
323407714	22961904	1.0
459810315	22961904	3.0
459815267	22961904	2.0
459815268	22961904	3.0
617506891	22961904	3.0
336863051	22961904	4.0
220892650	22961904	3.0
238142698	22961904	3.0
239988120	22961904	4.0
240073954	22961904	4.0
468779450	22961904	3.0
471549306	22961904	4.0
473054035	22961904	3.0
543214394	22961904	4.0
292846303	22961904	3.0
248163396	22961904	4.0
250473936	22961904	4.0
264630976	22961904	3.0
264649444	22961904	3.0
249664014	22961904	4.0
264650639	22961904	3.0
264625638	22961904	3.0
264649433	22961904	3.0
264651626	22961904	2.0
264644793	22961904	3.0
288603708	22961904	2.0
264627631	22961904	2.0
264629195	22961904	2.0
264643155	22961904	0.0
248163424	22961904	4.0
250072645	22961904	4.0
250072646	22961904	4.0
250490660	22961904	3.0
264635199	22961904	3.0
264637734	22961904	4.0
264651587	22961904	2.0
264669366	22961904	3.0
288767465	288767465	0
317378540	288767465	3.0
323407714	288767465	1.0
459810315	288767465	2.0
459815267	288767465	1.0
459815268	288767465	2.0
617506891	288767465	1.0
336863051	288767465	4.0
220892650	288767465	3.0
238142698	288767465	3.0
239988120	288767465	4.0
240073954	288767465	4.0
468779450	288767465	3.0
471549306	288767465	3.0
473054035	288767465	3.0
543214394	288767465	4.0
292846303	288767465	4.0
248163396	288767465	4.0
250473936	288767465	3.0
264630976	288767465	3.0
264649444	288767465	3.0
249664014	288767465	4.0
264650639	288767465	3.0
264625638	288767465	3.0
264649433	288767465	4.0
264651626	288767465	3.0
264644793	288767465	3.0
288603708	288767465	2.0
264627631	288767465	0.0
264629195	288767465	3.0
264643155	288767465	2.0
248163424	288767465	4.0
250072645	288767465	4.0
250072646	288767465	4.0
250490660	288767465	3.0
264635199	288767465	3.0
264637734	288767465	3.0
264651587	288767465	3.0
264669366	288767465	3.0
317378540	317378540	0
323407714	317378540	3.0
459810315	317378540	3.0
459815267	317378540	3.0
459815268	317378540	3.0
617506891	317378540	3.0
336863051	317378540	4.0
220892650	317378540	3.0
238142698	317378540	3.0
239988120	317378540	3.0
240073954	317378540	3.0
468779450	317378540	3.0
471549306	317378540	3.0
473054035	317378540	3.0
543214394	317378540	3.0
292846303	317378540	3.0
248163396	317378540	4.0
250473936	317378540	3.0
264630976	317378540	2.0
264649444	317378540	3.0
249664014	317378540	3.0
264650639	317378540	3.0
264625638	317378540	0.0
264649433	317378540	3.0
264651626	317378540	3.0
264644793	317378540	3.0
288603708	317378540	1.0
264627631	317378540	3.0
264629195	317378540	3.0
264643155	317378540	3.0
248163424	317378540	3.0
250072645	317378540	4.0
250072646	317378540	4.0
250490660	317378540	3.0
264635199	317378540	2.0
264637734	317378540	3.0
264651587	317378540	3.0
264669366	317378540	3.0
323407714	323407714	0
459810315	323407714	0.0
459815267	323407714	2.0
459815268	323407714	1.0
617506891	323407714	2.0
336863051	323407714	4.0
220892650	323407714	3.0
238142698	323407714	3.0
239988120	323407714	4.0
240073954	323407714	3.0
468779450	323407714	3.0
471549306	323407714	3.0
473054035	323407714	3.0
543214394	323407714	4.0
292846303	323407714	3.0
248163396	323407714	4.0
250473936	323407714	3.0
264630976	323407714	3.0
264649444	323407714	3.0
249664014	323407714	4.0
264650639	323407714	3.0
264625638	323407714	3.0
264649433	323407714	3.0
264651626	323407714	3.0
264644793	323407714	3.0
288603708	323407714	2.0
264627631	323407714	1.0
264629195	323407714	2.0
264643155	323407714	2.0
248163424	323407714	4.0
250072645	323407714	4.0
250072646	323407714	4.0
250490660	323407714	3.0
264635199	323407714	3.0
264637734	323407714	4.0
264651587	323407714	3.0
264669366	323407714	3.0
459810315	459810315	0
459815267	459810315	3.0
459815268	459810315	0.0
617506891	459810315	3.0
336863051	459810315	4.0
220892650	459810315	3.0
238142698	459810315	3.0
239988120	459810315	3.0
240073954	459810315	3.0
468779450	459810315	3.0
471549306	459810315	3.0
473054035	459810315	3.0
543214394	459810315	3.0
292846303	459810315	3.0
248163396	459810315	4.0
250473936	459810315	3.0
264630976	459810315	3.0
264649444	459810315	3.0
249664014	459810315	3.0
264650639	459810315	3.0
264625638	459810315	3.0
264649433	459810315	3.0
264651626	459810315	3.0
264644793	459810315	3.0
288603708	459810315	2.0
264627631	459810315	2.0
264629195	459810315	3.0
264643155	459810315	3.0
248163424	459810315	4.0
250072645	459810315	4.0
250072646	459810315	4.0
250490660	459810315	3.0
264635199	459810315	3.0
264637734	459810315	3.0
264651587	459810315	3.0
264669366	459810315	3.0
459815267	459815267	0
459815268	459815267	3.0
617506891	459815267	2.0
336863051	459815267	4.0
220892650	459815267	3.0
238142698	459815267	3.0
239988120	459815267	3.0
240073954	459815267	3.0
468779450	459815267	3.0
471549306	459815267	3.0
473054035	459815267	3.0
543214394	459815267	4.0
292846303	459815267	3.0
248163396	459815267	4.0
250473936	459815267	3.0
264630976	459815267	3.0
264649444	459815267	3.0
249664014	459815267	3.0
264650639	459815267	3.0
264625638	459815267	3.0
264649433	459815267	3.0
264651626	459815267	2.0
264644793	459815267	2.0
288603708	459815267	3.0
264627631	459815267	1.0
264629195	459815267	2.0
264643155	459815267	2.0
248163424	459815267	4.0
250072645	459815267	4.0
250072646	459815267	4.0
250490660	459815267	3.0
264635199	459815267	3.0
264637734	459815267	3.0
264651587	459815267	3.0
264669366	459815267	2.0
459815268	459815268	0
617506891	459815268	3.0
336863051	459815268	4.0
220892650	459815268	3.0
238142698	459815268	3.0
239988120	459815268	3.0
240073954	459815268	3.0
468779450	459815268	3.0
471549306	459815268	3.0
473054035	459815268	3.0
543214394	459815268	3.0
292846303	459815268	3.0
248163396	459815268	4.0
250473936	459815268	3.0
264630976	459815268	3.0
264649444	459815268	3.0
249664014	459815268	3.0
264650639	459815268	3.0
264625638	459815268	3.0
264649433	459815268	3.0
264651626	459815268	3.0
264644793	459815268	3.0
288603708	459815268	2.0
264627631	459815268	2.0
264629195	459815268	3.0
264643155	459815268	3.0
248163424	459815268	4.0
250072645	459815268	4.0
250072646	459815268	4.0
250490660	459815268	3.0
264635199	459815268	3.0
264637734	459815268	3.0
264651587	459815268	3.0
264669366	459815268	3.0
617506891	617506891	0
336863051	617506891	4.0
220892650	617506891	4.0
238142698	617506891	4.0
239988120	617506891	4.0
240073954	617506891	4.0
468779450	617506891	3.0
471549306	617506891	4.0
473054035	617506891	3.0
543214394	617506891	4.0
292846303	617506891	4.0
248163396	617506891	4.0
250473936	617506891	4.0
264630976	617506891	3.0
264649444	617506891	3.0
249664014	617506891	4.0
264650639	617506891	3.0
264625638	617506891	3.0
264649433	617506891	4.0
264651626	617506891	3.0
264644793	617506891	3.0
288603708	617506891	3.0
264627631	617506891	1.0
264629195	617506891	3.0
264643155	617506891	2.0
248163424	617506891	4.0
250072645	617506891	4.0
250072646	617506891	4.0
250490660	617506891	4.0
264635199	617506891	4.0
264637734	617506891	4.0
264651587	617506891	3.0
264669366	617506891	3.0
336863051	336863051	0
220892650	336863051	3.0
238142698	336863051	3.0
239988120	336863051	2.0
240073954	336863051	4.0
468779450	336863051	4.0
471549306	336863051	3.0
473054035	336863051	3.0
543214394	336863051	3.0
292846303	336863051	4.0
248163396	336863051	0.0
250473936	336863051	3.0
264630976	336863051	3.0
264649444	336863051	4.0
249664014	336863051	3.0
264650639	336863051	4.0
264625638	336863051	4.0
264649433	336863051	4.0
264651626	336863051	4.0
264644793	336863051	3.0
288603708	336863051	4.0
264627631	336863051	4.0
264629195	336863051	4.0
264643155	336863051	4.0
248163424	336863051	1.0
250072645	336863051	2.0
250072646	336863051	3.0
250490660	336863051	3.0
264635199	336863051	4.0
264637734	336863051	3.0
264651587	336863051	4.0
264669366	336863051	4.0
220892650	220892650	0
238142698	220892650	0.0
239988120	220892650	2.0
240073954	220892650	1.0
468779450	220892650	2.0
471549306	220892650	2.0
473054035	220892650	2.0
543214394	220892650	3.0
292846303	220892650	3.0
248163396	220892650	3.0
250473936	220892650	3.0
264630976	220892650	2.0
264649444	220892650	3.0
249664014	220892650	2.0
264650639	220892650	3.0
264625638	220892650	3.0
264649433	220892650	3.0
264651626	220892650	3.0
264644793	220892650	2.0
288603708	220892650	3.0
264627631	220892650	3.0
264629195	220892650	3.0
264643155	220892650	4.0
248163424	220892650	3.0
250072645	220892650	3.0
250072646	220892650	2.0
250490660	220892650	2.0
264635199	220892650	1.0
264637734	220892650	1.0
264651587	220892650	3.0
264669366	220892650	3.0
238142698	238142698	0
239988120	238142698	3.0
240073954	238142698	0.0
468779450	238142698	2.0
471549306	238142698	3.0
473054035	238142698	3.0
543214394	238142698	3.0
292846303	238142698	3.0
248163396	238142698	3.0
250473936	238142698	3.0
264630976	238142698	2.0
264649444	238142698	2.0
249664014	238142698	3.0
264650639	238142698	3.0
264625638	238142698	3.0
264649433	238142698	3.0
264651626	238142698	3.0
264644793	238142698	2.0
288603708	238142698	3.0
264627631	238142698	3.0
264629195	238142698	3.0
264643155	238142698	4.0
248163424	238142698	3.0
250072645	238142698	3.0
250072646	238142698	3.0
250490660	238142698	2.0
264635199	238142698	2.0
264637734	238142698	2.0
264651587	238142698	3.0
264669366	238142698	3.0
239988120	239988120	0
240073954	239988120	3.0
468779450	239988120	3.0
471549306	239988120	1.0
473054035	239988120	2.0
543214394	239988120	1.0
292846303	239988120	4.0
248163396	239988120	2.0
250473936	239988120	2.0
264630976	239988120	2.0
264649444	239988120	3.0
249664014	239988120	0.0
264650639	239988120	3.0
264625638	239988120	3.0
264649433	239988120	4.0
264651626	239988120	3.0
264644793	239988120	3.0
288603708	239988120	3.0
264627631	239988120	4.0
264629195	239988120	3.0
264643155	239988120	4.0
248163424	239988120	1.0
250072645	239988120	2.0
250072646	239988120	2.0
250490660	239988120	2.0
264635199	239988120	3.0
264637734	239988120	3.0
264651587	239988120	3.0
264669366	239988120	4.0
240073954	240073954	0
468779450	240073954	2.0
471549306	240073954	3.0
473054035	240073954	3.0
543214394	240073954	3.0
292846303	240073954	3.0
248163396	240073954	4.0
250473936	240073954	3.0
264630976	240073954	3.0
264649444	240073954	2.0
249664014	240073954	3.0
264650639	240073954	3.0
264625638	240073954	3.0
264649433	240073954	3.0
264651626	240073954	3.0
264644793	240073954	2.0
288603708	240073954	3.0
264627631	240073954	4.0
264629195	240073954	3.0
264643155	240073954	4.0
248163424	240073954	3.0
250072645	240073954	3.0
250072646	240073954	3.0
250490660	240073954	3.0
264635199	240073954	2.0
264637734	240073954	2.0
264651587	240073954	3.0
264669366	240073954	4.0
468779450	468779450	0
471549306	468779450	3.0
473054035	468779450	3.0
543214394	468779450	3.0
292846303	468779450	3.0
248163396	468779450	3.0
250473936	468779450	3.0
264630976	468779450	2.0
264649444	468779450	3.0
249664014	468779450	3.0
264650639	468779450	2.0
264625638	468779450	3.0
264649433	468779450	3.0
264651626	468779450	3.0
264644793	468779450	2.0
288603708	468779450	2.0
264627631	468779450	3.0
264629195	468779450	3.0
264643155	468779450	3.0
248163424	468779450	3.0
250072645	468779450	3.0
250072646	468779450	3.0
250490660	468779450	3.0
264635199	468779450	2.0
264637734	468779450	2.0
264651587	468779450	3.0
264669366	468779450	3.0
471549306	471549306	0
473054035	471549306	1.0
543214394	471549306	1.0
292846303	471549306	4.0
248163396	471549306	3.0
250473936	471549306	2.0
264630976	471549306	2.0
264649444	471549306	3.0
249664014	471549306	2.0
264650639	471549306	3.0
264625638	471549306	3.0
264649433	471549306	4.0
264651626	471549306	3.0
264644793	471549306	3.0
288603708	471549306	3.0
264627631	471549306	4.0
264629195	471549306	3.0
264643155	471549306	4.0
248163424	471549306	2.0
250072645	471549306	2.0
250072646	471549306	2.0
250490660	471549306	1.0
264635199	471549306	3.0
264637734	471549306	3.0
264651587	471549306	3.0
264669366	471549306	4.0
473054035	473054035	0
543214394	473054035	2.0
292846303	473054035	3.0
248163396	473054035	3.0
250473936	473054035	0.0
264630976	473054035	1.0
264649444	473054035	3.0
249664014	473054035	2.0
264650639	473054035	3.0
264625638	473054035	3.0
264649433	473054035	3.0
264651626	473054035	3.0
264644793	473054035	2.0
288603708	473054035	2.0
264627631	473054035	3.0
264629195	473054035	3.0
264643155	473054035	4.0
248163424	473054035	3.0
250072645	473054035	3.0
250072646	473054035	2.0
250490660	473054035	0.0
264635199	473054035	3.0
264637734	473054035	2.0
264651587	473054035	3.0
264669366	473054035	3.0
543214394	543214394	0
292846303	543214394	4.0
248163396	543214394	3.0
250473936	543214394	2.0
264630976	543214394	2.0
264649444	543214394	3.0
249664014	543214394	1.0
264650639	543214394	3.0
264625638	543214394	3.0
264649433	543214394	4.0
264651626	543214394	4.0
264644793	543214394	3.0
288603708	543214394	4.0
264627631	543214394	4.0
264629195	543214394	3.0
264643155	543214394	4.0
248163424	543214394	2.0
250072645	543214394	2.0
250072646	543214394	1.0
250490660	543214394	2.0
264635199	543214394	3.0
264637734	543214394	3.0
264651587	543214394	3.0
264669366	543214394	4.0
292846303	292846303	0
248163396	292846303	4.0
250473936	292846303	3.0
264630976	292846303	3.0
264649444	292846303	2.0
249664014	292846303	4.0
264650639	292846303	2.0
264625638	292846303	3.0
264649433	292846303	0.0
264651626	292846303	2.0
264644793	292846303	3.0
288603708	292846303	4.0
264627631	292846303	4.0
264629195	292846303	3.0
264643155	292846303	3.0
248163424	292846303	4.0
250072645	292846303	4.0
250072646	292846303	4.0
250490660	292846303	3.0
264635199	292846303	3.0
264637734	292846303	3.0
264651587	292846303	2.0
264669366	292846303	2.0
248163396	248163396	0
250473936	248163396	3.0
264630976	248163396	3.0
264649444	248163396	4.0
249664014	248163396	2.0
264650639	248163396	4.0
264625638	248163396	4.0
264649433	248163396	4.0
264651626	248163396	4.0
264644793	248163396	3.0
288603708	248163396	4.0
264627631	248163396	4.0
264629195	248163396	4.0
264643155	248163396	4.0
248163424	248163396	2.0
250072645	248163396	3.0
250072646	248163396	3.0
250490660	248163396	3.0
264635199	248163396	4.0
264637734	248163396	3.0
264651587	248163396	4.0
264669366	248163396	4.0
250473936	250473936	0
264630976	250473936	2.0
264649444	250473936	3.0
249664014	250473936	2.0
264650639	250473936	3.0
264625638	250473936	3.0
264649433	250473936	4.0
264651626	250473936	3.0
264644793	250473936	3.0
288603708	250473936	3.0
264627631	250473936	3.0
264629195	250473936	3.0
264643155	250473936	4.0
248163424	250473936	3.0
250072645	250473936	3.0
250072646	250473936	2.0
250490660	250473936	0.0
264635199	250473936	3.0
264637734	250473936	3.0
264651587	250473936	4.0
264669366	250473936	4.0
264630976	264630976	0
264649444	264630976	3.0
249664014	264630976	2.0
264650639	264630976	3.0
264625638	264630976	2.0
264649433	264630976	3.0
264651626	264630976	3.0
264644793	264630976	2.0
288603708	264630976	2.0
264627631	264630976	3.0
264629195	264630976	3.0
264643155	264630976	3.0
248163424	264630976	3.0
250072645	264630976	3.0
250072646	264630976	3.0
250490660	264630976	1.0
264635199	264630976	2.0
264637734	264630976	2.0
264651587	264630976	3.0
264669366	264630976	3.0
264649444	264649444	0
249664014	264649444	3.0
264650639	264649444	1.0
264625638	264649444	3.0
264649433	264649444	2.0
264651626	264649444	2.0
264644793	264649444	3.0
288603708	264649444	3.0
264627631	264649444	3.0
264629195	264649444	3.0
264643155	264649444	3.0
248163424	264649444	3.0
250072645	264649444	4.0
250072646	264649444	3.0
250490660	264649444	3.0
264635199	264649444	2.0
264637734	264649444	2.0
264651587	264649444	2.0
264669366	264649444	3.0
249664014	249664014	0
264650639	249664014	3.0
264625638	249664014	3.0
264649433	249664014	4.0
264651626	249664014	4.0
264644793	249664014	3.0
288603708	249664014	3.0
264627631	249664014	4.0
264629195	249664014	3.0
264643155	249664014	4.0
248163424	249664014	2.0
250072645	249664014	1.0
250072646	249664014	2.0
250490660	249664014	2.0
264635199	249664014	3.0
264637734	249664014	3.0
264651587	249664014	3.0
264669366	249664014	4.0
264650639	264650639	0
264625638	264650639	3.0
264649433	264650639	2.0
264651626	264650639	1.0
264644793	264650639	3.0
288603708	264650639	3.0
264627631	264650639	3.0
264629195	264650639	2.0
264643155	264650639	3.0
248163424	264650639	3.0
250072645	264650639	4.0
250072646	264650639	3.0
250490660	264650639	3.0
264635199	264650639	2.0
264637734	264650639	3.0
264651587	264650639	1.0
264669366	264650639	2.0
264625638	264625638	0
264649433	264625638	3.0
264651626	264625638	3.0
264644793	264625638	3.0
288603708	264625638	1.0
264627631	264625638	3.0
264629195	264625638	3.0
264643155	264625638	3.0
248163424	264625638	4.0
250072645	264625638	4.0
250072646	264625638	4.0
250490660	264625638	3.0
264635199	264625638	3.0
264637734	264625638	3.0
264651587	264625638	3.0
264669366	264625638	3.0
264649433	264649433	0
264651626	264649433	2.0
264644793	264649433	3.0
288603708	264649433	4.0
264627631	264649433	4.0
264629195	264649433	3.0
264643155	264649433	3.0
248163424	264649433	4.0
250072645	264649433	4.0
250072646	264649433	3.0
250490660	264649433	3.0
264635199	264649433	3.0
264637734	264649433	3.0
264651587	264649433	2.0
264669366	264649433	2.0
264651626	264651626	0
264644793	264651626	2.0
288603708	264651626	3.0
264627631	264651626	3.0
264629195	264651626	2.0
264643155	264651626	2.0
248163424	264651626	4.0
250072645	264651626	4.0
250072646	264651626	4.0
250490660	264651626	3.0
264635199	264651626	3.0
264637734	264651626	3.0
264651587	264651626	1.0
264669366	264651626	2.0
264644793	264644793	0
288603708	264644793	3.0
264627631	264644793	3.0
264629195	264644793	3.0
264643155	264644793	3.0
248163424	264644793	3.0
250072645	264644793	3.0
250072646	264644793	3.0
250490660	264644793	2.0
264635199	264644793	2.0
264637734	264644793	2.0
264651587	264644793	3.0
264669366	264644793	3.0
288603708	288603708	0
264627631	288603708	2.0
264629195	288603708	3.0
264643155	288603708	3.0
248163424	288603708	3.0
250072645	288603708	4.0
250072646	288603708	3.0
250490660	288603708	2.0
264635199	288603708	3.0
264637734	288603708	3.0
264651587	288603708	3.0
264669366	288603708	3.0
264627631	264627631	0
264629195	264627631	3.0
264643155	264627631	2.0
248163424	264627631	4.0
250072645	264627631	4.0
250072646	264627631	4.0
250490660	264627631	3.0
264635199	264627631	3.0
264637734	264627631	4.0
264651587	264627631	3.0
264669366	264627631	3.0
264629195	264629195	0
264643155	264629195	2.0
248163424	264629195	4.0
250072645	264629195	4.0
250072646	264629195	4.0
250490660	264629195	3.0
264635199	264629195	3.0
264637734	264629195	3.0
264651587	264629195	2.0
264669366	264629195	2.0
264643155	264643155	0
248163424	264643155	4.0
250072645	264643155	4.0
250072646	264643155	4.0
250490660	264643155	4.0
264635199	264643155	3.0
264637734	264643155	4.0
264651587	264643155	2.0
264669366	264643155	2.0
248163424	248163424	0
250072645	248163424	2.0
250072646	248163424	3.0
250490660	248163424	3.0
264635199	248163424	3.0
264637734	248163424	3.0
264651587	248163424	4.0
264669366	248163424	4.0
250072645	250072645	0
250072646	250072645	2.0
250490660	250072645	3.0
264635199	250072645	3.0
264637734	250072645	3.0
264651587	250072645	4.0
264669366	250072645	4.0
250072646	250072646	0
250490660	250072646	2.0
264635199	250072646	3.0
264637734	250072646	3.0
264651587	250072646	4.0
264669366	250072646	4.0
250490660	250490660	0
264635199	250490660	3.0
264637734	250490660	2.0
264651587	250490660	3.0
264669366	250490660	3.0
264635199	264635199	0
264637734	264635199	2.0
264651587	264635199	3.0
264669366	264635199	3.0
264637734	264637734	0
264651587	264637734	4.0
264669366	264637734	4.0
264651587	264651587	0
264669366	264651587	2.0
264669366	264669366	0
