248925508	[-67,69.0,-2.0]	40.61434769	-73.99634848999999	0.09189134253110048	0.3284339690605759	0.2405343187339419	0.00116990530877615	0.756989247311828	0.2815302752618485
248925523	[-67,69.0,-2.0]	40.614323479999996	-73.99627579	0.09189134253110048	0.3284339690605759	0.2405343187339419	0.00116990530877615	0.756989247311828	0.2815302752618485
248925552	[-67,68.0,-1.0]	40.614254	-73.99620172	0.09189134253110048	0.3284339690605759	0.2405343187339419	0.00116990530877615	0.756989247311828	0.2815302752618485
248925567	[-67,68.0,-1.0]	40.61425546	-73.99613108000001	0.09189134253110048	0.3284339690605759	0.2405343187339419	0.00116990530877615	0.756989247311828	0.2815302752618485
248925605	[-67,67.0,0.0]	40.61413852222222	-73.99599313333334	0.09189134253110048	0.3284339690605759	0.2405343187339419	0.00116990530877615	0.756989247311828	0.2815302752618485
248926220	[-64,73.0,-9.0]	40.615292929999995	-73.99712495000001	0.09189134253110048	0.3284339690605759	0.2405343187339419	0.00116990530877615	0.756989247311828	0.2815302752618485
249098751	[-20,-25.0,45.0]	40.6143796	-73.97956832000001	0.09189134253110048	0.3284339690605759	0.2405343187339419	0.00116990530877615	0.756989247311828	0.2815302752618485
249101019	[-21,7.0,14.0]	40.61736114285714	-73.98535788571428	0.09189134253110048	0.3284339690605759	0.2405343187339419	0.00116990530877615	0.756989247311828	0.2815302752618485
249538822	[73,-14.0,-59.0]	40.63444564705883	-73.98155255294117	0.09189134253110048	0.3284339690605759	0.2405343187339419	0.00116990530877615	0.756989247311828	0.2815302752618485
249004878	[-69,92.0,-23.0]	40.616198180000005	-74.00037228000001	0.09189134253110048	0.3284339690605759	0.2405343187339419	0.00116990530877615	0.756989247311828	0.2815302752618485
249117830	[-25,32.0,-7.0]	40.6190909	-73.98976526	0.09189134253110048	0.3284339690605759	0.2405343187339419	0.00116990530877615	0.756989247311828	0.2815302752618485
220378118	[-7,-38.0,45.0]	40.61554198235294	-73.9773417882353	0.09189134253110048	0.3284339690605759	0.2405343187339419	0.00116990530877615	0.756989247311828	0.2815302752618485
514925235	[-39,15.0,24.0]	40.61445896	-73.98668474	0.09189134253110048	0.3284339690605759	0.2405343187339419	0.00116990530877615	0.756989247311828	0.2815302752618485
528616303	[-72,16.0,56.0]	40.60780064000001	-73.98685825999999	0.09189134253110048	0.3284339690605759	0.2405343187339419	0.00116990530877615	0.756989247311828	0.2815302752618485
533388399	[-69,12.0,57.0]	40.60805908	-73.986157	0.09189134253110048	0.3284339690605759	0.2405343187339419	0.00116990530877615	0.756989247311828	0.2815302752618485
533388400	[-68,10.0,58.0]	40.60804462	-73.98596686	0.09189134253110048	0.3284339690605759	0.2405343187339419	0.00116990530877615	0.756989247311828	0.2815302752618485
533388401	[-70,12.0,58.0]	40.607863859999995	-73.98611960000001	0.09189134253110048	0.3284339690605759	0.2405343187339419	0.00116990530877615	0.756989247311828	0.2815302752618485
533388402	[-69,10.0,59.0]	40.60788222	-73.98593276	0.09189134253110048	0.3284339690605759	0.2405343187339419	0.00116990530877615	0.756989247311828	0.2815302752618485
533388845	[-66,11.0,55.0]	40.608589987500004	-73.986047	0.09189134253110048	0.3284339690605759	0.2405343187339419	0.00116990530877615	0.756989247311828	0.2815302752618485
581380869	[-71,11.0,60.0]	40.6076365	-73.98598816	0.09189134253110048	0.3284339690605759	0.2405343187339419	0.00116990530877615	0.756989247311828	0.2815302752618485
581380870	[-71,12.0,59.0]	40.60765299999999	-73.98615222000001	0.09189134253110048	0.3284339690605759	0.2405343187339419	0.00116990530877615	0.756989247311828	0.2815302752618485
226188521	[24,-33.0,9.0]	40.622517828571425	-73.97811152857142	0.09189134253110048	0.3284339690605759	0.2405343187339419	0.00116990530877615	0.756989247311828	0.2815302752618485
438206948	[14,-3.0,-11.0]	40.623589460000005	-73.98349314000001	0.09189134253110048	0.3284339690605759	0.2405343187339419	0.00116990530877615	0.756989247311828	0.2815302752618485
438206949	[14,0.0,-14.0]	40.62382541666667	-73.98416911666666	0.09189134253110048	0.3284339690605759	0.2405343187339419	0.00116990530877615	0.756989247311828	0.2815302752618485
438206950	[10,2.0,-12.0]	40.623307620000006	-73.98445397999998	0.09189134253110048	0.3284339690605759	0.2405343187339419	0.00116990530877615	0.756989247311828	0.2815302752618485
514925234	[12,3.0,-15.0]	40.623827840000004	-73.98460256000001	0.09189134253110048	0.3284339690605759	0.2405343187339419	0.00116990530877615	0.756989247311828	0.2815302752618485
249119714	[15,24.0,-39.0]	40.626608028571425	-73.98835277142858	0.09189134253110048	0.3284339690605759	0.2405343187339419	0.00116990530877615	0.756989247311828	0.2815302752618485
248931652	[-66,5.0,61.0]	40.60794203913043	-73.98488680869563	0.09189134253110048	0.3284339690605759	0.2405343187339419	0.00116990530877615	0.756989247311828	0.2815302752618485
248934929	[-38,16.0,22.0]	40.61484366896552	-73.98691686206897	0.09189134253110048	0.3284339690605759	0.2405343187339419	0.00116990530877615	0.756989247311828	0.2815302752618485
248934931	[-51,17.0,34.0]	40.6122632	-73.98715639473684	0.09189134253110048	0.3284339690605759	0.2405343187339419	0.00116990530877615	0.756989247311828	0.2815302752618485
248934933	[-35,12.0,23.0]	40.61502876	-73.98609528	0.09189134253110048	0.3284339690605759	0.2405343187339419	0.00116990530877615	0.756989247311828	0.2815302752618485
249098024	[-8,-40.0,48.0]	40.61532527931034	-73.97693851034485	0.09189134253110048	0.3284339690605759	0.2405343187339419	0.00116990530877615	0.756989247311828	0.2815302752618485
249098896	[-26,-15.0,41.0]	40.61410871	-73.98151329999999	0.09189134253110048	0.3284339690605759	0.2405343187339419	0.00116990530877615	0.756989247311828	0.2815302752618485
46588424	[6,-7.0,1.0]	40.62151116666667	-73.98291413333332	0.09189134253110048	0.3284339690605759	0.2405343187339419	0.00116990530877615	0.756989247311828	0.2815302752618485
249097716	[-7,-33.0,40.0]	40.616145056250005	-73.97832223124999	0.09189134253110048	0.3284339690605759	0.2405343187339419	0.00116990530877615	0.756989247311828	0.2815302752618485
249099304	[-12,-25.0,37.0]	40.61596114285716	-73.9796596	0.09189134253110048	0.3284339690605759	0.2405343187339419	0.00116990530877615	0.756989247311828	0.2815302752618485
249107545	[24,-30.0,6.0]	40.622870093333326	-73.97877032	0.09189134253110048	0.3284339690605759	0.2405343187339419	0.00116990530877615	0.756989247311828	0.2815302752618485
249117829	[-6,18.0,-12.0]	40.62155665294117	-73.9872616882353	0.09189134253110048	0.3284339690605759	0.2405343187339419	0.00116990530877615	0.756989247311828	0.2815302752618485
265975986	[-12,-24.0,36.0]	40.61606267142857	-73.9796772	0.09189134253110048	0.3284339690605759	0.2405343187339419	0.00116990530877615	0.756989247311828	0.2815302752618485
249115265	[51,-24.0,-27.0]	40.62894014827586	-73.97978250689654	0.09189134253110048	0.3284339690605759	0.2405343187339419	0.00116990530877615	0.756989247311828	0.2815302752618485
249116169	[26,-8.0,-18.0]	40.625396341666665	-73.98264828333335	0.09189134253110048	0.3284339690605759	0.2405343187339419	0.00116990530877615	0.756989247311828	0.2815302752618485
249116449	[21,-4.0,-17.0]	40.62486485	-73.98344923750001	0.09189134253110048	0.3284339690605759	0.2405343187339419	0.00116990530877615	0.756989247311828	0.2815302752618485
249538488	[56,-11.0,-45.0]	40.63142059999999	-73.98206978181818	0.09189134253110048	0.3284339690605759	0.2405343187339419	0.00116990530877615	0.756989247311828	0.2815302752618485
100219342	[-75,20.0,55.0]	40.607547225	-73.98763915	0.09189134253110048	0.3284339690605759	0.2405343187339419	0.00116990530877615	0.756989247311828	0.2815302752618485
199004778	[-63,73.0,-10.0]	40.61546375833334	-73.997022075	0.09189134253110048	0.3284339690605759	0.2405343187339419	0.00116990530877615	0.756989247311828	0.2815302752618485
174023895	[-55,82.0,-27.0]	40.61807811999999	-73.99855202	0.09189134253110048	0.3284339690605759	0.2405343187339419	0.00116990530877615	0.756989247311828	0.2815302752618485
634367295	[-68,88.0,-20.0]	40.61604005454546	-73.99964016363636	0.09189134253110048	0.3284339690605759	0.2405343187339419	0.00116990530877615	0.756989247311828	0.2815302752618485
222786611	[-14,-51.0,65.0]	40.612888975000004	-73.975003625	0.09189134253110048	0.3284339690605759	0.2405343187339419	0.00116990530877615	0.756989247311828	0.2815302752618485
219804226	[4,-48.0,44.0]	40.6167691	-73.97554341666665	0.09189134253110048	0.3284339690605759	0.2405343187339419	0.00116990530877615	0.756989247311828	0.2815302752618485
219804228	[2,-44.0,42.0]	40.616834222222224	-73.9762182111111	0.09189134253110048	0.3284339690605759	0.2405343187339419	0.00116990530877615	0.756989247311828	0.2815302752618485
220378117	[-8,-33.0,41.0]	40.615903455555554	-73.97817965555555	0.09189134253110048	0.3284339690605759	0.2405343187339419	0.00116990530877615	0.756989247311828	0.2815302752618485
220769444	[-4,-34.0,38.0]	40.61671548	-73.97802538	0.09189134253110048	0.3284339690605759	0.2405343187339419	0.00116990530877615	0.756989247311828	0.2815302752618485
220769451	[-12,-23.0,35.0]	40.616129071428574	-73.97994548571428	0.09189134253110048	0.3284339690605759	0.2405343187339419	0.00116990530877615	0.756989247311828	0.2815302752618485
219041312	[45,-35.0,-10.0]	40.62658418421052	-73.97780583684211	0.09189134253110048	0.3284339690605759	0.2405343187339419	0.00116990530877615	0.756989247311828	0.2815302752618485
249119129	[-5,30.0,-25.0]	40.623039075	-73.98942977500002	0.09189134253110048	0.3284339690605759	0.2405343187339419	0.00116990530877615	0.756989247311828	0.2815302752618485
249097717	[-2,-45.0,47.0]	40.61591617692308	-73.97602750769231	0.09189134253110048	0.3284339690605759	0.2405343187339419	0.00116990530877615	0.756989247311828	0.2815302752618485
220769448	[-7,-28.0,35.0]	40.61662664000001	-73.97901032000001	0.09189134253110048	0.3284339690605759	0.2405343187339419	0.00116990530877615	0.756989247311828	0.2815302752618485
199106105	[-69,67.0,2.0]	40.613709039999996	-73.99607034	0.09189134253110048	0.3284339690605759	0.2405343187339419	0.00116990530877615	0.756989247311828	0.2815302752618485
226188151	[-5,21.0,-16.0]	40.6220162	-73.98773448	0.09189134253110048	0.3284339690605759	0.2405343187339419	0.00116990530877615	0.756989247311828	0.2815302752618485
249117461	[-28,34.0,-6.0]	40.61870625	-73.990034725	0.09189134253110048	0.3284339690605759	0.2405343187339419	0.00116990530877615	0.756989247311828	0.2815302752618485
249118533	[-25,35.0,-10.0]	40.61953278571429	-73.99030414285714	0.09189134253110048	0.3284339690605759	0.2405343187339419	0.00116990530877615	0.756989247311828	0.2815302752618485
634367296	[-64,89.0,-25.0]	40.6170313	-73.999839125	0.09189134253110048	0.3284339690605759	0.2405343187339419	0.00116990530877615	0.756989247311828	0.2815302752618485
220769450	[-30,-57.0,87.0]	40.60901535	-73.973857525	0.09189134253110048	0.3284339690605759	0.2405343187339419	0.00116990530877615	0.756989247311828	0.2815302752618485
249098799	[-26,-23.0,49.0]	40.6133459375	-73.9800223125	0.09189134253110048	0.3284339690605759	0.2405343187339419	0.00116990530877615	0.756989247311828	0.2815302752618485
248936413	[-34,17.0,17.0]	40.615730072727274	-73.98712913636362	0.09189134253110048	0.3284339690605759	0.2405343187339419	0.00116990530877615	0.756989247311828	0.2815302752618485
248925916	[-67,66.0,1.0]	40.61401170833333	-73.99580394166667	0.09189134253110048	0.3284339690605759	0.2405343187339419	0.00116990530877615	0.756989247311828	0.2815302752618485
226188152	[-10,21.0,-11.0]	40.62105641666667	-73.98778293333334	0.09189134253110048	0.3284339690605759	0.2405343187339419	0.00116990530877615	0.756989247311828	0.2815302752618485
249000272	[-27,37.0,-10.0]	40.61917116	-73.99067136	0.09189134253110048	0.3284339690605759	0.2405343187339419	0.00116990530877615	0.756989247311828	0.2815302752618485
249098025	[-2,-36.0,38.0]	40.616901500000004	-73.9777365	0.09189134253110048	0.3284339690605759	0.2405343187339419	0.00116990530877615	0.756989247311828	0.2815302752618485
248927490	[-68,40.0,28.0]	40.61102557272727	-73.99117453636364	0.09189134253110048	0.3284339690605759	0.2405343187339419	0.00116990530877615	0.756989247311828	0.2815302752618485
249119414	[22,19.0,-41.0]	40.62748930000001	-73.98749263333333	0.09189134253110048	0.3284339690605759	0.2405343187339419	0.00116990530877615	0.756989247311828	0.2815302752618485
249120484	[26,21.0,-47.0]	40.62843933076923	-73.98784123076922	0.09189134253110048	0.3284339690605759	0.2405343187339419	0.00116990530877615	0.756989247311828	0.2815302752618485
248934344	[-35,15.0,20.0]	40.615300172727274	-73.98670495454546	0.09189134253110048	0.3284339690605759	0.2405343187339419	0.00116990530877615	0.756989247311828	0.2815302752618485
249536925	[59,-18.0,-41.0]	40.631198322222225	-73.98088239999998	0.09189134253110048	0.3284339690605759	0.2405343187339419	0.00116990530877615	0.756989247311828	0.2815302752618485
248925508	248925508	0
248925523	248925508	0.0
248925552	248925508	0.0
248925567	248925508	0.0
248925605	248925508	0.0
248926220	248925508	0.0
249098751	248925508	4.0
249101019	248925508	3.0
249538822	248925508	5.0
249004878	248925508	2.0
249117830	248925508	3.0
220378118	248925508	4.0
514925235	248925508	3.0
528616303	248925508	3.0
533388399	248925508	3.0
533388400	248925508	3.0
533388401	248925508	3.0
533388402	248925508	3.0
533388845	248925508	3.0
581380869	248925508	3.0
581380870	248925508	3.0
226188521	248925508	4.0
438206948	248925508	4.0
438206949	248925508	4.0
438206950	248925508	4.0
514925234	248925508	3.0
249119714	248925508	4.0
248931652	248925508	4.0
248934929	248925508	4.0
248934931	248925508	3.0
248934933	248925508	4.0
249098024	248925508	4.0
249098896	248925508	4.0
46588424	248925508	4.0
249097716	248925508	4.0
249099304	248925508	4.0
249107545	248925508	4.0
249117829	248925508	3.0
265975986	248925508	4.0
249115265	248925508	4.0
249116169	248925508	4.0
249116449	248925508	4.0
249538488	248925508	4.0
100219342	248925508	3.0
199004778	248925508	1.0
174023895	248925508	2.0
634367295	248925508	2.0
222786611	248925508	4.0
219804226	248925508	4.0
219804228	248925508	4.0
220378117	248925508	4.0
220769444	248925508	4.0
220769451	248925508	4.0
219041312	248925508	4.0
249119129	248925508	3.0
249097717	248925508	4.0
220769448	248925508	4.0
199106105	248925508	1.0
226188151	248925508	3.0
249117461	248925508	3.0
249118533	248925508	3.0
634367296	248925508	2.0
220769450	248925508	4.0
249098799	248925508	4.0
248936413	248925508	3.0
248925916	248925508	0.0
226188152	248925508	3.0
249000272	248925508	3.0
249098025	248925508	4.0
248927490	248925508	2.0
249119414	248925508	4.0
249120484	248925508	4.0
248934344	248925508	4.0
249536925	248925508	4.0
248925523	248925523	0
248925552	248925523	0.0
248925567	248925523	0.0
248925605	248925523	0.0
248926220	248925523	0.0
249098751	248925523	4.0
249101019	248925523	3.0
249538822	248925523	5.0
249004878	248925523	2.0
249117830	248925523	3.0
220378118	248925523	4.0
514925235	248925523	3.0
528616303	248925523	3.0
533388399	248925523	3.0
533388400	248925523	3.0
533388401	248925523	3.0
533388402	248925523	3.0
533388845	248925523	3.0
581380869	248925523	3.0
581380870	248925523	3.0
226188521	248925523	4.0
438206948	248925523	4.0
438206949	248925523	4.0
438206950	248925523	4.0
514925234	248925523	3.0
249119714	248925523	4.0
248931652	248925523	4.0
248934929	248925523	4.0
248934931	248925523	3.0
248934933	248925523	4.0
249098024	248925523	4.0
249098896	248925523	4.0
46588424	248925523	4.0
249097716	248925523	4.0
249099304	248925523	4.0
249107545	248925523	4.0
249117829	248925523	3.0
265975986	248925523	4.0
249115265	248925523	4.0
249116169	248925523	4.0
249116449	248925523	4.0
249538488	248925523	4.0
100219342	248925523	3.0
199004778	248925523	1.0
174023895	248925523	2.0
634367295	248925523	2.0
222786611	248925523	4.0
219804226	248925523	4.0
219804228	248925523	4.0
220378117	248925523	4.0
220769444	248925523	4.0
220769451	248925523	4.0
219041312	248925523	4.0
249119129	248925523	3.0
249097717	248925523	4.0
220769448	248925523	4.0
199106105	248925523	0.0
226188151	248925523	3.0
249117461	248925523	3.0
249118533	248925523	3.0
634367296	248925523	2.0
220769450	248925523	4.0
249098799	248925523	4.0
248936413	248925523	3.0
248925916	248925523	0.0
226188152	248925523	3.0
249000272	248925523	3.0
249098025	248925523	4.0
248927490	248925523	2.0
249119414	248925523	4.0
249120484	248925523	4.0
248934344	248925523	4.0
249536925	248925523	4.0
248925552	248925552	0
248925567	248925552	0.0
248925605	248925552	0.0
248926220	248925552	0.0
249098751	248925552	4.0
249101019	248925552	3.0
249538822	248925552	5.0
249004878	248925552	2.0
249117830	248925552	3.0
220378118	248925552	4.0
514925235	248925552	3.0
528616303	248925552	3.0
533388399	248925552	3.0
533388400	248925552	3.0
533388401	248925552	3.0
533388402	248925552	3.0
533388845	248925552	3.0
581380869	248925552	3.0
581380870	248925552	3.0
226188521	248925552	4.0
438206948	248925552	4.0
438206949	248925552	4.0
438206950	248925552	4.0
514925234	248925552	3.0
249119714	248925552	4.0
248931652	248925552	4.0
248934929	248925552	4.0
248934931	248925552	3.0
248934933	248925552	4.0
249098024	248925552	4.0
249098896	248925552	4.0
46588424	248925552	4.0
249097716	248925552	4.0
249099304	248925552	4.0
249107545	248925552	4.0
249117829	248925552	3.0
265975986	248925552	4.0
249115265	248925552	4.0
249116169	248925552	4.0
249116449	248925552	4.0
249538488	248925552	4.0
100219342	248925552	3.0
199004778	248925552	1.0
174023895	248925552	2.0
634367295	248925552	2.0
222786611	248925552	4.0
219804226	248925552	4.0
219804228	248925552	4.0
220378117	248925552	4.0
220769444	248925552	4.0
220769451	248925552	4.0
219041312	248925552	4.0
249119129	248925552	3.0
249097717	248925552	4.0
220769448	248925552	4.0
199106105	248925552	0.0
226188151	248925552	3.0
249117461	248925552	3.0
249118533	248925552	3.0
634367296	248925552	2.0
220769450	248925552	4.0
249098799	248925552	4.0
248936413	248925552	3.0
248925916	248925552	0.0
226188152	248925552	3.0
249000272	248925552	3.0
249098025	248925552	4.0
248927490	248925552	2.0
249119414	248925552	4.0
249120484	248925552	4.0
248934344	248925552	4.0
249536925	248925552	4.0
248925567	248925567	0
248925605	248925567	0.0
248926220	248925567	0.0
249098751	248925567	4.0
249101019	248925567	3.0
249538822	248925567	5.0
249004878	248925567	2.0
249117830	248925567	3.0
220378118	248925567	4.0
514925235	248925567	3.0
528616303	248925567	3.0
533388399	248925567	3.0
533388400	248925567	3.0
533388401	248925567	3.0
533388402	248925567	3.0
533388845	248925567	3.0
581380869	248925567	3.0
581380870	248925567	3.0
226188521	248925567	4.0
438206948	248925567	4.0
438206949	248925567	4.0
438206950	248925567	4.0
514925234	248925567	3.0
249119714	248925567	4.0
248931652	248925567	4.0
248934929	248925567	4.0
248934931	248925567	3.0
248934933	248925567	4.0
249098024	248925567	4.0
249098896	248925567	4.0
46588424	248925567	4.0
249097716	248925567	4.0
249099304	248925567	4.0
249107545	248925567	4.0
249117829	248925567	3.0
265975986	248925567	4.0
249115265	248925567	4.0
249116169	248925567	4.0
249116449	248925567	4.0
249538488	248925567	4.0
100219342	248925567	3.0
199004778	248925567	1.0
174023895	248925567	2.0
634367295	248925567	2.0
222786611	248925567	4.0
219804226	248925567	4.0
219804228	248925567	4.0
220378117	248925567	4.0
220769444	248925567	4.0
220769451	248925567	4.0
219041312	248925567	4.0
249119129	248925567	3.0
249097717	248925567	4.0
220769448	248925567	4.0
199106105	248925567	0.0
226188151	248925567	3.0
249117461	248925567	3.0
249118533	248925567	3.0
634367296	248925567	2.0
220769450	248925567	4.0
249098799	248925567	4.0
248936413	248925567	3.0
248925916	248925567	0.0
226188152	248925567	3.0
249000272	248925567	3.0
249098025	248925567	4.0
248927490	248925567	2.0
249119414	248925567	4.0
249120484	248925567	4.0
248934344	248925567	4.0
249536925	248925567	4.0
248925605	248925605	0
248926220	248925605	0.0
249098751	248925605	4.0
249101019	248925605	3.0
249538822	248925605	5.0
249004878	248925605	2.0
249117830	248925605	3.0
220378118	248925605	4.0
514925235	248925605	3.0
528616303	248925605	3.0
533388399	248925605	3.0
533388400	248925605	3.0
533388401	248925605	3.0
533388402	248925605	3.0
533388845	248925605	3.0
581380869	248925605	3.0
581380870	248925605	3.0
226188521	248925605	4.0
438206948	248925605	4.0
438206949	248925605	4.0
438206950	248925605	4.0
514925234	248925605	3.0
249119714	248925605	4.0
248931652	248925605	4.0
248934929	248925605	4.0
248934931	248925605	3.0
248934933	248925605	4.0
249098024	248925605	4.0
249098896	248925605	4.0
46588424	248925605	3.0
249097716	248925605	4.0
249099304	248925605	4.0
249107545	248925605	4.0
249117829	248925605	3.0
265975986	248925605	4.0
249115265	248925605	4.0
249116169	248925605	4.0
249116449	248925605	4.0
249538488	248925605	4.0
100219342	248925605	3.0
199004778	248925605	1.0
174023895	248925605	2.0
634367295	248925605	2.0
222786611	248925605	4.0
219804226	248925605	4.0
219804228	248925605	4.0
220378117	248925605	4.0
220769444	248925605	4.0
220769451	248925605	4.0
219041312	248925605	4.0
249119129	248925605	3.0
249097717	248925605	4.0
220769448	248925605	4.0
199106105	248925605	0.0
226188151	248925605	3.0
249117461	248925605	3.0
249118533	248925605	3.0
634367296	248925605	2.0
220769450	248925605	4.0
249098799	248925605	4.0
248936413	248925605	3.0
248925916	248925605	0.0
226188152	248925605	3.0
249000272	248925605	3.0
249098025	248925605	4.0
248927490	248925605	2.0
249119414	248925605	4.0
249120484	248925605	4.0
248934344	248925605	4.0
249536925	248925605	4.0
248926220	248926220	0
249098751	248926220	4.0
249101019	248926220	3.0
249538822	248926220	5.0
249004878	248926220	1.0
249117830	248926220	3.0
220378118	248926220	4.0
514925235	248926220	3.0
528616303	248926220	3.0
533388399	248926220	3.0
533388400	248926220	3.0
533388401	248926220	3.0
533388402	248926220	3.0
533388845	248926220	4.0
581380869	248926220	3.0
581380870	248926220	3.0
226188521	248926220	4.0
438206948	248926220	4.0
438206949	248926220	4.0
438206950	248926220	4.0
514925234	248926220	4.0
249119714	248926220	4.0
248931652	248926220	4.0
248934929	248926220	3.0
248934931	248926220	3.0
248934933	248926220	3.0
249098024	248926220	4.0
249098896	248926220	4.0
46588424	248926220	4.0
249097716	248926220	4.0
249099304	248926220	4.0
249107545	248926220	4.0
249117829	248926220	3.0
265975986	248926220	4.0
249115265	248926220	4.0
249116169	248926220	4.0
249116449	248926220	4.0
249538488	248926220	4.0
100219342	248926220	3.0
199004778	248926220	0.0
174023895	248926220	2.0
634367295	248926220	1.0
222786611	248926220	4.0
219804226	248926220	4.0
219804228	248926220	4.0
220378117	248926220	4.0
220769444	248926220	4.0
220769451	248926220	4.0
219041312	248926220	4.0
249119129	248926220	3.0
249097717	248926220	4.0
220769448	248926220	4.0
199106105	248926220	1.0
226188151	248926220	3.0
249117461	248926220	3.0
249118533	248926220	3.0
634367296	248926220	1.0
220769450	248926220	4.0
249098799	248926220	4.0
248936413	248926220	3.0
248925916	248926220	0.0
226188152	248926220	3.0
249000272	248926220	3.0
249098025	248926220	4.0
248927490	248926220	2.0
249119414	248926220	4.0
249120484	248926220	4.0
248934344	248926220	3.0
249536925	248926220	4.0
249098751	249098751	0
249101019	249098751	3.0
249538822	249098751	4.0
249004878	249098751	4.0
249117830	249098751	3.0
220378118	249098751	2.0
514925235	249098751	3.0
528616303	249098751	3.0
533388399	249098751	3.0
533388400	249098751	3.0
533388401	249098751	3.0
533388402	249098751	3.0
533388845	249098751	3.0
581380869	249098751	3.0
581380870	249098751	3.0
226188521	249098751	3.0
438206948	249098751	4.0
438206949	249098751	4.0
438206950	249098751	4.0
514925234	249098751	4.0
249119714	249098751	4.0
248931652	249098751	3.0
248934929	249098751	3.0
248934931	249098751	3.0
248934933	249098751	3.0
249098024	249098751	2.0
249098896	249098751	1.0
46588424	249098751	3.0
249097716	249098751	2.0
249099304	249098751	1.0
249107545	249098751	3.0
249117829	249098751	3.0
265975986	249098751	1.0
249115265	249098751	4.0
249116169	249098751	4.0
249116449	249098751	4.0
249538488	249098751	4.0
100219342	249098751	3.0
199004778	249098751	4.0
174023895	249098751	4.0
634367295	249098751	4.0
222786611	249098751	2.0
219804226	249098751	2.0
219804228	249098751	3.0
220378117	249098751	2.0
220769444	249098751	1.0
220769451	249098751	1.0
219041312	249098751	3.0
249119129	249098751	4.0
249097717	249098751	2.0
220769448	249098751	1.0
199106105	249098751	4.0
226188151	249098751	4.0
249117461	249098751	3.0
249118533	249098751	3.0
634367296	249098751	4.0
220769450	249098751	3.0
249098799	249098751	1.0
248936413	249098751	3.0
248925916	249098751	4.0
226188152	249098751	3.0
249000272	249098751	3.0
249098025	249098751	2.0
248927490	249098751	3.0
249119414	249098751	4.0
249120484	249098751	4.0
248934344	249098751	3.0
249536925	249098751	4.0
249101019	249101019	0
249538822	249101019	4.0
249004878	249101019	4.0
249117830	249101019	2.0
220378118	249101019	3.0
514925235	249101019	2.0
528616303	249101019	3.0
533388399	249101019	3.0
533388400	249101019	3.0
533388401	249101019	4.0
533388402	249101019	3.0
533388845	249101019	3.0
581380869	249101019	4.0
581380870	249101019	3.0
226188521	249101019	3.0
438206948	249101019	3.0
438206949	249101019	3.0
438206950	249101019	3.0
514925234	249101019	3.0
249119714	249101019	3.0
248931652	249101019	4.0
248934929	249101019	1.0
248934931	249101019	2.0
248934933	249101019	1.0
249098024	249101019	3.0
249098896	249101019	2.0
46588424	249101019	2.0
249097716	249101019	3.0
249099304	249101019	3.0
249107545	249101019	3.0
249117829	249101019	2.0
265975986	249101019	3.0
249115265	249101019	4.0
249116169	249101019	3.0
249116449	249101019	3.0
249538488	249101019	4.0
100219342	249101019	3.0
199004778	249101019	3.0
174023895	249101019	3.0
634367295	249101019	4.0
222786611	249101019	3.0
219804226	249101019	3.0
219804228	249101019	3.0
220378117	249101019	3.0
220769444	249101019	3.0
220769451	249101019	3.0
219041312	249101019	3.0
249119129	249101019	3.0
249097717	249101019	3.0
220769448	249101019	3.0
199106105	249101019	3.0
226188151	249101019	2.0
249117461	249101019	2.0
249118533	249101019	2.0
634367296	249101019	4.0
220769450	249101019	3.0
249098799	249101019	2.0
248936413	249101019	2.0
248925916	249101019	3.0
226188152	249101019	2.0
249000272	249101019	2.0
249098025	249101019	3.0
248927490	249101019	3.0
249119414	249101019	4.0
249120484	249101019	4.0
248934344	249101019	1.0
249536925	249101019	4.0
249538822	249538822	0
249004878	249538822	5.0
249117830	249538822	4.0
220378118	249538822	4.0
514925235	249538822	4.0
528616303	249538822	5.0
533388399	249538822	5.0
533388400	249538822	5.0
533388401	249538822	5.0
533388402	249538822	5.0
533388845	249538822	5.0
581380869	249538822	5.0
581380870	249538822	5.0
226188521	249538822	4.0
438206948	249538822	3.0
438206949	249538822	3.0
438206950	249538822	4.0
514925234	249538822	3.0
249119714	249538822	3.0
248931652	249538822	5.0
248934929	249538822	4.0
248934931	249538822	5.0
248934933	249538822	4.0
249098024	249538822	4.0
249098896	249538822	4.0
46588424	249538822	4.0
249097716	249538822	4.0
249099304	249538822	4.0
249107545	249538822	4.0
249117829	249538822	4.0
265975986	249538822	4.0
249115265	249538822	3.0
249116169	249538822	3.0
249116449	249538822	4.0
249538488	249538822	2.0
100219342	249538822	5.0
199004778	249538822	4.0
174023895	249538822	4.0
634367295	249538822	5.0
222786611	249538822	4.0
219804226	249538822	4.0
219804228	249538822	4.0
220378117	249538822	4.0
220769444	249538822	4.0
220769451	249538822	4.0
219041312	249538822	3.0
249119129	249538822	4.0
249097717	249538822	4.0
220769448	249538822	4.0
199106105	249538822	4.0
226188151	249538822	4.0
249117461	249538822	4.0
249118533	249538822	4.0
634367296	249538822	4.0
220769450	249538822	5.0
249098799	249538822	4.0
248936413	249538822	4.0
248925916	249538822	4.0
226188152	249538822	4.0
249000272	249538822	4.0
249098025	249538822	4.0
248927490	249538822	5.0
249119414	249538822	3.0
249120484	249538822	3.0
248934344	249538822	4.0
249536925	249538822	2.0
249004878	249004878	0
249117830	249004878	3.0
220378118	249004878	4.0
514925235	249004878	3.0
528616303	249004878	3.0
533388399	249004878	4.0
533388400	249004878	4.0
533388401	249004878	4.0
533388402	249004878	4.0
533388845	249004878	4.0
581380869	249004878	4.0
581380870	249004878	4.0
226188521	249004878	4.0
438206948	249004878	4.0
438206949	249004878	4.0
438206950	249004878	4.0
514925234	249004878	4.0
249119714	249004878	4.0
248931652	249004878	4.0
248934929	249004878	4.0
248934931	249004878	3.0
248934933	249004878	4.0
249098024	249004878	4.0
249098896	249004878	4.0
46588424	249004878	4.0
249097716	249004878	4.0
249099304	249004878	4.0
249107545	249004878	4.0
249117829	249004878	4.0
265975986	249004878	4.0
249115265	249004878	4.0
249116169	249004878	4.0
249116449	249004878	4.0
249538488	249004878	4.0
100219342	249004878	3.0
199004778	249004878	2.0
174023895	249004878	1.0
634367295	249004878	0.0
222786611	249004878	4.0
219804226	249004878	4.0
219804228	249004878	4.0
220378117	249004878	4.0
220769444	249004878	4.0
220769451	249004878	4.0
219041312	249004878	5.0
249119129	249004878	4.0
249097717	249004878	4.0
220769448	249004878	4.0
199106105	249004878	2.0
226188151	249004878	4.0
249117461	249004878	3.0
249118533	249004878	3.0
634367296	249004878	0.0
220769450	249004878	4.0
249098799	249004878	4.0
248936413	249004878	3.0
248925916	249004878	2.0
226188152	249004878	4.0
249000272	249004878	3.0
249098025	249004878	4.0
248927490	249004878	3.0
249119414	249004878	4.0
249120484	249004878	4.0
248934344	249004878	4.0
249536925	249004878	4.0
249117830	249117830	0
220378118	249117830	3.0
514925235	249117830	2.0
528616303	249117830	4.0
533388399	249117830	4.0
533388400	249117830	4.0
533388401	249117830	4.0
533388402	249117830	4.0
533388845	249117830	4.0
581380869	249117830	4.0
581380870	249117830	4.0
226188521	249117830	3.0
438206948	249117830	3.0
438206949	249117830	3.0
438206950	249117830	3.0
514925234	249117830	2.0
249119714	249117830	3.0
248931652	249117830	4.0
248934929	249117830	2.0
248934931	249117830	3.0
248934933	249117830	2.0
249098024	249117830	3.0
249098896	249117830	3.0
46588424	249117830	3.0
249097716	249117830	3.0
249099304	249117830	3.0
249107545	249117830	3.0
249117829	249117830	1.0
265975986	249117830	3.0
249115265	249117830	3.0
249116169	249117830	3.0
249116449	249117830	3.0
249538488	249117830	4.0
100219342	249117830	4.0
199004778	249117830	3.0
174023895	249117830	3.0
634367295	249117830	3.0
222786611	249117830	4.0
219804226	249117830	4.0
219804228	249117830	4.0
220378117	249117830	3.0
220769444	249117830	3.0
220769451	249117830	3.0
219041312	249117830	4.0
249119129	249117830	2.0
249097717	249117830	4.0
220769448	249117830	3.0
199106105	249117830	3.0
226188151	249117830	2.0
249117461	249117830	0.0
249118533	249117830	0.0
634367296	249117830	3.0
220769450	249117830	4.0
249098799	249117830	3.0
248936413	249117830	2.0
248925916	249117830	2.0
226188152	249117830	1.0
249000272	249117830	0.0
249098025	249117830	3.0
248927490	249117830	3.0
249119414	249117830	3.0
249120484	249117830	3.0
248934344	249117830	2.0
249536925	249117830	4.0
220378118	220378118	0
514925235	220378118	3.0
528616303	220378118	3.0
533388399	220378118	3.0
533388400	220378118	3.0
533388401	220378118	3.0
533388402	220378118	3.0
533388845	220378118	3.0
581380869	220378118	3.0
581380870	220378118	3.0
226188521	220378118	3.0
438206948	220378118	3.0
438206949	220378118	3.0
438206950	220378118	3.0
514925234	220378118	4.0
249119714	220378118	4.0
248931652	220378118	3.0
248934929	220378118	3.0
248934931	220378118	3.0
248934933	220378118	3.0
249098024	220378118	1.0
249098896	220378118	2.0
46588424	220378118	3.0
249097716	220378118	0.0
249099304	220378118	1.0
249107545	220378118	3.0
249117829	220378118	4.0
265975986	220378118	1.0
249115265	220378118	4.0
249116169	220378118	4.0
249116449	220378118	4.0
249538488	220378118	4.0
100219342	220378118	3.0
199004778	220378118	4.0
174023895	220378118	4.0
634367295	220378118	4.0
222786611	220378118	2.0
219804226	220378118	1.0
219804228	220378118	2.0
220378117	220378118	0.0
220769444	220378118	1.0
220769451	220378118	1.0
219041312	220378118	3.0
249119129	220378118	4.0
249097717	220378118	2.0
220769448	220378118	0.0
199106105	220378118	4.0
226188151	220378118	4.0
249117461	220378118	3.0
249118533	220378118	3.0
634367296	220378118	4.0
220769450	220378118	3.0
249098799	220378118	2.0
248936413	220378118	3.0
248925916	220378118	4.0
226188152	220378118	3.0
249000272	220378118	3.0
249098025	220378118	2.0
248927490	220378118	4.0
249119414	220378118	4.0
249120484	220378118	4.0
248934344	220378118	3.0
249536925	220378118	4.0
514925235	514925235	0
528616303	514925235	3.0
533388399	514925235	3.0
533388400	514925235	3.0
533388401	514925235	3.0
533388402	514925235	3.0
533388845	514925235	3.0
581380869	514925235	3.0
581380870	514925235	3.0
226188521	514925235	4.0
438206948	514925235	3.0
438206949	514925235	3.0
438206950	514925235	3.0
514925234	514925235	3.0
249119714	514925235	4.0
248931652	514925235	3.0
248934929	514925235	1.0
248934931	514925235	1.0
248934933	514925235	1.0
249098024	514925235	3.0
249098896	514925235	2.0
46588424	514925235	3.0
249097716	514925235	3.0
249099304	514925235	3.0
249107545	514925235	3.0
249117829	514925235	3.0
265975986	514925235	3.0
249115265	514925235	4.0
249116169	514925235	4.0
249116449	514925235	4.0
249538488	514925235	4.0
100219342	514925235	3.0
199004778	514925235	3.0
174023895	514925235	4.0
634367295	514925235	3.0
222786611	514925235	3.0
219804226	514925235	3.0
219804228	514925235	3.0
220378117	514925235	3.0
220769444	514925235	3.0
220769451	514925235	3.0
219041312	514925235	4.0
249119129	514925235	3.0
249097717	514925235	3.0
220769448	514925235	3.0
199106105	514925235	3.0
226188151	514925235	3.0
249117461	514925235	2.0
249118533	514925235	3.0
634367296	514925235	4.0
220769450	514925235	3.0
249098799	514925235	2.0
248936413	514925235	2.0
248925916	514925235	3.0
226188152	514925235	3.0
249000272	514925235	3.0
249098025	514925235	3.0
248927490	514925235	2.0
249119414	514925235	4.0
249120484	514925235	4.0
248934344	514925235	0.0
249536925	514925235	4.0
528616303	528616303	0
533388399	528616303	1.0
533388400	528616303	1.0
533388401	528616303	0.0
533388402	528616303	1.0
533388845	528616303	1.0
581380869	528616303	0.0
581380870	528616303	0.0
226188521	528616303	4.0
438206948	528616303	4.0
438206949	528616303	4.0
438206950	528616303	4.0
514925234	528616303	4.0
249119714	528616303	4.0
248931652	528616303	1.0
248934929	528616303	3.0
248934931	528616303	2.0
248934933	528616303	3.0
249098024	528616303	3.0
249098896	528616303	3.0
46588424	528616303	4.0
249097716	528616303	3.0
249099304	528616303	3.0
249107545	528616303	4.0
249117829	528616303	4.0
265975986	528616303	3.0
249115265	528616303	4.0
249116169	528616303	4.0
249116449	528616303	4.0
249538488	528616303	5.0
100219342	528616303	0.0
199004778	528616303	3.0
174023895	528616303	4.0
634367295	528616303	3.0
222786611	528616303	3.0
219804226	528616303	4.0
219804228	528616303	3.0
220378117	528616303	3.0
220769444	528616303	3.0
220769451	528616303	3.0
219041312	528616303	4.0
249119129	528616303	4.0
249097717	528616303	3.0
220769448	528616303	3.0
199106105	528616303	3.0
226188151	528616303	4.0
249117461	528616303	4.0
249118533	528616303	4.0
634367296	528616303	4.0
220769450	528616303	3.0
249098799	528616303	3.0
248936413	528616303	3.0
248925916	528616303	3.0
226188152	528616303	4.0
249000272	528616303	4.0
249098025	528616303	3.0
248927490	528616303	2.0
249119414	528616303	4.0
249120484	528616303	5.0
248934344	528616303	3.0
249536925	528616303	5.0
533388399	533388399	0
533388400	533388399	0.0
533388401	533388399	0.0
533388402	533388399	0.0
533388845	533388399	0.0
581380869	533388399	0.0
581380870	533388399	0.0
226188521	533388399	4.0
438206948	533388399	4.0
438206949	533388399	4.0
438206950	533388399	4.0
514925234	533388399	4.0
249119714	533388399	4.0
248931652	533388399	1.0
248934929	533388399	3.0
248934931	533388399	2.0
248934933	533388399	3.0
249098024	533388399	3.0
249098896	533388399	2.0
46588424	533388399	4.0
249097716	533388399	3.0
249099304	533388399	3.0
249107545	533388399	4.0
249117829	533388399	4.0
265975986	533388399	3.0
249115265	533388399	4.0
249116169	533388399	4.0
249116449	533388399	4.0
249538488	533388399	5.0
100219342	533388399	2.0
199004778	533388399	4.0
174023895	533388399	4.0
634367295	533388399	4.0
222786611	533388399	3.0
219804226	533388399	3.0
219804228	533388399	3.0
220378117	533388399	3.0
220769444	533388399	3.0
220769451	533388399	3.0
219041312	533388399	4.0
249119129	533388399	4.0
249097717	533388399	3.0
220769448	533388399	3.0
199106105	533388399	3.0
226188151	533388399	4.0
249117461	533388399	4.0
249118533	533388399	4.0
634367296	533388399	4.0
220769450	533388399	3.0
249098799	533388399	3.0
248936413	533388399	3.0
248925916	533388399	3.0
226188152	533388399	4.0
249000272	533388399	4.0
249098025	533388399	3.0
248927490	533388399	3.0
249119414	533388399	4.0
249120484	533388399	4.0
248934344	533388399	3.0
249536925	533388399	5.0
533388400	533388400	0
533388401	533388400	0.0
533388402	533388400	0.0
533388845	533388400	0.0
581380869	533388400	0.0
581380870	533388400	0.0
226188521	533388400	4.0
438206948	533388400	4.0
438206949	533388400	4.0
438206950	533388400	4.0
514925234	533388400	4.0
249119714	533388400	4.0
248931652	533388400	1.0
248934929	533388400	3.0
248934931	533388400	2.0
248934933	533388400	3.0
249098024	533388400	3.0
249098896	533388400	2.0
46588424	533388400	4.0
249097716	533388400	3.0
249099304	533388400	3.0
249107545	533388400	4.0
249117829	533388400	4.0
265975986	533388400	3.0
249115265	533388400	4.0
249116169	533388400	4.0
249116449	533388400	4.0
249538488	533388400	5.0
100219342	533388400	2.0
199004778	533388400	4.0
174023895	533388400	4.0
634367295	533388400	4.0
222786611	533388400	3.0
219804226	533388400	3.0
219804228	533388400	3.0
220378117	533388400	3.0
220769444	533388400	3.0
220769451	533388400	3.0
219041312	533388400	4.0
249119129	533388400	4.0
249097717	533388400	3.0
220769448	533388400	3.0
199106105	533388400	3.0
226188151	533388400	4.0
249117461	533388400	4.0
249118533	533388400	4.0
634367296	533388400	4.0
220769450	533388400	3.0
249098799	533388400	3.0
248936413	533388400	3.0
248925916	533388400	3.0
226188152	533388400	4.0
249000272	533388400	4.0
249098025	533388400	3.0
248927490	533388400	3.0
249119414	533388400	4.0
249120484	533388400	4.0
248934344	533388400	3.0
249536925	533388400	5.0
533388401	533388401	0
533388402	533388401	0.0
533388845	533388401	0.0
581380869	533388401	0.0
581380870	533388401	0.0
226188521	533388401	4.0
438206948	533388401	4.0
438206949	533388401	4.0
438206950	533388401	4.0
514925234	533388401	4.0
249119714	533388401	4.0
248931652	533388401	0.0
248934929	533388401	3.0
248934931	533388401	3.0
248934933	533388401	3.0
249098024	533388401	4.0
249098896	533388401	3.0
46588424	533388401	4.0
249097716	533388401	3.0
249099304	533388401	3.0
249107545	533388401	4.0
249117829	533388401	4.0
265975986	533388401	3.0
249115265	533388401	4.0
249116169	533388401	4.0
249116449	533388401	4.0
249538488	533388401	5.0
100219342	533388401	1.0
199004778	533388401	3.0
174023895	533388401	4.0
634367295	533388401	4.0
222786611	533388401	3.0
219804226	533388401	4.0
219804228	533388401	4.0
220378117	533388401	3.0
220769444	533388401	3.0
220769451	533388401	3.0
219041312	533388401	4.0
249119129	533388401	4.0
249097717	533388401	4.0
220769448	533388401	3.0
199106105	533388401	3.0
226188151	533388401	4.0
249117461	533388401	4.0
249118533	533388401	4.0
634367296	533388401	4.0
220769450	533388401	3.0
249098799	533388401	3.0
248936413	533388401	3.0
248925916	533388401	3.0
226188152	533388401	4.0
249000272	533388401	4.0
249098025	533388401	3.0
248927490	533388401	2.0
249119414	533388401	5.0
249120484	533388401	5.0
248934344	533388401	3.0
249536925	533388401	5.0
533388402	533388402	0
533388845	533388402	0.0
581380869	533388402	0.0
581380870	533388402	0.0
226188521	533388402	4.0
438206948	533388402	4.0
438206949	533388402	4.0
438206950	533388402	4.0
514925234	533388402	4.0
249119714	533388402	4.0
248931652	533388402	0.0
248934929	533388402	3.0
248934931	533388402	2.0
248934933	533388402	3.0
249098024	533388402	3.0
249098896	533388402	3.0
46588424	533388402	4.0
249097716	533388402	3.0
249099304	533388402	3.0
249107545	533388402	4.0
249117829	533388402	4.0
265975986	533388402	3.0
249115265	533388402	4.0
249116169	533388402	4.0
249116449	533388402	4.0
249538488	533388402	5.0
100219342	533388402	1.0
199004778	533388402	4.0
174023895	533388402	4.0
634367295	533388402	4.0
222786611	533388402	3.0
219804226	533388402	4.0
219804228	533388402	3.0
220378117	533388402	3.0
220769444	533388402	3.0
220769451	533388402	3.0
219041312	533388402	4.0
249119129	533388402	4.0
249097717	533388402	3.0
220769448	533388402	3.0
199106105	533388402	3.0
226188151	533388402	4.0
249117461	533388402	4.0
249118533	533388402	4.0
634367296	533388402	4.0
220769450	533388402	3.0
249098799	533388402	3.0
248936413	533388402	3.0
248925916	533388402	3.0
226188152	533388402	4.0
249000272	533388402	4.0
249098025	533388402	3.0
248927490	533388402	3.0
249119414	533388402	4.0
249120484	533388402	4.0
248934344	533388402	3.0
249536925	533388402	5.0
533388845	533388845	0
581380869	533388845	0.0
581380870	533388845	0.0
226188521	533388845	4.0
438206948	533388845	4.0
438206949	533388845	4.0
438206950	533388845	4.0
514925234	533388845	4.0
249119714	533388845	4.0
248931652	533388845	1.0
248934929	533388845	3.0
248934931	533388845	2.0
248934933	533388845	3.0
249098024	533388845	3.0
249098896	533388845	2.0
46588424	533388845	4.0
249097716	533388845	3.0
249099304	533388845	3.0
249107545	533388845	4.0
249117829	533388845	4.0
265975986	533388845	3.0
249115265	533388845	4.0
249116169	533388845	4.0
249116449	533388845	4.0
249538488	533388845	5.0
100219342	533388845	2.0
199004778	533388845	4.0
174023895	533388845	4.0
634367295	533388845	4.0
222786611	533388845	3.0
219804226	533388845	3.0
219804228	533388845	3.0
220378117	533388845	3.0
220769444	533388845	3.0
220769451	533388845	3.0
219041312	533388845	4.0
249119129	533388845	4.0
249097717	533388845	3.0
220769448	533388845	3.0
199106105	533388845	3.0
226188151	533388845	4.0
249117461	533388845	4.0
249118533	533388845	4.0
634367296	533388845	4.0
220769450	533388845	3.0
249098799	533388845	3.0
248936413	533388845	3.0
248925916	533388845	3.0
226188152	533388845	4.0
249000272	533388845	4.0
249098025	533388845	3.0
248927490	533388845	3.0
249119414	533388845	4.0
249120484	533388845	4.0
248934344	533388845	3.0
249536925	533388845	4.0
581380869	581380869	0
581380870	581380869	0.0
226188521	581380869	4.0
438206948	581380869	4.0
438206949	581380869	4.0
438206950	581380869	4.0
514925234	581380869	4.0
249119714	581380869	4.0
248931652	581380869	0.0
248934929	581380869	3.0
248934931	581380869	3.0
248934933	581380869	3.0
249098024	581380869	4.0
249098896	581380869	3.0
46588424	581380869	4.0
249097716	581380869	3.0
249099304	581380869	3.0
249107545	581380869	4.0
249117829	581380869	4.0
265975986	581380869	3.0
249115265	581380869	4.0
249116169	581380869	4.0
249116449	581380869	4.0
249538488	581380869	5.0
100219342	581380869	1.0
199004778	581380869	3.0
174023895	581380869	4.0
634367295	581380869	4.0
222786611	581380869	3.0
219804226	581380869	4.0
219804228	581380869	4.0
220378117	581380869	3.0
220769444	581380869	3.0
220769451	581380869	3.0
219041312	581380869	4.0
249119129	581380869	4.0
249097717	581380869	4.0
220769448	581380869	3.0
199106105	581380869	3.0
226188151	581380869	4.0
249117461	581380869	4.0
249118533	581380869	4.0
634367296	581380869	4.0
220769450	581380869	3.0
249098799	581380869	3.0
248936413	581380869	3.0
248925916	581380869	3.0
226188152	581380869	4.0
249000272	581380869	4.0
249098025	581380869	3.0
248927490	581380869	2.0
249119414	581380869	5.0
249120484	581380869	5.0
248934344	581380869	3.0
249536925	581380869	5.0
581380870	581380870	0
226188521	581380870	4.0
438206948	581380870	4.0
438206949	581380870	4.0
438206950	581380870	4.0
514925234	581380870	4.0
249119714	581380870	4.0
248931652	581380870	0.0
248934929	581380870	3.0
248934931	581380870	3.0
248934933	581380870	3.0
249098024	581380870	4.0
249098896	581380870	3.0
46588424	581380870	4.0
249097716	581380870	3.0
249099304	581380870	3.0
249107545	581380870	4.0
249117829	581380870	4.0
265975986	581380870	3.0
249115265	581380870	4.0
249116169	581380870	4.0
249116449	581380870	4.0
249538488	581380870	5.0
100219342	581380870	1.0
199004778	581380870	3.0
174023895	581380870	4.0
634367295	581380870	3.0
222786611	581380870	3.0
219804226	581380870	4.0
219804228	581380870	4.0
220378117	581380870	3.0
220769444	581380870	3.0
220769451	581380870	3.0
219041312	581380870	4.0
249119129	581380870	4.0
249097717	581380870	4.0
220769448	581380870	3.0
199106105	581380870	3.0
226188151	581380870	4.0
249117461	581380870	4.0
249118533	581380870	4.0
634367296	581380870	4.0
220769450	581380870	3.0
249098799	581380870	3.0
248936413	581380870	3.0
248925916	581380870	3.0
226188152	581380870	4.0
249000272	581380870	4.0
249098025	581380870	3.0
248927490	581380870	2.0
249119414	581380870	5.0
249120484	581380870	5.0
248934344	581380870	3.0
249536925	581380870	5.0
226188521	226188521	0
438206948	226188521	2.0
438206949	226188521	2.0
438206950	226188521	3.0
514925234	226188521	3.0
249119714	226188521	3.0
248931652	226188521	4.0
248934929	226188521	3.0
248934931	226188521	3.0
248934933	226188521	3.0
249098024	226188521	3.0
249098896	226188521	3.0
46588424	226188521	2.0
249097716	226188521	3.0
249099304	226188521	3.0
249107545	226188521	0.0
249117829	226188521	3.0
265975986	226188521	3.0
249115265	226188521	3.0
249116169	226188521	2.0
249116449	226188521	2.0
249538488	226188521	4.0
100219342	226188521	4.0
199004778	226188521	4.0
174023895	226188521	4.0
634367295	226188521	4.0
222786611	226188521	4.0
219804226	226188521	3.0
219804228	226188521	3.0
220378117	226188521	3.0
220769444	226188521	3.0
220769451	226188521	3.0
219041312	226188521	2.0
249119129	226188521	3.0
249097717	226188521	3.0
220769448	226188521	3.0
199106105	226188521	4.0
226188151	226188521	3.0
249117461	226188521	3.0
249118533	226188521	3.0
634367296	226188521	4.0
220769450	226188521	4.0
249098799	226188521	3.0
248936413	226188521	3.0
248925916	226188521	4.0
226188152	226188521	3.0
249000272	226188521	3.0
249098025	226188521	3.0
248927490	226188521	4.0
249119414	226188521	3.0
249120484	226188521	3.0
248934344	226188521	3.0
249536925	226188521	3.0
438206948	438206948	0
438206949	438206948	0.0
438206950	438206948	2.0
514925234	438206948	1.0
249119714	438206948	3.0
248931652	438206948	4.0
248934929	438206948	4.0
248934931	438206948	4.0
248934933	438206948	4.0
249098024	438206948	3.0
249098896	438206948	3.0
46588424	438206948	1.0
249097716	438206948	3.0
249099304	438206948	3.0
249107545	438206948	2.0
249117829	438206948	2.0
265975986	438206948	3.0
249115265	438206948	2.0
249116169	438206948	2.0
249116449	438206948	1.0
249538488	438206948	3.0
100219342	438206948	4.0
199004778	438206948	4.0
174023895	438206948	4.0
634367295	438206948	4.0
222786611	438206948	4.0
219804226	438206948	4.0
219804228	438206948	3.0
220378117	438206948	3.0
220769444	438206948	3.0
220769451	438206948	3.0
219041312	438206948	3.0
249119129	438206948	2.0
249097717	438206948	3.0
220769448	438206948	3.0
199106105	438206948	4.0
226188151	438206948	2.0
249117461	438206948	3.0
249118533	438206948	3.0
634367296	438206948	4.0
220769450	438206948	4.0
249098799	438206948	4.0
248936413	438206948	3.0
248925916	438206948	4.0
226188152	438206948	3.0
249000272	438206948	3.0
249098025	438206948	3.0
248927490	438206948	4.0
249119414	438206948	3.0
249120484	438206948	3.0
248934344	438206948	4.0
249536925	438206948	3.0
438206949	438206949	0
438206950	438206949	2.0
514925234	438206949	0.0
249119714	438206949	3.0
248931652	438206949	4.0
248934929	438206949	3.0
248934931	438206949	4.0
248934933	438206949	4.0
249098024	438206949	3.0
249098896	438206949	4.0
46588424	438206949	1.0
249097716	438206949	3.0
249099304	438206949	3.0
249107545	438206949	2.0
249117829	438206949	2.0
265975986	438206949	3.0
249115265	438206949	2.0
249116169	438206949	2.0
249116449	438206949	1.0
249538488	438206949	3.0
100219342	438206949	4.0
199004778	438206949	4.0
174023895	438206949	4.0
634367295	438206949	4.0
222786611	438206949	4.0
219804226	438206949	4.0
219804228	438206949	3.0
220378117	438206949	3.0
220769444	438206949	3.0
220769451	438206949	3.0
219041312	438206949	3.0
249119129	438206949	2.0
249097717	438206949	3.0
220769448	438206949	3.0
199106105	438206949	4.0
226188151	438206949	2.0
249117461	438206949	3.0
249118533	438206949	3.0
634367296	438206949	4.0
220769450	438206949	4.0
249098799	438206949	4.0
248936413	438206949	3.0
248925916	438206949	4.0
226188152	438206949	3.0
249000272	438206949	3.0
249098025	438206949	3.0
248927490	438206949	4.0
249119414	438206949	3.0
249120484	438206949	2.0
248934344	438206949	3.0
249536925	438206949	3.0
438206950	438206950	0
514925234	438206950	1.0
249119714	438206950	3.0
248931652	438206950	4.0
248934929	438206950	3.0
248934931	438206950	4.0
248934933	438206950	3.0
249098024	438206950	3.0
249098896	438206950	3.0
46588424	438206950	0.0
249097716	438206950	4.0
249099304	438206950	3.0
249107545	438206950	2.0
249117829	438206950	2.0
265975986	438206950	3.0
249115265	438206950	3.0
249116169	438206950	2.0
249116449	438206950	3.0
249538488	438206950	3.0
100219342	438206950	4.0
199004778	438206950	4.0
174023895	438206950	4.0
634367295	438206950	4.0
222786611	438206950	4.0
219804226	438206950	3.0
219804228	438206950	3.0
220378117	438206950	4.0
220769444	438206950	3.0
220769451	438206950	3.0
219041312	438206950	3.0
249119129	438206950	2.0
249097717	438206950	3.0
220769448	438206950	3.0
199106105	438206950	4.0
226188151	438206950	2.0
249117461	438206950	3.0
249118533	438206950	3.0
634367296	438206950	4.0
220769450	438206950	4.0
249098799	438206950	3.0
248936413	438206950	3.0
248925916	438206950	4.0
226188152	438206950	2.0
249000272	438206950	3.0
249098025	438206950	3.0
248927490	438206950	4.0
249119414	438206950	3.0
249120484	438206950	3.0
248934344	438206950	3.0
249536925	438206950	3.0
514925234	514925234	0
249119714	514925234	2.0
248931652	514925234	4.0
248934929	514925234	3.0
248934931	514925234	4.0
248934933	514925234	3.0
249098024	514925234	4.0
249098896	514925234	4.0
46588424	514925234	1.0
249097716	514925234	4.0
249099304	514925234	3.0
249107545	514925234	2.0
249117829	514925234	1.0
265975986	514925234	3.0
249115265	514925234	2.0
249116169	514925234	1.0
249116449	514925234	1.0
249538488	514925234	3.0
100219342	514925234	4.0
199004778	514925234	3.0
174023895	514925234	4.0
634367295	514925234	4.0
222786611	514925234	4.0
219804226	514925234	3.0
219804228	514925234	3.0
220378117	514925234	4.0
220769444	514925234	4.0
220769451	514925234	3.0
219041312	514925234	3.0
249119129	514925234	2.0
249097717	514925234	3.0
220769448	514925234	4.0
199106105	514925234	3.0
226188151	514925234	1.0
249117461	514925234	2.0
249118533	514925234	2.0
634367296	514925234	4.0
220769450	514925234	4.0
249098799	514925234	4.0
248936413	514925234	3.0
248925916	514925234	3.0
226188152	514925234	2.0
249000272	514925234	2.0
249098025	514925234	3.0
248927490	514925234	4.0
249119414	514925234	2.0
249120484	514925234	2.0
248934344	514925234	3.0
249536925	514925234	3.0
249119714	249119714	0
248931652	249119714	4.0
248934929	249119714	4.0
248934931	249119714	4.0
248934933	249119714	4.0
249098024	249119714	4.0
249098896	249119714	4.0
46588424	249119714	3.0
249097716	249119714	4.0
249099304	249119714	4.0
249107545	249119714	3.0
249117829	249119714	3.0
265975986	249119714	4.0
249115265	249119714	3.0
249116169	249119714	3.0
249116449	249119714	2.0
249538488	249119714	3.0
100219342	249119714	4.0
199004778	249119714	4.0
174023895	249119714	3.0
634367295	249119714	4.0
222786611	249119714	4.0
219804226	249119714	4.0
219804228	249119714	4.0
220378117	249119714	4.0
220769444	249119714	4.0
220769451	249119714	4.0
219041312	249119714	4.0
249119129	249119714	2.0
249097717	249119714	4.0
220769448	249119714	4.0
199106105	249119714	4.0
226188151	249119714	3.0
249117461	249119714	3.0
249118533	249119714	3.0
634367296	249119714	3.0
220769450	249119714	4.0
249098799	249119714	4.0
248936413	249119714	4.0
248925916	249119714	4.0
226188152	249119714	3.0
249000272	249119714	3.0
249098025	249119714	4.0
248927490	249119714	4.0
249119414	249119714	2.0
249120484	249119714	1.0
248934344	249119714	4.0
249536925	249119714	3.0
248931652	248931652	0
248934929	248931652	3.0
248934931	248931652	2.0
248934933	248931652	3.0
249098024	248931652	3.0
249098896	248931652	2.0
46588424	248931652	4.0
249097716	248931652	3.0
249099304	248931652	3.0
249107545	248931652	4.0
249117829	248931652	4.0
265975986	248931652	3.0
249115265	248931652	4.0
249116169	248931652	4.0
249116449	248931652	4.0
249538488	248931652	5.0
100219342	248931652	2.0
199004778	248931652	4.0
174023895	248931652	4.0
634367295	248931652	4.0
222786611	248931652	3.0
219804226	248931652	3.0
219804228	248931652	4.0
220378117	248931652	3.0
220769444	248931652	3.0
220769451	248931652	3.0
219041312	248931652	4.0
249119129	248931652	4.0
249097717	248931652	3.0
220769448	248931652	3.0
199106105	248931652	3.0
226188151	248931652	4.0
249117461	248931652	4.0
249118533	248931652	4.0
634367296	248931652	4.0
220769450	248931652	3.0
249098799	248931652	3.0
248936413	248931652	3.0
248925916	248931652	4.0
226188152	248931652	4.0
249000272	248931652	4.0
249098025	248931652	4.0
248927490	248931652	3.0
249119414	248931652	5.0
249120484	248931652	4.0
248934344	248931652	3.0
249536925	248931652	5.0
248934929	248934929	0
248934931	248934929	2.0
248934933	248934929	0.0
249098024	248934929	3.0
249098896	248934929	2.0
46588424	248934929	3.0
249097716	248934929	3.0
249099304	248934929	3.0
249107545	248934929	3.0
249117829	248934929	3.0
265975986	248934929	3.0
249115265	248934929	4.0
249116169	248934929	4.0
249116449	248934929	3.0
249538488	248934929	4.0
100219342	248934929	3.0
199004778	248934929	3.0
174023895	248934929	4.0
634367295	248934929	4.0
222786611	248934929	3.0
219804226	248934929	3.0
219804228	248934929	3.0
220378117	248934929	3.0
220769444	248934929	3.0
220769451	248934929	3.0
219041312	248934929	4.0
249119129	248934929	3.0
249097717	248934929	3.0
220769448	248934929	3.0
199106105	248934929	3.0
226188151	248934929	3.0
249117461	248934929	2.0
249118533	248934929	2.0
634367296	248934929	4.0
220769450	248934929	3.0
249098799	248934929	2.0
248936413	248934929	0.0
248925916	248934929	4.0
226188152	248934929	3.0
249000272	248934929	2.0
249098025	248934929	3.0
248927490	248934929	2.0
249119414	248934929	4.0
249120484	248934929	4.0
248934344	248934929	0.0
249536925	248934929	4.0
248934931	248934931	0
248934933	248934931	2.0
249098024	248934931	3.0
249098896	248934931	2.0
46588424	248934931	3.0
249097716	248934931	3.0
249099304	248934931	3.0
249107545	248934931	3.0
249117829	248934931	3.0
265975986	248934931	3.0
249115265	248934931	4.0
249116169	248934931	4.0
249116449	248934931	4.0
249538488	248934931	5.0
100219342	248934931	2.0
199004778	248934931	3.0
174023895	248934931	4.0
634367295	248934931	3.0
222786611	248934931	3.0
219804226	248934931	3.0
219804228	248934931	3.0
220378117	248934931	3.0
220769444	248934931	3.0
220769451	248934931	3.0
219041312	248934931	4.0
249119129	248934931	4.0
249097717	248934931	3.0
220769448	248934931	3.0
199106105	248934931	3.0
226188151	248934931	3.0
249117461	248934931	3.0
249118533	248934931	3.0
634367296	248934931	4.0
220769450	248934931	3.0
249098799	248934931	3.0
248936413	248934931	2.0
248925916	248934931	3.0
226188152	248934931	3.0
249000272	248934931	3.0
249098025	248934931	3.0
248927490	248934931	2.0
249119414	248934931	4.0
249120484	248934931	4.0
248934344	248934931	2.0
249536925	248934931	4.0
248934933	248934933	0
249098024	248934933	3.0
249098896	248934933	2.0
46588424	248934933	3.0
249097716	248934933	3.0
249099304	248934933	3.0
249107545	248934933	3.0
249117829	248934933	3.0
265975986	248934933	3.0
249115265	248934933	4.0
249116169	248934933	4.0
249116449	248934933	3.0
249538488	248934933	4.0
100219342	248934933	3.0
199004778	248934933	3.0
174023895	248934933	4.0
634367295	248934933	4.0
222786611	248934933	3.0
219804226	248934933	3.0
219804228	248934933	3.0
220378117	248934933	3.0
220769444	248934933	3.0
220769451	248934933	3.0
219041312	248934933	4.0
249119129	248934933	3.0
249097717	248934933	3.0
220769448	248934933	3.0
199106105	248934933	3.0
226188151	248934933	3.0
249117461	248934933	2.0
249118533	248934933	2.0
634367296	248934933	4.0
220769450	248934933	3.0
249098799	248934933	2.0
248936413	248934933	0.0
248925916	248934933	3.0
226188152	248934933	3.0
249000272	248934933	2.0
249098025	248934933	3.0
248927490	248934933	2.0
249119414	248934933	4.0
249120484	248934933	4.0
248934344	248934933	0.0
249536925	248934933	4.0
249098024	249098024	0
249098896	249098024	2.0
46588424	249098024	3.0
249097716	249098024	1.0
249099304	249098024	1.0
249107545	249098024	3.0
249117829	249098024	4.0
265975986	249098024	1.0
249115265	249098024	4.0
249116169	249098024	4.0
249116449	249098024	3.0
249538488	249098024	4.0
100219342	249098024	3.0
199004778	249098024	4.0
174023895	249098024	4.0
634367295	249098024	4.0
222786611	249098024	1.0
219804226	249098024	1.0
219804228	249098024	1.0
220378117	249098024	1.0
220769444	249098024	0.0
220769451	249098024	1.0
219041312	249098024	3.0
249119129	249098024	4.0
249097717	249098024	0.0
220769448	249098024	1.0
199106105	249098024	4.0
226188151	249098024	4.0
249117461	249098024	3.0
249118533	249098024	3.0
634367296	249098024	4.0
220769450	249098024	3.0
249098799	249098024	2.0
248936413	249098024	3.0
248925916	249098024	4.0
226188152	249098024	3.0
249000272	249098024	3.0
249098025	249098024	1.0
248927490	249098024	4.0
249119414	249098024	4.0
249120484	249098024	4.0
248934344	249098024	3.0
249536925	249098024	4.0
249098896	249098896	0
46588424	249098896	3.0
249097716	249098896	2.0
249099304	249098896	2.0
249107545	249098896	3.0
249117829	249098896	3.0
265975986	249098896	2.0
249115265	249098896	4.0
249116169	249098896	4.0
249116449	249098896	4.0
249538488	249098896	4.0
100219342	249098896	3.0
199004778	249098896	4.0
174023895	249098896	4.0
634367295	249098896	4.0
222786611	249098896	2.0
219804226	249098896	3.0
219804228	249098896	2.0
220378117	249098896	2.0
220769444	249098896	2.0
220769451	249098896	2.0
219041312	249098896	4.0
249119129	249098896	3.0
249097717	249098896	2.0
220769448	249098896	1.0
199106105	249098896	4.0
226188151	249098896	3.0
249117461	249098896	3.0
249118533	249098896	3.0
634367296	249098896	4.0
220769450	249098896	3.0
249098799	249098896	0.0
248936413	249098896	2.0
248925916	249098896	4.0
226188152	249098896	3.0
249000272	249098896	3.0
249098025	249098896	2.0
248927490	249098896	3.0
249119414	249098896	4.0
249120484	249098896	4.0
248934344	249098896	2.0
249536925	249098896	4.0
46588424	46588424	0
249097716	46588424	3.0
249099304	46588424	3.0
249107545	46588424	2.0
249117829	46588424	2.0
265975986	46588424	3.0
249115265	46588424	3.0
249116169	46588424	2.0
249116449	46588424	2.0
249538488	46588424	3.0
100219342	46588424	4.0
199004778	46588424	4.0
174023895	46588424	4.0
634367295	46588424	4.0
222786611	46588424	3.0
219804226	46588424	3.0
219804228	46588424	3.0
220378117	46588424	3.0
220769444	46588424	3.0
220769451	46588424	3.0
219041312	46588424	3.0
249119129	46588424	2.0
249097717	46588424	3.0
220769448	46588424	3.0
199106105	46588424	4.0
226188151	46588424	2.0
249117461	46588424	3.0
249118533	46588424	3.0
634367296	46588424	4.0
220769450	46588424	4.0
249098799	46588424	3.0
248936413	46588424	3.0
248925916	46588424	3.0
226188152	46588424	2.0
249000272	46588424	3.0
249098025	46588424	3.0
248927490	46588424	3.0
249119414	46588424	3.0
249120484	46588424	3.0
248934344	46588424	3.0
249536925	46588424	3.0
249097716	249097716	0
249099304	249097716	0.0
249107545	249097716	3.0
249117829	249097716	4.0
265975986	249097716	0.0
249115265	249097716	4.0
249116169	249097716	4.0
249116449	249097716	4.0
249538488	249097716	4.0
100219342	249097716	3.0
199004778	249097716	4.0
174023895	249097716	4.0
634367295	249097716	4.0
222786611	249097716	2.0
219804226	249097716	2.0
219804228	249097716	2.0
220378117	249097716	0.0
220769444	249097716	1.0
220769451	249097716	0.0
219041312	249097716	3.0
249119129	249097716	4.0
249097717	249097716	2.0
220769448	249097716	0.0
199106105	249097716	4.0
226188151	249097716	4.0
249117461	249097716	3.0
249118533	249097716	3.0
634367296	249097716	4.0
220769450	249097716	3.0
249098799	249097716	2.0
248936413	249097716	3.0
248925916	249097716	4.0
226188152	249097716	3.0
249000272	249097716	3.0
249098025	249097716	2.0
248927490	249097716	4.0
249119414	249097716	4.0
249120484	249097716	4.0
248934344	249097716	3.0
249536925	249097716	4.0
249099304	249099304	0
249107545	249099304	3.0
249117829	249099304	3.0
265975986	249099304	0.0
249115265	249099304	4.0
249116169	249099304	3.0
249116449	249099304	3.0
249538488	249099304	4.0
100219342	249099304	3.0
199004778	249099304	4.0
174023895	249099304	4.0
634367295	249099304	4.0
222786611	249099304	2.0
219804226	249099304	2.0
219804228	249099304	2.0
220378117	249099304	0.0
220769444	249099304	0.0
220769451	249099304	0.0
219041312	249099304	3.0
249119129	249099304	3.0
249097717	249099304	2.0
220769448	249099304	0.0
199106105	249099304	4.0
226188151	249099304	3.0
249117461	249099304	3.0
249118533	249099304	3.0
634367296	249099304	4.0
220769450	249099304	3.0
249098799	249099304	2.0
248936413	249099304	3.0
248925916	249099304	4.0
226188152	249099304	3.0
249000272	249099304	3.0
249098025	249099304	1.0
248927490	249099304	3.0
249119414	249099304	4.0
249120484	249099304	4.0
248934344	249099304	3.0
249536925	249099304	4.0
249107545	249107545	0
249117829	249107545	3.0
265975986	249107545	3.0
249115265	249107545	3.0
249116169	249107545	2.0
249116449	249107545	2.0
249538488	249107545	3.0
100219342	249107545	4.0
199004778	249107545	4.0
174023895	249107545	4.0
634367295	249107545	4.0
222786611	249107545	4.0
219804226	249107545	3.0
219804228	249107545	3.0
220378117	249107545	3.0
220769444	249107545	3.0
220769451	249107545	3.0
219041312	249107545	2.0
249119129	249107545	3.0
249097717	249107545	3.0
220769448	249107545	3.0
199106105	249107545	4.0
226188151	249107545	3.0
249117461	249107545	3.0
249118533	249107545	3.0
634367296	249107545	4.0
220769450	249107545	4.0
249098799	249107545	3.0
248936413	249107545	3.0
248925916	249107545	4.0
226188152	249107545	3.0
249000272	249107545	3.0
249098025	249107545	3.0
248927490	249107545	4.0
249119414	249107545	3.0
249120484	249107545	3.0
248934344	249107545	3.0
249536925	249107545	3.0
249117829	249117829	0
265975986	249117829	3.0
249115265	249117829	3.0
249116169	249117829	2.0
249116449	249117829	2.0
249538488	249117829	3.0
100219342	249117829	4.0
199004778	249117829	3.0
174023895	249117829	3.0
634367295	249117829	4.0
222786611	249117829	4.0
219804226	249117829	4.0
219804228	249117829	4.0
220378117	249117829	4.0
220769444	249117829	4.0
220769451	249117829	3.0
219041312	249117829	3.0
249119129	249117829	1.0
249097717	249117829	4.0
220769448	249117829	4.0
199106105	249117829	3.0
226188151	249117829	0.0
249117461	249117829	2.0
249118533	249117829	1.0
634367296	249117829	4.0
220769450	249117829	4.0
249098799	249117829	3.0
248936413	249117829	3.0
248925916	249117829	3.0
226188152	249117829	0.0
249000272	249117829	1.0
249098025	249117829	4.0
248927490	249117829	3.0
249119414	249117829	3.0
249120484	249117829	3.0
248934344	249117829	3.0
249536925	249117829	3.0
265975986	265975986	0
249115265	265975986	4.0
249116169	265975986	3.0
249116449	265975986	3.0
249538488	265975986	4.0
100219342	265975986	3.0
199004778	265975986	4.0
174023895	265975986	4.0
634367295	265975986	4.0
222786611	265975986	2.0
219804226	265975986	2.0
219804228	265975986	2.0
220378117	265975986	0.0
220769444	265975986	0.0
220769451	265975986	0.0
219041312	265975986	3.0
249119129	265975986	3.0
249097717	265975986	2.0
220769448	265975986	0.0
199106105	265975986	4.0
226188151	265975986	3.0
249117461	265975986	3.0
249118533	265975986	3.0
634367296	265975986	4.0
220769450	265975986	3.0
249098799	265975986	2.0
248936413	265975986	3.0
248925916	265975986	4.0
226188152	265975986	3.0
249000272	265975986	3.0
249098025	265975986	1.0
248927490	265975986	3.0
249119414	265975986	4.0
249120484	265975986	4.0
248934344	265975986	3.0
249536925	265975986	4.0
249115265	249115265	0
249116169	249115265	2.0
249116449	249115265	3.0
249538488	249115265	2.0
100219342	249115265	4.0
199004778	249115265	4.0
174023895	249115265	4.0
634367295	249115265	4.0
222786611	249115265	4.0
219804226	249115265	4.0
219804228	249115265	4.0
220378117	249115265	4.0
220769444	249115265	4.0
220769451	249115265	4.0
219041312	249115265	2.0
249119129	249115265	3.0
249097717	249115265	4.0
220769448	249115265	4.0
199106105	249115265	4.0
226188151	249115265	3.0
249117461	249115265	3.0
249118533	249115265	3.0
634367296	249115265	4.0
220769450	249115265	4.0
249098799	249115265	4.0
248936413	249115265	4.0
248925916	249115265	4.0
226188152	249115265	3.0
249000272	249115265	3.0
249098025	249115265	4.0
248927490	249115265	4.0
249119414	249115265	3.0
249120484	249115265	3.0
248934344	249115265	4.0
249536925	249115265	2.0
249116169	249116169	0
249116449	249116169	1.0
249538488	249116169	3.0
100219342	249116169	4.0
199004778	249116169	4.0
174023895	249116169	4.0
634367295	249116169	4.0
222786611	249116169	4.0
219804226	249116169	4.0
219804228	249116169	4.0
220378117	249116169	4.0
220769444	249116169	4.0
220769451	249116169	3.0
219041312	249116169	3.0
249119129	249116169	3.0
249097717	249116169	4.0
220769448	249116169	4.0
199106105	249116169	4.0
226188151	249116169	2.0
249117461	249116169	3.0
249118533	249116169	3.0
634367296	249116169	4.0
220769450	249116169	4.0
249098799	249116169	4.0
248936413	249116169	3.0
248925916	249116169	4.0
226188152	249116169	3.0
249000272	249116169	3.0
249098025	249116169	3.0
248927490	249116169	4.0
249119414	249116169	2.0
249120484	249116169	2.0
248934344	249116169	4.0
249536925	249116169	3.0
249116449	249116449	0
249538488	249116449	3.0
100219342	249116449	4.0
199004778	249116449	4.0
174023895	249116449	4.0
634367295	249116449	4.0
222786611	249116449	4.0
219804226	249116449	4.0
219804228	249116449	4.0
220378117	249116449	4.0
220769444	249116449	3.0
220769451	249116449	3.0
219041312	249116449	3.0
249119129	249116449	3.0
249097717	249116449	4.0
220769448	249116449	3.0
199106105	249116449	4.0
226188151	249116449	2.0
249117461	249116449	3.0
249118533	249116449	3.0
634367296	249116449	4.0
220769450	249116449	4.0
249098799	249116449	4.0
248936413	249116449	3.0
248925916	249116449	4.0
226188152	249116449	2.0
249000272	249116449	3.0
249098025	249116449	3.0
248927490	249116449	4.0
249119414	249116449	3.0
249120484	249116449	3.0
248934344	249116449	3.0
249536925	249116449	3.0
249538488	249538488	0
100219342	249538488	5.0
199004778	249538488	4.0
174023895	249538488	4.0
634367295	249538488	4.0
222786611	249538488	4.0
219804226	249538488	4.0
219804228	249538488	4.0
220378117	249538488	4.0
220769444	249538488	4.0
220769451	249538488	4.0
219041312	249538488	3.0
249119129	249538488	4.0
249097717	249538488	4.0
220769448	249538488	4.0
199106105	249538488	4.0
226188151	249538488	3.0
249117461	249538488	4.0
249118533	249538488	4.0
634367296	249538488	5.0
220769450	249538488	4.0
249098799	249538488	4.0
248936413	249538488	4.0
248925916	249538488	4.0
226188152	249538488	4.0
249000272	249538488	4.0
249098025	249538488	4.0
248927490	249538488	4.0
249119414	249538488	3.0
249120484	249538488	2.0
248934344	249538488	4.0
249536925	249538488	0.0
100219342	100219342	0
199004778	100219342	3.0
174023895	100219342	4.0
634367295	100219342	3.0
222786611	100219342	4.0
219804226	100219342	4.0
219804228	100219342	3.0
220378117	100219342	3.0
220769444	100219342	3.0
220769451	100219342	3.0
219041312	100219342	4.0
249119129	100219342	4.0
249097717	100219342	3.0
220769448	100219342	3.0
199106105	100219342	3.0
226188151	100219342	4.0
249117461	100219342	4.0
249118533	100219342	4.0
634367296	100219342	4.0
220769450	100219342	3.0
249098799	100219342	3.0
248936413	100219342	3.0
248925916	100219342	3.0
226188152	100219342	4.0
249000272	100219342	4.0
249098025	100219342	3.0
248927490	100219342	2.0
249119414	100219342	4.0
249120484	100219342	5.0
248934344	100219342	3.0
249536925	100219342	5.0
199004778	199004778	0
174023895	199004778	2.0
634367295	199004778	2.0
222786611	199004778	4.0
219804226	199004778	4.0
219804228	199004778	4.0
220378117	199004778	4.0
220769444	199004778	4.0
220769451	199004778	4.0
219041312	199004778	4.0
249119129	199004778	3.0
249097717	199004778	4.0
220769448	199004778	4.0
199106105	199004778	2.0
226188151	199004778	3.0
249117461	199004778	3.0
249118533	199004778	3.0
634367296	199004778	1.0
220769450	199004778	4.0
249098799	199004778	4.0
248936413	199004778	3.0
248925916	199004778	1.0
226188152	199004778	3.0
249000272	199004778	3.0
249098025	199004778	4.0
248927490	199004778	3.0
249119414	199004778	4.0
249120484	199004778	4.0
248934344	199004778	3.0
249536925	199004778	4.0
174023895	174023895	0
634367295	174023895	1.0
222786611	174023895	4.0
219804226	174023895	4.0
219804228	174023895	4.0
220378117	174023895	4.0
220769444	174023895	4.0
220769451	174023895	4.0
219041312	174023895	4.0
249119129	174023895	3.0
249097717	174023895	4.0
220769448	174023895	4.0
199106105	174023895	2.0
226188151	174023895	3.0
249117461	174023895	3.0
249118533	174023895	3.0
634367296	174023895	0.0
220769450	174023895	4.0
249098799	174023895	4.0
248936413	174023895	3.0
248925916	174023895	2.0
226188152	174023895	3.0
249000272	174023895	3.0
249098025	174023895	4.0
248927490	174023895	3.0
249119414	174023895	3.0
249120484	174023895	3.0
248934344	174023895	4.0
249536925	174023895	4.0
634367295	634367295	0
222786611	634367295	4.0
219804226	634367295	4.0
219804228	634367295	4.0
220378117	634367295	4.0
220769444	634367295	4.0
220769451	634367295	4.0
219041312	634367295	4.0
249119129	634367295	4.0
249097717	634367295	4.0
220769448	634367295	4.0
199106105	634367295	2.0
226188151	634367295	4.0
249117461	634367295	3.0
249118533	634367295	3.0
634367296	634367295	0.0
220769450	634367295	4.0
249098799	634367295	4.0
248936413	634367295	3.0
248925916	634367295	2.0
226188152	634367295	4.0
249000272	634367295	3.0
249098025	634367295	4.0
248927490	634367295	3.0
249119414	634367295	4.0
249120484	634367295	4.0
248934344	634367295	3.0
249536925	634367295	4.0
222786611	222786611	0
219804226	222786611	2.0
219804228	222786611	2.0
220378117	222786611	2.0
220769444	222786611	2.0
220769451	222786611	2.0
219041312	222786611	4.0
249119129	222786611	4.0
249097717	222786611	2.0
220769448	222786611	2.0
199106105	222786611	4.0
226188151	222786611	4.0
249117461	222786611	4.0
249118533	222786611	4.0
634367296	222786611	4.0
220769450	222786611	2.0
249098799	222786611	2.0
248936413	222786611	3.0
248925916	222786611	4.0
226188152	222786611	4.0
249000272	222786611	4.0
249098025	222786611	2.0
248927490	222786611	4.0
249119414	222786611	4.0
249120484	222786611	4.0
248934344	222786611	3.0
249536925	222786611	4.0
219804226	219804226	0
219804228	219804226	1.0
220378117	219804226	2.0
220769444	219804226	1.0
220769451	219804226	2.0
219041312	219804226	3.0
249119129	219804226	4.0
249097717	219804226	0.0
220769448	219804226	2.0
199106105	219804226	4.0
226188151	219804226	4.0
249117461	219804226	4.0
249118533	219804226	4.0
634367296	219804226	4.0
220769450	219804226	3.0
249098799	219804226	2.0
248936413	219804226	3.0
248925916	219804226	4.0
226188152	219804226	3.0
249000272	219804226	4.0
249098025	219804226	1.0
248927490	219804226	4.0
249119414	219804226	4.0
249120484	219804226	4.0
248934344	219804226	3.0
249536925	219804226	4.0
219804228	219804228	0
220378117	219804228	2.0
220769444	219804228	1.0
220769451	219804228	2.0
219041312	219804228	3.0
249119129	219804228	4.0
249097717	219804228	0.0
220769448	219804228	1.0
199106105	219804228	4.0
226188151	219804228	4.0
249117461	219804228	4.0
249118533	219804228	4.0
634367296	219804228	4.0
220769450	219804228	3.0
249098799	219804228	2.0
248936413	219804228	3.0
248925916	219804228	4.0
226188152	219804228	3.0
249000272	219804228	4.0
249098025	219804228	0.0
248927490	219804228	4.0
249119414	219804228	4.0
249120484	219804228	4.0
248934344	219804228	3.0
249536925	219804228	4.0
220378117	220378117	0
220769444	220378117	1.0
220769451	220378117	1.0
219041312	220378117	3.0
249119129	220378117	4.0
249097717	220378117	2.0
220769448	220378117	0.0
199106105	220378117	4.0
226188151	220378117	4.0
249117461	220378117	3.0
249118533	220378117	3.0
634367296	220378117	4.0
220769450	220378117	3.0
249098799	220378117	2.0
248936413	220378117	3.0
248925916	220378117	4.0
226188152	220378117	3.0
249000272	220378117	3.0
249098025	220378117	2.0
248927490	220378117	4.0
249119414	220378117	4.0
249120484	220378117	4.0
248934344	220378117	3.0
249536925	220378117	4.0
220769444	220769444	0
220769451	220769444	1.0
219041312	220769444	3.0
249119129	220769444	4.0
249097717	220769444	1.0
220769448	220769444	0.0
199106105	220769444	4.0
226188151	220769444	4.0
249117461	220769444	3.0
249118533	220769444	3.0
634367296	220769444	4.0
220769450	220769444	3.0
249098799	220769444	2.0
248936413	220769444	3.0
248925916	220769444	4.0
226188152	220769444	3.0
249000272	220769444	3.0
249098025	220769444	0.0
248927490	220769444	4.0
249119414	220769444	4.0
249120484	220769444	4.0
248934344	220769444	3.0
249536925	220769444	4.0
220769451	220769451	0
219041312	220769451	3.0
249119129	220769451	3.0
249097717	220769451	2.0
220769448	220769451	0.0
199106105	220769451	4.0
226188151	220769451	3.0
249117461	220769451	3.0
249118533	220769451	3.0
634367296	220769451	4.0
220769450	220769451	3.0
249098799	220769451	2.0
248936413	220769451	3.0
248925916	220769451	4.0
226188152	220769451	3.0
249000272	220769451	3.0
249098025	220769451	1.0
248927490	220769451	3.0
249119414	220769451	4.0
249120484	220769451	4.0
248934344	220769451	3.0
249536925	220769451	4.0
219041312	219041312	0
249119129	219041312	4.0
249097717	219041312	3.0
220769448	219041312	3.0
199106105	219041312	4.0
226188151	219041312	3.0
249117461	219041312	4.0
249118533	219041312	4.0
634367296	219041312	5.0
220769450	219041312	4.0
249098799	219041312	4.0
248936413	219041312	4.0
248925916	219041312	4.0
226188152	219041312	3.0
249000272	219041312	4.0
249098025	219041312	3.0
248927490	219041312	4.0
249119414	219041312	3.0
249120484	219041312	3.0
248934344	219041312	4.0
249536925	219041312	3.0
249119129	249119129	0
249097717	249119129	4.0
220769448	249119129	4.0
199106105	249119129	3.0
226188151	249119129	0.0
249117461	249119129	2.0
249118533	249119129	2.0
634367296	249119129	3.0
220769450	249119129	4.0
249098799	249119129	4.0
248936413	249119129	3.0
248925916	249119129	3.0
226188152	249119129	1.0
249000272	249119129	2.0
249098025	249119129	4.0
248927490	249119129	4.0
249119414	249119129	2.0
249120484	249119129	3.0
248934344	249119129	3.0
249536925	249119129	3.0
249097717	249097717	0
220769448	249097717	1.0
199106105	249097717	4.0
226188151	249097717	4.0
249117461	249097717	3.0
249118533	249097717	4.0
634367296	249097717	4.0
220769450	249097717	3.0
249098799	249097717	2.0
248936413	249097717	3.0
248925916	249097717	4.0
226188152	249097717	3.0
249000272	249097717	4.0
249098025	249097717	0.0
248927490	249097717	4.0
249119414	249097717	4.0
249120484	249097717	4.0
248934344	249097717	3.0
249536925	249097717	4.0
220769448	220769448	0
199106105	220769448	4.0
226188151	220769448	4.0
249117461	220769448	3.0
249118533	220769448	3.0
634367296	220769448	4.0
220769450	220769448	3.0
249098799	220769448	2.0
248936413	220769448	3.0
248925916	220769448	4.0
226188152	220769448	3.0
249000272	220769448	3.0
249098025	220769448	0.0
248927490	220769448	4.0
249119414	220769448	4.0
249120484	220769448	4.0
248934344	220769448	3.0
249536925	220769448	4.0
199106105	199106105	0
226188151	199106105	3.0
249117461	199106105	3.0
249118533	199106105	3.0
634367296	199106105	2.0
220769450	199106105	4.0
249098799	199106105	4.0
248936413	199106105	3.0
248925916	199106105	0.0
226188152	199106105	3.0
249000272	199106105	3.0
249098025	199106105	4.0
248927490	199106105	2.0
249119414	199106105	4.0
249120484	199106105	4.0
248934344	199106105	3.0
249536925	199106105	4.0
226188151	226188151	0
249117461	226188151	2.0
249118533	226188151	2.0
634367296	226188151	4.0
220769450	226188151	4.0
249098799	226188151	3.0
248936413	226188151	3.0
248925916	226188151	3.0
226188152	226188151	0.0
249000272	226188151	2.0
249098025	226188151	4.0
248927490	226188151	4.0
249119414	226188151	3.0
249120484	226188151	3.0
248934344	226188151	3.0
249536925	226188151	3.0
249117461	249117461	0
249118533	249117461	0.0
634367296	249117461	3.0
220769450	249117461	4.0
249098799	249117461	3.0
248936413	249117461	2.0
248925916	249117461	2.0
226188152	249117461	1.0
249000272	249117461	0.0
249098025	249117461	3.0
248927490	249117461	3.0
249119414	249117461	3.0
249120484	249117461	3.0
248934344	249117461	2.0
249536925	249117461	4.0
249118533	249118533	0
634367296	249118533	3.0
220769450	249118533	4.0
249098799	249118533	3.0
248936413	249118533	2.0
248925916	249118533	2.0
226188152	249118533	1.0
249000272	249118533	0.0
249098025	249118533	3.0
248927490	249118533	3.0
249119414	249118533	3.0
249120484	249118533	3.0
248934344	249118533	2.0
249536925	249118533	4.0
634367296	634367296	0
220769450	634367296	4.0
249098799	634367296	4.0
248936413	634367296	4.0
248925916	634367296	2.0
226188152	634367296	4.0
249000272	634367296	3.0
249098025	634367296	4.0
248927490	634367296	3.0
249119414	634367296	4.0
249120484	634367296	4.0
248934344	634367296	4.0
249536925	634367296	4.0
220769450	220769450	0
249098799	220769450	2.0
248936413	220769450	3.0
248925916	220769450	4.0
226188152	220769450	4.0
249000272	220769450	4.0
249098025	220769450	3.0
248927490	220769450	4.0
249119414	220769450	4.0
249120484	220769450	5.0
248934344	220769450	3.0
249536925	220769450	4.0
249098799	249098799	0
248936413	249098799	2.0
248925916	249098799	4.0
226188152	249098799	3.0
249000272	249098799	3.0
249098025	249098799	2.0
248927490	249098799	3.0
249119414	249098799	4.0
249120484	249098799	4.0
248934344	249098799	2.0
249536925	249098799	4.0
248936413	248936413	0
248925916	248936413	3.0
226188152	248936413	3.0
249000272	248936413	2.0
249098025	248936413	3.0
248927490	248936413	2.0
249119414	248936413	4.0
249120484	248936413	4.0
248934344	248936413	0.0
249536925	248936413	4.0
248925916	248925916	0
226188152	248925916	3.0
249000272	248925916	2.0
249098025	248925916	4.0
248927490	248925916	2.0
249119414	248925916	4.0
249120484	248925916	4.0
248934344	248925916	4.0
249536925	248925916	4.0
226188152	226188152	0
249000272	226188152	1.0
249098025	226188152	3.0
248927490	226188152	3.0
249119414	226188152	3.0
249120484	226188152	3.0
248934344	226188152	3.0
249536925	226188152	3.0
249000272	249000272	0
249098025	249000272	3.0
248927490	249000272	3.0
249119414	249000272	3.0
249120484	249000272	3.0
248934344	249000272	2.0
249536925	249000272	4.0
249098025	249098025	0
248927490	249098025	4.0
249119414	249098025	4.0
249120484	249098025	4.0
248934344	249098025	3.0
249536925	249098025	4.0
248927490	248927490	0
249119414	248927490	4.0
249120484	248927490	4.0
248934344	248927490	2.0
249536925	248927490	4.0
249119414	249119414	0
249120484	249119414	0.0
248934344	249119414	4.0
249536925	249119414	3.0
249120484	249120484	0
248934344	249120484	4.0
249536925	249120484	3.0
248934344	248934344	0
249536925	248934344	4.0
249536925	249536925	0
