265272958	[-2,-20.0,22.0]	40.753836142857146	-73.99394844285715	0.02258675082149309	0.16814795158907794	0.15475284787389967	0.5391041387642946	0.724731182795699	0.4312199527211878
265272969	[2,-18.0,16.0]	40.75481891176471	-73.99439932941175	0.02258675082149309	0.16814795158907794	0.15475284787389967	0.5391041387642946	0.724731182795699	0.4312199527211878
265282692	[1,4.0,-5.0]	40.75700774761905	-73.99823888095237	0.02258675082149309	0.16814795158907794	0.15475284787389967	0.5391041387642946	0.724731182795699	0.4312199527211878
265296170	[12,-23.0,11.0]	40.75645494	-73.99348174000001	0.02258675082149309	0.16814795158907794	0.15475284787389967	0.5391041387642946	0.724731182795699	0.4312199527211878
265296174	[12,-22.0,10.0]	40.756488475	-73.99355928749999	0.02258675082149309	0.16814795158907794	0.15475284787389967	0.5391041387642946	0.724731182795699	0.4312199527211878
265296277	[13,-23.0,10.0]	40.756585466666664	-73.99341505	0.02258675082149309	0.16814795158907794	0.15475284787389967	0.5391041387642946	0.724731182795699	0.4312199527211878
265301705	[12,-67.0,55.0]	40.751905949999994	-73.98565525000001	0.02258675082149309	0.16814795158907794	0.15475284787389967	0.5391041387642946	0.724731182795699	0.4312199527211878
265301720	[20,-71.0,51.0]	40.75313274615384	-73.98495845384615	0.02258675082149309	0.16814795158907794	0.15475284787389967	0.5391041387642946	0.724731182795699	0.4312199527211878
265302177	[7,-64.0,57.0]	40.75123584166666	-73.98612275833334	0.02258675082149309	0.16814795158907794	0.15475284787389967	0.5391041387642946	0.724731182795699	0.4312199527211878
265296241	[14,-20.0,6.0]	40.7571006	-73.9939119	0.02258675082149309	0.16814795158907794	0.15475284787389967	0.5391041387642946	0.724731182795699	0.4312199527211878
414018125	[-8,14.0,-6.0]	40.756108227450994	-74.00009212352941	0.02258675082149309	0.16814795158907794	0.15475284787389967	0.5391041387642946	0.724731182795699	0.4312199527211878
113722987	[102,-77.0,-25.0]	40.75378593636364	-73.98363601363637	0.02258675082149309	0.16814795158907794	0.15475284787389967	0.5391041387642946	0.724731182795699	0.4312199527211878
169483357	[13,-16.0,3.0]	40.75727156296296	-73.99472694814816	0.02258675082149309	0.16814795158907794	0.15475284787389967	0.5391041387642946	0.724731182795699	0.4312199527211878
288641699	[-4,-9.0,13.0]	40.7546164375	-73.9959963125	0.02258675082149309	0.16814795158907794	0.15475284787389967	0.5391041387642946	0.724731182795699	0.4312199527211878
288654454	[-7,8.0,-1.0]	40.75566682857143	-73.99894718571429	0.02258675082149309	0.16814795158907794	0.15475284787389967	0.5391041387642946	0.724731182795699	0.4312199527211878
320480527	[-6,3.0,3.0]	40.75533906875	-73.99808265625	0.02258675082149309	0.16814795158907794	0.15475284787389967	0.5391041387642946	0.724731182795699	0.4312199527211878
265272972	[0,-18.0,18.0]	40.754526275	-73.9942855125	0.02258675082149309	0.16814795158907794	0.15475284787389967	0.5391041387642946	0.724731182795699	0.4312199527211878
266143337	[22,-52.0,30.0]	40.755435960000014	-73.98830124	0.02258675082149309	0.16814795158907794	0.15475284787389967	0.5391041387642946	0.724731182795699	0.4312199527211878
265302076	[24,-77.0,53.0]	40.75332974230769	-73.98223343461538	0.02258675082149309	0.16814795158907794	0.15475284787389967	0.5391041387642946	0.724731182795699	0.4312199527211878
278353371	[-5,25.0,-20.0]	40.75790319375	-74.00193445	0.02258675082149309	0.16814795158907794	0.15475284787389967	0.5391041387642946	0.724731182795699	0.4312199527211878
265301795	[0,-48.0,48.0]	40.75141054	-73.9890853	0.02258675082149309	0.16814795158907794	0.15475284787389967	0.5391041387642946	0.724731182795699	0.4312199527211878
265302121	[23,-68.0,45.0]	40.75413542068965	-73.98538551379309	0.02258675082149309	0.16814795158907794	0.15475284787389967	0.5391041387642946	0.724731182795699	0.4312199527211878
265281584	[4,-40.0,36.0]	40.75309608333333	-73.99037288333334	0.02258675082149309	0.16814795158907794	0.15475284787389967	0.5391041387642946	0.724731182795699	0.4312199527211878
265282509	[4,-6.0,2.0]	40.75652834545455	-73.99645089090909	0.02258675082149309	0.16814795158907794	0.15475284787389967	0.5391041387642946	0.724731182795699	0.4312199527211878
320480762	[-2,2.0,0.0]	40.75600022	-73.99786934	0.02258675082149309	0.16814795158907794	0.15475284787389967	0.5391041387642946	0.724731182795699	0.4312199527211878
645421567	[23,-64.0,41.0]	40.75442126875	-73.98613638125	0.02258675082149309	0.16814795158907794	0.15475284787389967	0.5391041387642946	0.724731182795699	0.4312199527211878
265272951	[-2,-21.0,23.0]	40.75370085	-73.99372576	0.02258675082149309	0.16814795158907794	0.15475284787389967	0.5391041387642946	0.724731182795699	0.4312199527211878
265272953	[-4,-20.0,24.0]	40.75348547272727	-73.993899	0.02258675082149309	0.16814795158907794	0.15475284787389967	0.5391041387642946	0.724731182795699	0.4312199527211878
265272997	[-5,-1.0,6.0]	40.755241100000006	-73.99736715	0.02258675082149309	0.16814795158907794	0.15475284787389967	0.5391041387642946	0.724731182795699	0.4312199527211878
265282680	[5,-28.0,23.0]	40.75453162000001	-73.99253162	0.02258675082149309	0.16814795158907794	0.15475284787389967	0.5391041387642946	0.724731182795699	0.4312199527211878
265296309	[11,-32.0,21.0]	40.75525716363637	-73.99176971818181	0.02258675082149309	0.16814795158907794	0.15475284787389967	0.5391041387642946	0.724731182795699	0.4312199527211878
266143309	[21,-50.0,29.0]	40.75555661666667	-73.98860079999999	0.02258675082149309	0.16814795158907794	0.15475284787389967	0.5391041387642946	0.724731182795699	0.4312199527211878
265301854	[11,-73.0,62.0]	40.75115972	-73.98457737999999	0.02258675082149309	0.16814795158907794	0.15475284787389967	0.5391041387642946	0.724731182795699	0.4312199527211878
265301877	[11,-72.0,61.0]	40.7511824625	-73.9847024875	0.02258675082149309	0.16814795158907794	0.15475284787389967	0.5391041387642946	0.724731182795699	0.4312199527211878
265301889	[11,-71.0,60.0]	40.75127752857143	-73.98480215714287	0.02258675082149309	0.16814795158907794	0.15475284787389967	0.5391041387642946	0.724731182795699	0.4312199527211878
292840083	[5,-67.0,62.0]	40.75037105714286	-73.9856587142857	0.02258675082149309	0.16814795158907794	0.15475284787389967	0.5391041387642946	0.724731182795699	0.4312199527211878
292840084	[4,-65.0,61.0]	40.75051812857142	-73.98601995714286	0.02258675082149309	0.16814795158907794	0.15475284787389967	0.5391041387642946	0.724731182795699	0.4312199527211878
292840085	[4,-66.0,62.0]	40.75042715555556	-73.98580518888889	0.02258675082149309	0.16814795158907794	0.15475284787389967	0.5391041387642946	0.724731182795699	0.4312199527211878
458501298	[24,-66.0,42.0]	40.754389342857145	-73.9858076	0.02258675082149309	0.16814795158907794	0.15475284787389967	0.5391041387642946	0.724731182795699	0.4312199527211878
265273001	[-5,0.0,5.0]	40.755311899999995	-73.99754178571429	0.02258675082149309	0.16814795158907794	0.15475284787389967	0.5391041387642946	0.724731182795699	0.4312199527211878
265301753	[6,-53.0,47.0]	40.75211092857143	-73.98808992857143	0.02258675082149309	0.16814795158907794	0.15475284787389967	0.5391041387642946	0.724731182795699	0.4312199527211878
265299994	[15,-4.0,-11.0]	40.75895706842106	-73.99676843947368	0.02258675082149309	0.16814795158907794	0.15475284787389967	0.5391041387642946	0.724731182795699	0.4312199527211878
265296151	[9,-25.0,16.0]	40.7555333625	-73.99301636250001	0.02258675082149309	0.16814795158907794	0.15475284787389967	0.5391041387642946	0.724731182795699	0.4312199527211878
265272958	265272958	0
265272969	265272958	1.0
265282692	265272958	3.0
265296170	265272958	2.0
265296174	265272958	2.0
265296277	265272958	2.0
265301705	265272958	3.0
265301720	265272958	3.0
265302177	265272958	3.0
265296241	265272958	2.0
414018125	265272958	3.0
113722987	265272958	3.0
169483357	265272958	3.0
288641699	265272958	1.0
288654454	265272958	2.0
320480527	265272958	2.0
265272972	265272958	0.0
266143337	265272958	3.0
265302076	265272958	3.0
278353371	265272958	3.0
265301795	265272958	3.0
265302121	265272958	3.0
265281584	265272958	2.0
265282509	265272958	2.0
320480762	265272958	2.0
645421567	265272958	3.0
265272951	265272958	0.0
265272953	265272958	2.0
265272997	265272958	3.0
265282680	265272958	1.0
265296309	265272958	1.0
266143309	265272958	3.0
265301854	265272958	3.0
265301877	265272958	3.0
265301889	265272958	3.0
292840083	265272958	2.0
292840084	265272958	2.0
292840085	265272958	2.0
458501298	265272958	3.0
265273001	265272958	1.0
265301753	265272958	3.0
265299994	265272958	3.0
265296151	265272958	3.0
265272969	265272969	0
265282692	265272969	2.0
265296170	265272969	3.0
265296174	265272969	3.0
265296277	265272969	3.0
265301705	265272969	3.0
265301720	265272969	3.0
265302177	265272969	3.0
265296241	265272969	3.0
414018125	265272969	3.0
113722987	265272969	3.0
169483357	265272969	3.0
288641699	265272969	1.0
288654454	265272969	2.0
320480527	265272969	2.0
265272972	265272969	1.0
266143337	265272969	3.0
265302076	265272969	3.0
278353371	265272969	3.0
265301795	265272969	2.0
265302121	265272969	3.0
265281584	265272969	1.0
265282509	265272969	2.0
320480762	265272969	2.0
645421567	265272969	3.0
265272951	265272969	1.0
265272953	265272969	2.0
265272997	265272969	2.0
265282680	265272969	0.0
265296309	265272969	2.0
266143309	265272969	3.0
265301854	265272969	3.0
265301877	265272969	3.0
265301889	265272969	3.0
292840083	265272969	3.0
292840084	265272969	3.0
292840085	265272969	3.0
458501298	265272969	3.0
265273001	265272969	2.0
265301753	265272969	2.0
265299994	265272969	3.0
265296151	265272969	3.0
265282692	265282692	0
265296170	265282692	2.0
265296174	265282692	2.0
265296277	265282692	2.0
265301705	265282692	4.0
265301720	265282692	3.0
265302177	265282692	3.0
265296241	265282692	2.0
414018125	265282692	2.0
113722987	265282692	4.0
169483357	265282692	3.0
288641699	265282692	2.0
288654454	265282692	1.0
320480527	265282692	1.0
265272972	265282692	3.0
266143337	265282692	3.0
265302076	265282692	4.0
278353371	265282692	2.0
265301795	265282692	3.0
265302121	265282692	3.0
265281584	265282692	2.0
265282509	265282692	2.0
320480762	265282692	0.0
645421567	265282692	4.0
265272951	265282692	2.0
265272953	265282692	2.0
265272997	265282692	2.0
265282680	265282692	2.0
265296309	265282692	2.0
266143309	265282692	3.0
265301854	265282692	3.0
265301877	265282692	3.0
265301889	265282692	3.0
292840083	265282692	4.0
292840084	265282692	4.0
292840085	265282692	4.0
458501298	265282692	3.0
265273001	265282692	2.0
265301753	265282692	3.0
265299994	265282692	3.0
265296151	265282692	3.0
265296170	265296170	0
265296174	265296170	0.0
265296277	265296170	0.0
265301705	265296170	3.0
265301720	265296170	3.0
265302177	265296170	3.0
265296241	265296170	2.0
414018125	265296170	3.0
113722987	265296170	3.0
169483357	265296170	3.0
288641699	265296170	1.0
288654454	265296170	2.0
320480527	265296170	2.0
265272972	265296170	1.0
266143337	265296170	3.0
265302076	265296170	4.0
278353371	265296170	3.0
265301795	265296170	3.0
265302121	265296170	3.0
265281584	265296170	2.0
265282509	265296170	2.0
320480762	265296170	2.0
645421567	265296170	3.0
265272951	265296170	2.0
265272953	265296170	3.0
265272997	265296170	3.0
265282680	265296170	2.0
265296309	265296170	0.0
266143309	265296170	3.0
265301854	265296170	3.0
265301877	265296170	3.0
265301889	265296170	3.0
292840083	265296170	3.0
292840084	265296170	3.0
292840085	265296170	3.0
458501298	265296170	3.0
265273001	265296170	2.0
265301753	265296170	2.0
265299994	265296170	2.0
265296151	265296170	1.0
265296174	265296174	0
265296277	265296174	0.0
265301705	265296174	3.0
265301720	265296174	3.0
265302177	265296174	3.0
265296241	265296174	2.0
414018125	265296174	3.0
113722987	265296174	3.0
169483357	265296174	3.0
288641699	265296174	1.0
288654454	265296174	2.0
320480527	265296174	2.0
265272972	265296174	1.0
266143337	265296174	3.0
265302076	265296174	4.0
278353371	265296174	3.0
265301795	265296174	3.0
265302121	265296174	3.0
265281584	265296174	2.0
265282509	265296174	2.0
320480762	265296174	2.0
645421567	265296174	3.0
265272951	265296174	2.0
265272953	265296174	3.0
265272997	265296174	2.0
265282680	265296174	2.0
265296309	265296174	0.0
266143309	265296174	3.0
265301854	265296174	3.0
265301877	265296174	3.0
265301889	265296174	3.0
292840083	265296174	3.0
292840084	265296174	3.0
292840085	265296174	3.0
458501298	265296174	3.0
265273001	265296174	2.0
265301753	265296174	2.0
265299994	265296174	2.0
265296151	265296174	1.0
265296277	265296277	0
265301705	265296277	3.0
265301720	265296277	3.0
265302177	265296277	3.0
265296241	265296277	2.0
414018125	265296277	3.0
113722987	265296277	3.0
169483357	265296277	3.0
288641699	265296277	1.0
288654454	265296277	2.0
320480527	265296277	2.0
265272972	265296277	1.0
266143337	265296277	3.0
265302076	265296277	4.0
278353371	265296277	3.0
265301795	265296277	3.0
265302121	265296277	3.0
265281584	265296277	2.0
265282509	265296277	2.0
320480762	265296277	2.0
645421567	265296277	3.0
265272951	265296277	2.0
265272953	265296277	3.0
265272997	265296277	3.0
265282680	265296277	2.0
265296309	265296277	0.0
266143309	265296277	3.0
265301854	265296277	3.0
265301877	265296277	3.0
265301889	265296277	3.0
292840083	265296277	3.0
292840084	265296277	3.0
292840085	265296277	3.0
458501298	265296277	3.0
265273001	265296277	2.0
265301753	265296277	2.0
265299994	265296277	2.0
265296151	265296277	1.0
265301705	265301705	0
265301720	265301705	2.0
265302177	265301705	0.0
265296241	265301705	3.0
414018125	265301705	4.0
113722987	265301705	3.0
169483357	265301705	4.0
288641699	265301705	3.0
288654454	265301705	3.0
320480527	265301705	3.0
265272972	265301705	3.0
266143337	265301705	3.0
265302076	265301705	3.0
278353371	265301705	4.0
265301795	265301705	3.0
265302121	265301705	2.0
265281584	265301705	3.0
265282509	265301705	3.0
320480762	265301705	3.0
645421567	265301705	3.0
265272951	265301705	3.0
265272953	265301705	3.0
265272997	265301705	4.0
265282680	265301705	3.0
265296309	265301705	3.0
266143309	265301705	3.0
265301854	265301705	1.0
265301877	265301705	1.0
265301889	265301705	1.0
292840083	265301705	3.0
292840084	265301705	3.0
292840085	265301705	3.0
458501298	265301705	2.0
265273001	265301705	3.0
265301753	265301705	2.0
265299994	265301705	4.0
265296151	265301705	2.0
265301720	265301720	0
265302177	265301720	1.0
265296241	265301720	3.0
414018125	265301720	4.0
113722987	265301720	0.0
169483357	265301720	4.0
288641699	265301720	3.0
288654454	265301720	3.0
320480527	265301720	3.0
265272972	265301720	3.0
266143337	265301720	2.0
265302076	265301720	2.0
278353371	265301720	4.0
265301795	265301720	3.0
265302121	265301720	0.0
265281584	265301720	2.0
265282509	265301720	3.0
320480762	265301720	3.0
645421567	265301720	2.0
265272951	265301720	3.0
265272953	265301720	3.0
265272997	265301720	4.0
265282680	265301720	3.0
265296309	265301720	3.0
266143309	265301720	2.0
265301854	265301720	1.0
265301877	265301720	1.0
265301889	265301720	1.0
292840083	265301720	3.0
292840084	265301720	3.0
292840085	265301720	3.0
458501298	265301720	1.0
265273001	265301720	3.0
265301753	265301720	2.0
265299994	265301720	4.0
265296151	265301720	3.0
265302177	265302177	0
265296241	265302177	4.0
414018125	265302177	4.0
113722987	265302177	1.0
169483357	265302177	4.0
288641699	265302177	3.0
288654454	265302177	3.0
320480527	265302177	3.0
265272972	265302177	3.0
266143337	265302177	2.0
265302076	265302177	2.0
278353371	265302177	4.0
265301795	265302177	2.0
265302121	265302177	2.0
265281584	265302177	2.0
265282509	265302177	3.0
320480762	265302177	3.0
645421567	265302177	2.0
265272951	265302177	3.0
265272953	265302177	3.0
265272997	265302177	3.0
265282680	265302177	2.0
265296309	265302177	2.0
266143309	265302177	2.0
265301854	265302177	0.0
265301877	265302177	0.0
265301889	265302177	0.0
292840083	265302177	2.0
292840084	265302177	2.0
292840085	265302177	2.0
458501298	265302177	2.0
265273001	265302177	3.0
265301753	265302177	0.0
265299994	265302177	4.0
265296151	265302177	3.0
265296241	265296241	0
414018125	265296241	3.0
113722987	265296241	3.0
169483357	265296241	3.0
288641699	265296241	2.0
288654454	265296241	2.0
320480527	265296241	2.0
265272972	265296241	2.0
266143337	265296241	3.0
265302076	265296241	3.0
278353371	265296241	3.0
265301795	265296241	3.0
265302121	265296241	3.0
265281584	265296241	3.0
265282509	265296241	2.0
320480762	265296241	3.0
645421567	265296241	2.0
265272951	265296241	2.0
265272953	265296241	3.0
265272997	265296241	3.0
265282680	265296241	2.0
265296309	265296241	2.0
266143309	265296241	3.0
265301854	265296241	4.0
265301877	265296241	4.0
265301889	265296241	4.0
292840083	265296241	3.0
292840084	265296241	3.0
292840085	265296241	3.0
458501298	265296241	3.0
265273001	265296241	3.0
265301753	265296241	3.0
265299994	265296241	2.0
265296151	265296241	1.0
414018125	414018125	0
113722987	414018125	4.0
169483357	414018125	3.0
288641699	414018125	3.0
288654454	414018125	2.0
320480527	414018125	2.0
265272972	414018125	3.0
266143337	414018125	3.0
265302076	414018125	4.0
278353371	414018125	2.0
265301795	414018125	3.0
265302121	414018125	4.0
265281584	414018125	3.0
265282509	414018125	2.0
320480762	414018125	2.0
645421567	414018125	4.0
265272951	414018125	3.0
265272953	414018125	3.0
265272997	414018125	2.0
265282680	414018125	3.0
265296309	414018125	3.0
266143309	414018125	3.0
265301854	414018125	4.0
265301877	414018125	4.0
265301889	414018125	4.0
292840083	414018125	4.0
292840084	414018125	4.0
292840085	414018125	4.0
458501298	414018125	4.0
265273001	414018125	2.0
265301753	414018125	3.0
265299994	414018125	2.0
265296151	414018125	3.0
113722987	113722987	0
169483357	113722987	4.0
288641699	113722987	3.0
288654454	113722987	3.0
320480527	113722987	3.0
265272972	113722987	3.0
266143337	113722987	3.0
265302076	113722987	2.0
278353371	113722987	4.0
265301795	113722987	3.0
265302121	113722987	2.0
265281584	113722987	3.0
265282509	113722987	3.0
320480762	113722987	3.0
645421567	113722987	1.0
265272951	113722987	3.0
265272953	113722987	3.0
265272997	113722987	4.0
265282680	113722987	3.0
265296309	113722987	3.0
266143309	113722987	3.0
265301854	113722987	2.0
265301877	113722987	2.0
265301889	113722987	2.0
292840083	113722987	3.0
292840084	113722987	3.0
292840085	113722987	3.0
458501298	113722987	2.0
265273001	113722987	3.0
265301753	113722987	3.0
265299994	113722987	3.0
265296151	113722987	3.0
169483357	169483357	0
288641699	169483357	3.0
288654454	169483357	3.0
320480527	169483357	3.0
265272972	169483357	3.0
266143337	169483357	3.0
265302076	169483357	4.0
278353371	169483357	3.0
265301795	169483357	3.0
265302121	169483357	4.0
265281584	169483357	3.0
265282509	169483357	3.0
320480762	169483357	3.0
645421567	169483357	3.0
265272951	169483357	3.0
265272953	169483357	3.0
265272997	169483357	3.0
265282680	169483357	3.0
265296309	169483357	3.0
266143309	169483357	3.0
265301854	169483357	4.0
265301877	169483357	4.0
265301889	169483357	4.0
292840083	169483357	4.0
292840084	169483357	4.0
292840085	169483357	4.0
458501298	169483357	4.0
265273001	169483357	2.0
265301753	169483357	3.0
265299994	169483357	2.0
265296151	169483357	3.0
288641699	288641699	0
288654454	288641699	2.0
320480527	288641699	2.0
265272972	288641699	0.0
266143337	288641699	3.0
265302076	288641699	3.0
278353371	288641699	3.0
265301795	288641699	3.0
265302121	288641699	3.0
265281584	288641699	2.0
265282509	288641699	2.0
320480762	288641699	1.0
645421567	288641699	3.0
265272951	288641699	1.0
265272953	288641699	2.0
265272997	288641699	3.0
265282680	288641699	1.0
265296309	288641699	2.0
266143309	288641699	3.0
265301854	288641699	3.0
265301877	288641699	3.0
265301889	288641699	3.0
292840083	288641699	3.0
292840084	288641699	3.0
292840085	288641699	3.0
458501298	288641699	3.0
265273001	288641699	1.0
265301753	288641699	3.0
265299994	288641699	3.0
265296151	288641699	3.0
288654454	288654454	0
320480527	288654454	0.0
265272972	288654454	2.0
266143337	288654454	3.0
265302076	288654454	4.0
278353371	288654454	2.0
265301795	288654454	3.0
265302121	288654454	3.0
265281584	288654454	3.0
265282509	288654454	1.0
320480762	288654454	0.0
645421567	288654454	3.0
265272951	288654454	2.0
265272953	288654454	2.0
265272997	288654454	1.0
265282680	288654454	2.0
265296309	288654454	3.0
266143309	288654454	3.0
265301854	288654454	3.0
265301877	288654454	3.0
265301889	288654454	3.0
292840083	288654454	3.0
292840084	288654454	3.0
292840085	288654454	3.0
458501298	288654454	3.0
265273001	288654454	0.0
265301753	288654454	3.0
265299994	288654454	2.0
265296151	288654454	2.0
320480527	320480527	0
265272972	320480527	2.0
266143337	320480527	3.0
265302076	320480527	4.0
278353371	320480527	2.0
265301795	320480527	3.0
265302121	320480527	4.0
265281584	320480527	3.0
265282509	320480527	1.0
320480762	320480527	0.0
645421567	320480527	3.0
265272951	320480527	2.0
265272953	320480527	2.0
265272997	320480527	1.0
265282680	320480527	2.0
265296309	320480527	3.0
266143309	320480527	3.0
265301854	320480527	3.0
265301877	320480527	3.0
265301889	320480527	3.0
292840083	320480527	3.0
292840084	320480527	3.0
292840085	320480527	3.0
458501298	320480527	3.0
265273001	320480527	0.0
265301753	320480527	3.0
265299994	320480527	2.0
265296151	320480527	2.0
265272972	265272972	0
266143337	265272972	3.0
265302076	265272972	3.0
278353371	265272972	3.0
265301795	265272972	3.0
265302121	265272972	3.0
265281584	265272972	2.0
265282509	265272972	2.0
320480762	265272972	1.0
645421567	265272972	3.0
265272951	265272972	0.0
265272953	265272972	2.0
265272997	265272972	3.0
265282680	265272972	1.0
265296309	265272972	2.0
266143309	265272972	3.0
265301854	265272972	3.0
265301877	265272972	3.0
265301889	265272972	3.0
292840083	265272972	3.0
292840084	265272972	3.0
292840085	265272972	3.0
458501298	265272972	3.0
265273001	265272972	1.0
265301753	265272972	3.0
265299994	265272972	3.0
265296151	265272972	3.0
266143337	266143337	0
265302076	266143337	2.0
278353371	266143337	3.0
265301795	266143337	3.0
265302121	266143337	1.0
265281584	266143337	3.0
265282509	266143337	3.0
320480762	266143337	3.0
645421567	266143337	2.0
265272951	266143337	3.0
265272953	266143337	3.0
265272997	266143337	3.0
265282680	266143337	3.0
265296309	266143337	3.0
266143309	266143337	0.0
265301854	266143337	3.0
265301877	266143337	3.0
265301889	266143337	2.0
292840083	266143337	3.0
292840084	266143337	3.0
292840085	266143337	3.0
458501298	266143337	1.0
265273001	266143337	3.0
265301753	266143337	3.0
265299994	266143337	3.0
265296151	266143337	3.0
265302076	265302076	0
278353371	265302076	4.0
265301795	265302076	3.0
265302121	265302076	2.0
265281584	265302076	3.0
265282509	265302076	4.0
320480762	265302076	4.0
645421567	265302076	2.0
265272951	265302076	3.0
265272953	265302076	4.0
265272997	265302076	4.0
265282680	265302076	3.0
265296309	265302076	3.0
266143309	265302076	2.0
265301854	265302076	2.0
265301877	265302076	2.0
265301889	265302076	2.0
292840083	265302076	3.0
292840084	265302076	3.0
292840085	265302076	3.0
458501298	265302076	2.0
265273001	265302076	4.0
265301753	265302076	3.0
265299994	265302076	4.0
265296151	265302076	3.0
278353371	278353371	0
265301795	278353371	4.0
265302121	278353371	4.0
265281584	278353371	3.0
265282509	278353371	3.0
320480762	278353371	2.0
645421567	278353371	4.0
265272951	278353371	3.0
265272953	278353371	3.0
265272997	278353371	3.0
265282680	278353371	3.0
265296309	278353371	3.0
266143309	278353371	3.0
265301854	278353371	4.0
265301877	278353371	4.0
265301889	278353371	4.0
292840083	278353371	4.0
292840084	278353371	4.0
292840085	278353371	4.0
458501298	278353371	4.0
265273001	278353371	3.0
265301753	278353371	3.0
265299994	278353371	2.0
265296151	278353371	3.0
265301795	265301795	0
265302121	265301795	2.0
265281584	265301795	3.0
265282509	265301795	3.0
320480762	265301795	3.0
645421567	265301795	3.0
265272951	265301795	2.0
265272953	265301795	2.0
265272997	265301795	3.0
265282680	265301795	2.0
265296309	265301795	2.0
266143309	265301795	3.0
265301854	265301795	2.0
265301877	265301795	2.0
265301889	265301795	2.0
292840083	265301795	2.0
292840084	265301795	2.0
292840085	265301795	2.0
458501298	265301795	2.0
265273001	265301795	3.0
265301753	265301795	2.0
265299994	265301795	4.0
265296151	265301795	3.0
265302121	265302121	0
265281584	265302121	2.0
265282509	265302121	3.0
320480762	265302121	3.0
645421567	265302121	1.0
265272951	265302121	3.0
265272953	265302121	3.0
265272997	265302121	4.0
265282680	265302121	3.0
265296309	265302121	2.0
266143309	265302121	1.0
265301854	265302121	2.0
265301877	265302121	2.0
265301889	265302121	2.0
292840083	265302121	2.0
292840084	265302121	2.0
292840085	265302121	2.0
458501298	265302121	0.0
265273001	265302121	3.0
265301753	265302121	2.0
265299994	265302121	3.0
265296151	265302121	3.0
265281584	265281584	0
265282509	265281584	3.0
320480762	265281584	3.0
645421567	265281584	3.0
265272951	265281584	2.0
265272953	265281584	3.0
265272997	265281584	3.0
265282680	265281584	1.0
265296309	265281584	1.0
266143309	265281584	3.0
265301854	265281584	2.0
265301877	265281584	2.0
265301889	265281584	2.0
292840083	265281584	3.0
292840084	265281584	3.0
292840085	265281584	3.0
458501298	265281584	2.0
265273001	265281584	3.0
265301753	265281584	1.0
265299994	265281584	3.0
265296151	265281584	2.0
265282509	265282509	0
320480762	265282509	1.0
645421567	265282509	3.0
265272951	265282509	2.0
265272953	265282509	2.0
265272997	265282509	3.0
265282680	265282509	2.0
265296309	265282509	2.0
266143309	265282509	3.0
265301854	265282509	3.0
265301877	265282509	3.0
265301889	265282509	3.0
292840083	265282509	3.0
292840084	265282509	3.0
292840085	265282509	3.0
458501298	265282509	3.0
265273001	265282509	2.0
265301753	265282509	3.0
265299994	265282509	3.0
265296151	265282509	1.0
320480762	320480762	0
645421567	320480762	3.0
265272951	320480762	2.0
265272953	320480762	2.0
265272997	320480762	1.0
265282680	320480762	2.0
265296309	320480762	3.0
266143309	320480762	3.0
265301854	320480762	3.0
265301877	320480762	3.0
265301889	320480762	3.0
292840083	320480762	3.0
292840084	320480762	3.0
292840085	320480762	3.0
458501298	320480762	3.0
265273001	320480762	0.0
265301753	320480762	3.0
265299994	320480762	2.0
265296151	320480762	2.0
645421567	645421567	0
265272951	645421567	3.0
265272953	645421567	3.0
265272997	645421567	4.0
265282680	645421567	3.0
265296309	645421567	3.0
266143309	645421567	2.0
265301854	645421567	3.0
265301877	645421567	2.0
265301889	645421567	2.0
292840083	645421567	3.0
292840084	645421567	3.0
292840085	645421567	3.0
458501298	645421567	1.0
265273001	645421567	3.0
265301753	645421567	2.0
265299994	645421567	3.0
265296151	645421567	2.0
265272951	265272951	0
265272953	265272951	2.0
265272997	265272951	3.0
265282680	265272951	1.0
265296309	265272951	1.0
266143309	265272951	3.0
265301854	265272951	3.0
265301877	265272951	3.0
265301889	265272951	3.0
292840083	265272951	2.0
292840084	265272951	2.0
292840085	265272951	2.0
458501298	265272951	3.0
265273001	265272951	1.0
265301753	265272951	3.0
265299994	265272951	3.0
265296151	265272951	3.0
265272953	265272953	0
265272997	265272953	3.0
265282680	265272953	3.0
265296309	265272953	3.0
266143309	265272953	3.0
265301854	265272953	3.0
265301877	265272953	3.0
265301889	265272953	3.0
292840083	265272953	3.0
292840084	265272953	3.0
292840085	265272953	3.0
458501298	265272953	3.0
265273001	265272953	2.0
265301753	265272953	2.0
265299994	265272953	3.0
265296151	265272953	3.0
265272997	265272997	0
265282680	265272997	3.0
265296309	265272997	3.0
266143309	265272997	3.0
265301854	265272997	3.0
265301877	265272997	3.0
265301889	265272997	3.0
292840083	265272997	4.0
292840084	265272997	4.0
292840085	265272997	4.0
458501298	265272997	4.0
265273001	265272997	0.0
265301753	265272997	3.0
265299994	265272997	3.0
265296151	265272997	3.0
265282680	265282680	0
265296309	265282680	3.0
266143309	265282680	3.0
265301854	265282680	2.0
265301877	265282680	2.0
265301889	265282680	2.0
292840083	265282680	3.0
292840084	265282680	3.0
292840085	265282680	3.0
458501298	265282680	3.0
265273001	265282680	2.0
265301753	265282680	2.0
265299994	265282680	3.0
265296151	265282680	3.0
265296309	265296309	0
266143309	265296309	3.0
265301854	265296309	3.0
265301877	265296309	3.0
265301889	265296309	3.0
292840083	265296309	3.0
292840084	265296309	3.0
292840085	265296309	3.0
458501298	265296309	2.0
265273001	265296309	2.0
265301753	265296309	2.0
265299994	265296309	2.0
265296151	265296309	1.0
266143309	266143309	0
265301854	266143309	3.0
265301877	266143309	3.0
265301889	266143309	3.0
292840083	266143309	3.0
292840084	266143309	3.0
292840085	266143309	3.0
458501298	266143309	1.0
265273001	266143309	3.0
265301753	266143309	3.0
265299994	266143309	2.0
265296151	266143309	3.0
265301854	265301854	0
265301877	265301854	0.0
265301889	265301854	0.0
292840083	265301854	2.0
292840084	265301854	2.0
292840085	265301854	2.0
458501298	265301854	2.0
265273001	265301854	3.0
265301753	265301854	1.0
265299994	265301854	4.0
265296151	265301854	3.0
265301877	265301877	0
265301889	265301877	0.0
292840083	265301877	2.0
292840084	265301877	2.0
292840085	265301877	2.0
458501298	265301877	2.0
265273001	265301877	3.0
265301753	265301877	1.0
265299994	265301877	4.0
265296151	265301877	3.0
265301889	265301889	0
292840083	265301889	2.0
292840084	265301889	2.0
292840085	265301889	2.0
458501298	265301889	2.0
265273001	265301889	3.0
265301753	265301889	1.0
265299994	265301889	4.0
265296151	265301889	3.0
292840083	292840083	0
292840084	292840083	0.0
292840085	292840083	0.0
458501298	292840083	2.0
265273001	292840083	3.0
265301753	292840083	2.0
265299994	292840083	4.0
265296151	292840083	3.0
292840084	292840084	0
292840085	292840084	0.0
458501298	292840084	2.0
265273001	292840084	3.0
265301753	292840084	2.0
265299994	292840084	4.0
265296151	292840084	3.0
292840085	292840085	0
458501298	292840085	2.0
265273001	292840085	3.0
265301753	292840085	2.0
265299994	292840085	4.0
265296151	292840085	3.0
458501298	458501298	0
265273001	458501298	3.0
265301753	458501298	2.0
265299994	458501298	3.0
265296151	458501298	3.0
265273001	265273001	0
265301753	265273001	3.0
265299994	265273001	3.0
265296151	265273001	3.0
265301753	265301753	0
265299994	265301753	4.0
265296151	265301753	2.0
265299994	265299994	0
265296151	265299994	2.0
265296151	265296151	0
