455526734	[113,-72.0,-41.0]	40.62820686	-74.07590438	0.20723552512832297	0.07768784727403524	0.6794726285182767	8.383382940212598e-05	0.7376344086021505	0.3633651181527619
240439461	[102,-80.0,-22.0]	40.625142688888886	-74.07453784444445	0.20723552512832297	0.07768784727403524	0.6794726285182767	8.383382940212598e-05	0.7376344086021505	0.3633651181527619
36897473	[-158,96.0,62.0]	40.58986082	-74.10582511999999	0.20723552512832297	0.07768784727403524	0.6794726285182767	8.383382940212598e-05	0.7376344086021505	0.3633651181527619
36897598	[-156,92.0,64.0]	40.58996866666667	-74.1050201	0.20723552512832297	0.07768784727403524	0.6794726285182767	8.383382940212598e-05	0.7376344086021505	0.3633651181527619
36897599	[-159,94.0,65.0]	40.58952278	-74.10547856000001	0.20723552512832297	0.07768784727403524	0.6794726285182767	8.383382940212598e-05	0.7376344086021505	0.3633651181527619
36897600	[-165,96.0,69.0]	40.58855416	-74.10577013999999	0.20723552512832297	0.07768784727403524	0.6794726285182767	8.383382940212598e-05	0.7376344086021505	0.3633651181527619
200718410	[-155,64.0,91.0]	40.587289516666665	-74.10003178333334	0.20723552512832297	0.07768784727403524	0.6794726285182767	8.383382940212598e-05	0.7376344086021505	0.3633651181527619
200718415	[-160,65.0,95.0]	40.58633665714286	-74.10014275714286	0.20723552512832297	0.07768784727403524	0.6794726285182767	8.383382940212598e-05	0.7376344086021505	0.3633651181527619
286085580	[-162,68.0,94.0]	40.58614308000001	-74.10079714	0.20723552512832297	0.07768784727403524	0.6794726285182767	8.383382940212598e-05	0.7376344086021505	0.3633651181527619
286085581	[-161,68.0,93.0]	40.586378079999996	-74.10074296	0.20723552512832297	0.07768784727403524	0.6794726285182767	8.383382940212598e-05	0.7376344086021505	0.3633651181527619
147976454	[-153,120.0,33.0]	40.5933373	-74.10997153999999	0.20723552512832297	0.07768784727403524	0.6794726285182767	8.383382940212598e-05	0.7376344086021505	0.3633651181527619
147976517	[-151,119.0,32.0]	40.593780025	-74.1098619	0.20723552512832297	0.07768784727403524	0.6794726285182767	8.383382940212598e-05	0.7376344086021505	0.3633651181527619
147976582	[-149,115.0,34.0]	40.59377085555556	-74.10905526666667	0.20723552512832297	0.07768784727403524	0.6794726285182767	8.383382940212598e-05	0.7376344086021505	0.3633651181527619
185021225	[-133,54.0,79.0]	40.59081056000001	-74.09824080000001	0.20723552512832297	0.07768784727403524	0.6794726285182767	8.383382940212598e-05	0.7376344086021505	0.3633651181527619
286098227	[-138,84.0,54.0]	40.5927225	-74.10367547999999	0.20723552512832297	0.07768784727403524	0.6794726285182767	8.383382940212598e-05	0.7376344086021505	0.3633651181527619
200718464	[-51,6.0,45.0]	40.6026124	-74.08987285714285	0.20723552512832297	0.07768784727403524	0.6794726285182767	8.383382940212598e-05	0.7376344086021505	0.3633651181527619
286089309	[-49,-6.0,55.0]	40.60176348	-74.08757652	0.20723552512832297	0.07768784727403524	0.6794726285182767	8.383382940212598e-05	0.7376344086021505	0.3633651181527619
34196973	[5,-20.0,15.0]	40.6113743875	-74.08512165	0.20723552512832297	0.07768784727403524	0.6794726285182767	8.383382940212598e-05	0.7376344086021505	0.3633651181527619
286090787	[69,-4.0,-65.0]	40.62617388888888	-74.08794316666666	0.20723552512832297	0.07768784727403524	0.6794726285182767	8.383382940212598e-05	0.7376344086021505	0.3633651181527619
200719115	[79,-48.0,-31.0]	40.62372561428572	-74.0801506	0.20723552512832297	0.07768784727403524	0.6794726285182767	8.383382940212598e-05	0.7376344086021505	0.3633651181527619
200719116	[78,-52.0,-26.0]	40.6231896125	-74.0794323	0.20723552512832297	0.07768784727403524	0.6794726285182767	8.383382940212598e-05	0.7376344086021505	0.3633651181527619
240636645	[75,-51.0,-24.0]	40.62269826	-74.07970825999999	0.20723552512832297	0.07768784727403524	0.6794726285182767	8.383382940212598e-05	0.7376344086021505	0.3633651181527619
240636646	[65,-47.0,-18.0]	40.620942379999995	-74.08037628	0.20723552512832297	0.07768784727403524	0.6794726285182767	8.383382940212598e-05	0.7376344086021505	0.3633651181527619
240636647	[76,-52.0,-24.0]	40.62272462	-74.07949454	0.20723552512832297	0.07768784727403524	0.6794726285182767	8.383382940212598e-05	0.7376344086021505	0.3633651181527619
240636648	[64,-46.0,-18.0]	40.620869920000004	-74.08049926	0.20723552512832297	0.07768784727403524	0.6794726285182767	8.383382940212598e-05	0.7376344086021505	0.3633651181527619
286090947	[69,-43.0,-26.0]	40.62219038	-74.08115918000001	0.20723552512832297	0.07768784727403524	0.6794726285182767	8.383382940212598e-05	0.7376344086021505	0.3633651181527619
247654032	[-127,45.0,82.0]	40.59104966842106	-74.09683237894737	0.20723552512832297	0.07768784727403524	0.6794726285182767	8.383382940212598e-05	0.7376344086021505	0.3633651181527619
241839212	[99,-15.0,-84.0]	40.63122902857142	-74.0861631857143	0.20723552512832297	0.07768784727403524	0.6794726285182767	8.383382940212598e-05	0.7376344086021505	0.3633651181527619
383592575	[74,-53.0,-21.0]	40.6221632	-74.07928245000001	0.20723552512832297	0.07768784727403524	0.6794726285182767	8.383382940212598e-05	0.7376344086021505	0.3633651181527619
241817178	[73,-33.0,-40.0]	40.62414594444444	-74.08286073333332	0.20723552512832297	0.07768784727403524	0.6794726285182767	8.383382940212598e-05	0.7376344086021505	0.3633651181527619
443326482	[-132,67.0,65.0]	40.5922511	-74.10055492000001	0.20723552512832297	0.07768784727403524	0.6794726285182767	8.383382940212598e-05	0.7376344086021505	0.3633651181527619
35577829	[-5,-3.0,8.0]	40.6112308	-74.08817472	0.20723552512832297	0.07768784727403524	0.6794726285182767	8.383382940212598e-05	0.7376344086021505	0.3633651181527619
286092963	[13,-24.0,11.0]	40.61262879333333	-74.08444509333334	0.20723552512832297	0.07768784727403524	0.6794726285182767	8.383382940212598e-05	0.7376344086021505	0.3633651181527619
35751568	[37,-20.0,-17.0]	40.61800928	-74.0851131	0.20723552512832297	0.07768784727403524	0.6794726285182767	8.383382940212598e-05	0.7376344086021505	0.3633651181527619
35601752	[66,-15.0,-51.0]	40.62443032571428	-74.08608159142858	0.20723552512832297	0.07768784727403524	0.6794726285182767	8.383382940212598e-05	0.7376344086021505	0.3633651181527619
34196841	[19,-43.0,24.0]	40.61197234193549	-74.08094640322581	0.20723552512832297	0.07768784727403524	0.6794726285182767	8.383382940212598e-05	0.7376344086021505	0.3633651181527619
35577901	[26,-27.0,1.0]	40.615048836363634	-74.08386927272727	0.20723552512832297	0.07768784727403524	0.6794726285182767	8.383382940212598e-05	0.7376344086021505	0.3633651181527619
456364072	[95,-92.0,-3.0]	40.62252004117648	-74.07241880588235	0.20723552512832297	0.07768784727403524	0.6794726285182767	8.383382940212598e-05	0.7376344086021505	0.3633651181527619
35018232	[102,-65.0,-37.0]	40.626814736363634	-74.07710612727273	0.20723552512832297	0.07768784727403524	0.6794726285182767	8.383382940212598e-05	0.7376344086021505	0.3633651181527619
455526738	[115,-75.0,-40.0]	40.62836227	-74.07551258999999	0.20723552512832297	0.07768784727403524	0.6794726285182767	8.383382940212598e-05	0.7376344086021505	0.3633651181527619
455526746	[112,-73.0,-39.0]	40.62797044736842	-74.07586376315788	0.20723552512832297	0.07768784727403524	0.6794726285182767	8.383382940212598e-05	0.7376344086021505	0.3633651181527619
477269302	[104,-61.0,-43.0]	40.627466508333335	-74.07791100833333	0.20723552512832297	0.07768784727403524	0.6794726285182767	8.383382940212598e-05	0.7376344086021505	0.3633651181527619
477269330	[88,-40.0,-48.0]	40.626508185714286	-74.08164377142857	0.20723552512832297	0.07768784727403524	0.6794726285182767	8.383382940212598e-05	0.7376344086021505	0.3633651181527619
477269355	[88,-40.0,-48.0]	40.6264973090909	-74.08155014545454	0.20723552512832297	0.07768784727403524	0.6794726285182767	8.383382940212598e-05	0.7376344086021505	0.3633651181527619
477269359	[88,-39.0,-49.0]	40.62658338666667	-74.08172932000001	0.20723552512832297	0.07768784727403524	0.6794726285182767	8.383382940212598e-05	0.7376344086021505	0.3633651181527619
477269362	[94,-38.0,-56.0]	40.62793549230769	-74.08189789230768	0.20723552512832297	0.07768784727403524	0.6794726285182767	8.383382940212598e-05	0.7376344086021505	0.3633651181527619
477269565	[97,-57.0,-40.0]	40.6265361125	-74.0785480625	0.20723552512832297	0.07768784727403524	0.6794726285182767	8.383382940212598e-05	0.7376344086021505	0.3633651181527619
477269588	[107,-60.0,-47.0]	40.628288999999995	-74.07793794615385	0.20723552512832297	0.07768784727403524	0.6794726285182767	8.383382940212598e-05	0.7376344086021505	0.3633651181527619
477269599	[105,-64.0,-41.0]	40.62739507777778	-74.07729207777777	0.20723552512832297	0.07768784727403524	0.6794726285182767	8.383382940212598e-05	0.7376344086021505	0.3633651181527619
456363909	[92,-108.0,16.0]	40.620269150000006	-74.06944092142858	0.20723552512832297	0.07768784727403524	0.6794726285182767	8.383382940212598e-05	0.7376344086021505	0.3633651181527619
240438800	[97,-61.0,-36.0]	40.62616164	-74.07783184000002	0.20723552512832297	0.07768784727403524	0.6794726285182767	8.383382940212598e-05	0.7376344086021505	0.3633651181527619
36897601	[-162,88.0,74.0]	40.58829125714286	-74.1044656142857	0.20723552512832297	0.07768784727403524	0.6794726285182767	8.383382940212598e-05	0.7376344086021505	0.3633651181527619
456294501	[103,-18.0,-85.0]	40.63172136	-74.08559677000001	0.20723552512832297	0.07768784727403524	0.6794726285182767	8.383382940212598e-05	0.7376344086021505	0.3633651181527619
35276800	[77,-53.0,-24.0]	40.6228592	-74.07928016000001	0.20723552512832297	0.07768784727403524	0.6794726285182767	8.383382940212598e-05	0.7376344086021505	0.3633651181527619
240624567	[70,-62.0,-8.0]	40.620483425	-74.07764745	0.20723552512832297	0.07768784727403524	0.6794726285182767	8.383382940212598e-05	0.7376344086021505	0.3633651181527619
240439350	[92,-62.0,-30.0]	40.624934399999994	-74.07762692142856	0.20723552512832297	0.07768784727403524	0.6794726285182767	8.383382940212598e-05	0.7376344086021505	0.3633651181527619
240438767	[75,-63.0,-12.0]	40.62142694666667	-74.07744415333333	0.20723552512832297	0.07768784727403524	0.6794726285182767	8.383382940212598e-05	0.7376344086021505	0.3633651181527619
240439262	[88,-75.0,-13.0]	40.62278417652174	-74.07534916086959	0.20723552512832297	0.07768784727403524	0.6794726285182767	8.383382940212598e-05	0.7376344086021505	0.3633651181527619
35819559	[-172,99.0,73.0]	40.58735759166667	-74.10624150833333	0.20723552512832297	0.07768784727403524	0.6794726285182767	8.383382940212598e-05	0.7376344086021505	0.3633651181527619
247652463	[-128,49.0,79.0]	40.591260999999996	-74.09743412941177	0.20723552512832297	0.07768784727403524	0.6794726285182767	8.383382940212598e-05	0.7376344086021505	0.3633651181527619
241839220	[98,-9.0,-89.0]	40.63162250277777	-74.08711849722222	0.20723552512832297	0.07768784727403524	0.6794726285182767	8.383382940212598e-05	0.7376344086021505	0.3633651181527619
240439082	[81,-56.0,-25.0]	40.62336458	-74.07869636	0.20723552512832297	0.07768784727403524	0.6794726285182767	8.383382940212598e-05	0.7376344086021505	0.3633651181527619
241816606	[73,-31.0,-42.0]	40.624212592307686	-74.08324333846154	0.20723552512832297	0.07768784727403524	0.6794726285182767	8.383382940212598e-05	0.7376344086021505	0.3633651181527619
241828339	[108,-43.0,-65.0]	40.630199235000006	-74.08118189499999	0.20723552512832297	0.07768784727403524	0.6794726285182767	8.383382940212598e-05	0.7376344086021505	0.3633651181527619
241829164	[107,-45.0,-62.0]	40.629829799999996	-74.0807764	0.20723552512832297	0.07768784727403524	0.6794726285182767	8.383382940212598e-05	0.7376344086021505	0.3633651181527619
241834025	[123,-55.0,-68.0]	40.63214983076922	-74.07892846153845	0.20723552512832297	0.07768784727403524	0.6794726285182767	8.383382940212598e-05	0.7376344086021505	0.3633651181527619
247532587	[-226,146.0,80.0]	40.58112941666667	-74.11465558333333	0.20723552512832297	0.07768784727403524	0.6794726285182767	8.383382940212598e-05	0.7376344086021505	0.3633651181527619
247532635	[-208,142.0,66.0]	40.5843786	-74.11387663333333	0.20723552512832297	0.07768784727403524	0.6794726285182767	8.383382940212598e-05	0.7376344086021505	0.3633651181527619
247658408	[-211,127.0,84.0]	40.58229668	-74.1113106	0.20723552512832297	0.07768784727403524	0.6794726285182767	8.383382940212598e-05	0.7376344086021505	0.3633651181527619
247658418	[-211,127.0,84.0]	40.582236640000005	-74.11115208	0.20723552512832297	0.07768784727403524	0.6794726285182767	8.383382940212598e-05	0.7376344086021505	0.3633651181527619
247658446	[-210,124.0,86.0]	40.58217922	-74.11076255999998	0.20723552512832297	0.07768784727403524	0.6794726285182767	8.383382940212598e-05	0.7376344086021505	0.3633651181527619
247658542	[-210,125.0,85.0]	40.58218965555555	-74.11083513333332	0.20723552512832297	0.07768784727403524	0.6794726285182767	8.383382940212598e-05	0.7376344086021505	0.3633651181527619
247658552	[-209,124.0,85.0]	40.58236252	-74.11079823	0.20723552512832297	0.07768784727403524	0.6794726285182767	8.383382940212598e-05	0.7376344086021505	0.3633651181527619
247660873	[-164,68.0,96.0]	40.585913240000004	-74.10079019999999	0.20723552512832297	0.07768784727403524	0.6794726285182767	8.383382940212598e-05	0.7376344086021505	0.3633651181527619
455526734	455526734	0
240439461	455526734	1.0
36897473	455526734	5.0
36897598	455526734	5.0
36897599	455526734	5.0
36897600	455526734	5.0
200718410	455526734	6.0
200718415	455526734	6.0
286085580	455526734	6.0
286085581	455526734	6.0
147976454	455526734	5.0
147976517	455526734	5.0
147976582	455526734	5.0
185021225	455526734	5.0
286098227	455526734	5.0
200718464	455526734	5.0
286089309	455526734	5.0
34196973	455526734	4.0
286090787	455526734	4.0
200719115	455526734	2.0
200719116	455526734	2.0
240636645	455526734	3.0
240636646	455526734	3.0
240636647	455526734	3.0
240636648	455526734	3.0
286090947	455526734	3.0
247654032	455526734	6.0
241839212	455526734	3.0
383592575	455526734	3.0
241817178	455526734	3.0
443326482	455526734	5.0
35577829	455526734	4.0
286092963	455526734	4.0
35751568	455526734	4.0
35601752	455526734	3.0
34196841	455526734	4.0
35577901	455526734	4.0
456364072	455526734	2.0
35018232	455526734	1.0
455526738	455526734	1.0
455526746	455526734	0.0
477269302	455526734	1.0
477269330	455526734	2.0
477269355	455526734	2.0
477269359	455526734	2.0
477269362	455526734	2.0
477269565	455526734	1.0
477269588	455526734	1.0
477269599	455526734	1.0
456363909	455526734	3.0
240438800	455526734	2.0
36897601	455526734	5.0
456294501	455526734	3.0
35276800	455526734	3.0
240624567	455526734	3.0
240439350	455526734	2.0
240438767	455526734	3.0
240439262	455526734	3.0
35819559	455526734	5.0
247652463	455526734	6.0
241839220	455526734	3.0
240439082	455526734	2.0
241816606	455526734	3.0
241828339	455526734	2.0
241829164	455526734	2.0
241834025	455526734	3.0
247532587	455526734	6.0
247532635	455526734	6.0
247658408	455526734	6.0
247658418	455526734	6.0
247658446	455526734	6.0
247658542	455526734	6.0
247658552	455526734	6.0
247660873	455526734	6.0
240439461	240439461	0
36897473	240439461	5.0
36897598	240439461	5.0
36897599	240439461	5.0
36897600	240439461	5.0
200718410	240439461	6.0
200718415	240439461	6.0
286085580	240439461	6.0
286085581	240439461	6.0
147976454	240439461	5.0
147976517	240439461	5.0
147976582	240439461	5.0
185021225	240439461	5.0
286098227	240439461	5.0
200718464	240439461	5.0
286089309	240439461	5.0
34196973	240439461	4.0
286090787	240439461	4.0
200719115	240439461	2.0
200719116	240439461	2.0
240636645	240439461	3.0
240636646	240439461	3.0
240636647	240439461	3.0
240636648	240439461	3.0
286090947	240439461	3.0
247654032	240439461	5.0
241839212	240439461	4.0
383592575	240439461	3.0
241817178	240439461	3.0
443326482	240439461	5.0
35577829	240439461	4.0
286092963	240439461	4.0
35751568	240439461	3.0
35601752	240439461	3.0
34196841	240439461	4.0
35577901	240439461	4.0
456364072	240439461	1.0
35018232	240439461	1.0
455526738	240439461	2.0
455526746	240439461	1.0
477269302	240439461	2.0
477269330	240439461	3.0
477269355	240439461	3.0
477269359	240439461	3.0
477269362	240439461	3.0
477269565	240439461	2.0
477269588	240439461	2.0
477269599	240439461	1.0
456363909	240439461	3.0
240438800	240439461	1.0
36897601	240439461	5.0
456294501	240439461	3.0
35276800	240439461	2.0
240624567	240439461	3.0
240439350	240439461	1.0
240438767	240439461	3.0
240439262	240439461	2.0
35819559	240439461	5.0
247652463	240439461	5.0
241839220	240439461	4.0
240439082	240439461	2.0
241816606	240439461	3.0
241828339	240439461	3.0
241829164	240439461	2.0
241834025	240439461	3.0
247532587	240439461	6.0
247532635	240439461	6.0
247658408	240439461	6.0
247658418	240439461	6.0
247658446	240439461	6.0
247658542	240439461	6.0
247658552	240439461	6.0
247660873	240439461	6.0
36897473	36897473	0
36897598	36897473	0.0
36897599	36897473	0.0
36897600	36897473	1.0
200718410	36897473	3.0
200718415	36897473	3.0
286085580	36897473	3.0
286085581	36897473	3.0
147976454	36897473	2.0
147976517	36897473	2.0
147976582	36897473	2.0
185021225	36897473	3.0
286098227	36897473	2.0
200718464	36897473	4.0
286089309	36897473	4.0
34196973	36897473	5.0
286090787	36897473	5.0
200719115	36897473	5.0
200719116	36897473	5.0
240636645	36897473	5.0
240636646	36897473	5.0
240636647	36897473	5.0
240636648	36897473	5.0
286090947	36897473	5.0
247654032	36897473	3.0
241839212	36897473	5.0
383592575	36897473	5.0
241817178	36897473	5.0
443326482	36897473	2.0
35577829	36897473	5.0
286092963	36897473	5.0
35751568	36897473	5.0
35601752	36897473	5.0
34196841	36897473	5.0
35577901	36897473	5.0
456364072	36897473	5.0
35018232	36897473	5.0
455526738	36897473	5.0
455526746	36897473	5.0
477269302	36897473	5.0
477269330	36897473	5.0
477269355	36897473	5.0
477269359	36897473	5.0
477269362	36897473	5.0
477269565	36897473	5.0
477269588	36897473	5.0
477269599	36897473	5.0
456363909	36897473	5.0
240438800	36897473	5.0
36897601	36897473	2.0
456294501	36897473	5.0
35276800	36897473	5.0
240624567	36897473	5.0
240439350	36897473	5.0
240438767	36897473	5.0
240439262	36897473	5.0
35819559	36897473	2.0
247652463	36897473	3.0
241839220	36897473	5.0
240439082	36897473	5.0
241816606	36897473	5.0
241828339	36897473	5.0
241829164	36897473	5.0
241834025	36897473	5.0
247532587	36897473	4.0
247532635	36897473	4.0
247658408	36897473	4.0
247658418	36897473	4.0
247658446	36897473	4.0
247658542	36897473	4.0
247658552	36897473	4.0
247660873	36897473	3.0
36897598	36897598	0
36897599	36897598	1.0
36897600	36897598	1.0
200718410	36897598	3.0
200718415	36897598	3.0
286085580	36897598	3.0
286085581	36897598	3.0
147976454	36897598	2.0
147976517	36897598	2.0
147976582	36897598	2.0
185021225	36897598	2.0
286098227	36897598	2.0
200718464	36897598	4.0
286089309	36897598	4.0
34196973	36897598	5.0
286090787	36897598	5.0
200719115	36897598	5.0
200719116	36897598	5.0
240636645	36897598	5.0
240636646	36897598	5.0
240636647	36897598	5.0
240636648	36897598	5.0
286090947	36897598	5.0
247654032	36897598	3.0
241839212	36897598	5.0
383592575	36897598	5.0
241817178	36897598	5.0
443326482	36897598	2.0
35577829	36897598	4.0
286092963	36897598	5.0
35751568	36897598	5.0
35601752	36897598	5.0
34196841	36897598	5.0
35577901	36897598	5.0
456364072	36897598	5.0
35018232	36897598	5.0
455526738	36897598	5.0
455526746	36897598	5.0
477269302	36897598	5.0
477269330	36897598	5.0
477269355	36897598	5.0
477269359	36897598	5.0
477269362	36897598	5.0
477269565	36897598	5.0
477269588	36897598	5.0
477269599	36897598	5.0
456363909	36897598	5.0
240438800	36897598	5.0
36897601	36897598	2.0
456294501	36897598	5.0
35276800	36897598	5.0
240624567	36897598	5.0
240439350	36897598	5.0
240438767	36897598	5.0
240439262	36897598	5.0
35819559	36897598	2.0
247652463	36897598	3.0
241839220	36897598	5.0
240439082	36897598	5.0
241816606	36897598	5.0
241828339	36897598	5.0
241829164	36897598	5.0
241834025	36897598	5.0
247532587	36897598	4.0
247532635	36897598	4.0
247658408	36897598	4.0
247658418	36897598	4.0
247658446	36897598	4.0
247658542	36897598	4.0
247658552	36897598	4.0
247660873	36897598	3.0
36897599	36897599	0
36897600	36897599	0.0
200718410	36897599	3.0
200718415	36897599	3.0
286085580	36897599	3.0
286085581	36897599	3.0
147976454	36897599	2.0
147976517	36897599	2.0
147976582	36897599	2.0
185021225	36897599	3.0
286098227	36897599	2.0
200718464	36897599	4.0
286089309	36897599	4.0
34196973	36897599	5.0
286090787	36897599	5.0
200719115	36897599	5.0
200719116	36897599	5.0
240636645	36897599	5.0
240636646	36897599	5.0
240636647	36897599	5.0
240636648	36897599	5.0
286090947	36897599	5.0
247654032	36897599	3.0
241839212	36897599	5.0
383592575	36897599	5.0
241817178	36897599	5.0
443326482	36897599	2.0
35577829	36897599	5.0
286092963	36897599	5.0
35751568	36897599	5.0
35601752	36897599	5.0
34196841	36897599	5.0
35577901	36897599	5.0
456364072	36897599	5.0
35018232	36897599	5.0
455526738	36897599	5.0
455526746	36897599	5.0
477269302	36897599	5.0
477269330	36897599	5.0
477269355	36897599	5.0
477269359	36897599	5.0
477269362	36897599	5.0
477269565	36897599	5.0
477269588	36897599	5.0
477269599	36897599	5.0
456363909	36897599	5.0
240438800	36897599	5.0
36897601	36897599	2.0
456294501	36897599	5.0
35276800	36897599	5.0
240624567	36897599	5.0
240439350	36897599	5.0
240438767	36897599	5.0
240439262	36897599	5.0
35819559	36897599	1.0
247652463	36897599	3.0
241839220	36897599	5.0
240439082	36897599	5.0
241816606	36897599	5.0
241828339	36897599	5.0
241829164	36897599	5.0
241834025	36897599	5.0
247532587	36897599	4.0
247532635	36897599	4.0
247658408	36897599	4.0
247658418	36897599	4.0
247658446	36897599	4.0
247658542	36897599	4.0
247658552	36897599	4.0
247660873	36897599	3.0
36897600	36897600	0
200718410	36897600	3.0
200718415	36897600	3.0
286085580	36897600	3.0
286085581	36897600	3.0
147976454	36897600	2.0
147976517	36897600	3.0
147976582	36897600	2.0
185021225	36897600	3.0
286098227	36897600	2.0
200718464	36897600	4.0
286089309	36897600	4.0
34196973	36897600	5.0
286090787	36897600	5.0
200719115	36897600	5.0
200719116	36897600	5.0
240636645	36897600	5.0
240636646	36897600	5.0
240636647	36897600	5.0
240636648	36897600	5.0
286090947	36897600	5.0
247654032	36897600	3.0
241839212	36897600	5.0
383592575	36897600	5.0
241817178	36897600	5.0
443326482	36897600	2.0
35577829	36897600	5.0
286092963	36897600	5.0
35751568	36897600	5.0
35601752	36897600	5.0
34196841	36897600	5.0
35577901	36897600	5.0
456364072	36897600	5.0
35018232	36897600	5.0
455526738	36897600	5.0
455526746	36897600	5.0
477269302	36897600	5.0
477269330	36897600	5.0
477269355	36897600	5.0
477269359	36897600	5.0
477269362	36897600	5.0
477269565	36897600	5.0
477269588	36897600	5.0
477269599	36897600	5.0
456363909	36897600	5.0
240438800	36897600	5.0
36897601	36897600	1.0
456294501	36897600	5.0
35276800	36897600	5.0
240624567	36897600	5.0
240439350	36897600	5.0
240438767	36897600	5.0
240439262	36897600	5.0
35819559	36897600	0.0
247652463	36897600	3.0
241839220	36897600	5.0
240439082	36897600	5.0
241816606	36897600	5.0
241828339	36897600	5.0
241829164	36897600	5.0
241834025	36897600	5.0
247532587	36897600	3.0
247532635	36897600	4.0
247658408	36897600	4.0
247658418	36897600	4.0
247658446	36897600	4.0
247658542	36897600	4.0
247658552	36897600	4.0
247660873	36897600	3.0
200718410	200718410	0
200718415	200718410	0.0
286085580	200718410	1.0
286085581	200718410	1.0
147976454	200718410	3.0
147976517	200718410	3.0
147976582	200718410	3.0
185021225	200718410	2.0
286098227	200718410	3.0
200718464	200718410	4.0
286089309	200718410	4.0
34196973	200718410	5.0
286090787	200718410	5.0
200719115	200718410	5.0
200719116	200718410	5.0
240636645	200718410	5.0
240636646	200718410	5.0
240636647	200718410	5.0
240636648	200718410	5.0
286090947	200718410	5.0
247654032	200718410	2.0
241839212	200718410	5.0
383592575	200718410	5.0
241817178	200718410	5.0
443326482	200718410	2.0
35577829	200718410	5.0
286092963	200718410	5.0
35751568	200718410	5.0
35601752	200718410	5.0
34196841	200718410	5.0
35577901	200718410	5.0
456364072	200718410	5.0
35018232	200718410	6.0
455526738	200718410	6.0
455526746	200718410	6.0
477269302	200718410	6.0
477269330	200718410	6.0
477269355	200718410	6.0
477269359	200718410	5.0
477269362	200718410	5.0
477269565	200718410	6.0
477269588	200718410	6.0
477269599	200718410	6.0
456363909	200718410	5.0
240438800	200718410	6.0
36897601	200718410	3.0
456294501	200718410	5.0
35276800	200718410	5.0
240624567	200718410	5.0
240439350	200718410	5.0
240438767	200718410	5.0
240439262	200718410	5.0
35819559	200718410	3.0
247652463	200718410	2.0
241839220	200718410	5.0
240439082	200718410	5.0
241816606	200718410	5.0
241828339	200718410	5.0
241829164	200718410	5.0
241834025	200718410	5.0
247532587	200718410	4.0
247532635	200718410	4.0
247658408	200718410	3.0
247658418	200718410	3.0
247658446	200718410	3.0
247658542	200718410	3.0
247658552	200718410	3.0
247660873	200718410	1.0
200718415	200718415	0
286085580	200718415	0.0
286085581	200718415	0.0
147976454	200718415	3.0
147976517	200718415	4.0
147976582	200718415	3.0
185021225	200718415	2.0
286098227	200718415	3.0
200718464	200718415	4.0
286089309	200718415	4.0
34196973	200718415	5.0
286090787	200718415	5.0
200719115	200718415	5.0
200719116	200718415	5.0
240636645	200718415	5.0
240636646	200718415	5.0
240636647	200718415	5.0
240636648	200718415	5.0
286090947	200718415	5.0
247654032	200718415	2.0
241839212	200718415	5.0
383592575	200718415	5.0
241817178	200718415	5.0
443326482	200718415	3.0
35577829	200718415	5.0
286092963	200718415	5.0
35751568	200718415	5.0
35601752	200718415	5.0
34196841	200718415	5.0
35577901	200718415	5.0
456364072	200718415	5.0
35018232	200718415	6.0
455526738	200718415	6.0
455526746	200718415	6.0
477269302	200718415	6.0
477269330	200718415	5.0
477269355	200718415	5.0
477269359	200718415	5.0
477269362	200718415	5.0
477269565	200718415	6.0
477269588	200718415	5.0
477269599	200718415	6.0
456363909	200718415	5.0
240438800	200718415	6.0
36897601	200718415	3.0
456294501	200718415	5.0
35276800	200718415	5.0
240624567	200718415	5.0
240439350	200718415	6.0
240438767	200718415	5.0
240439262	200718415	5.0
35819559	200718415	3.0
247652463	200718415	2.0
241839220	200718415	5.0
240439082	200718415	5.0
241816606	200718415	5.0
241828339	200718415	5.0
241829164	200718415	5.0
241834025	200718415	5.0
247532587	200718415	4.0
247532635	200718415	4.0
247658408	200718415	3.0
247658418	200718415	3.0
247658446	200718415	3.0
247658542	200718415	3.0
247658552	200718415	3.0
247660873	200718415	0.0
286085580	286085580	0
286085581	286085580	0.0
147976454	286085580	3.0
147976517	286085580	4.0
147976582	286085580	3.0
185021225	286085580	2.0
286098227	286085580	3.0
200718464	286085580	4.0
286089309	286085580	4.0
34196973	286085580	5.0
286090787	286085580	5.0
200719115	286085580	5.0
200719116	286085580	5.0
240636645	286085580	5.0
240636646	286085580	5.0
240636647	286085580	5.0
240636648	286085580	5.0
286090947	286085580	5.0
247654032	286085580	2.0
241839212	286085580	5.0
383592575	286085580	5.0
241817178	286085580	5.0
443326482	286085580	3.0
35577829	286085580	5.0
286092963	286085580	5.0
35751568	286085580	5.0
35601752	286085580	5.0
34196841	286085580	5.0
35577901	286085580	5.0
456364072	286085580	5.0
35018232	286085580	6.0
455526738	286085580	6.0
455526746	286085580	6.0
477269302	286085580	6.0
477269330	286085580	5.0
477269355	286085580	5.0
477269359	286085580	5.0
477269362	286085580	5.0
477269565	286085580	6.0
477269588	286085580	5.0
477269599	286085580	6.0
456363909	286085580	5.0
240438800	286085580	6.0
36897601	286085580	3.0
456294501	286085580	5.0
35276800	286085580	5.0
240624567	286085580	5.0
240439350	286085580	6.0
240438767	286085580	5.0
240439262	286085580	5.0
35819559	286085580	3.0
247652463	286085580	2.0
241839220	286085580	5.0
240439082	286085580	5.0
241816606	286085580	5.0
241828339	286085580	5.0
241829164	286085580	5.0
241834025	286085580	5.0
247532587	286085580	4.0
247532635	286085580	4.0
247658408	286085580	3.0
247658418	286085580	3.0
247658446	286085580	3.0
247658542	286085580	3.0
247658552	286085580	3.0
247660873	286085580	0.0
286085581	286085581	0
147976454	286085581	3.0
147976517	286085581	4.0
147976582	286085581	3.0
185021225	286085581	2.0
286098227	286085581	3.0
200718464	286085581	4.0
286089309	286085581	4.0
34196973	286085581	5.0
286090787	286085581	5.0
200719115	286085581	5.0
200719116	286085581	5.0
240636645	286085581	5.0
240636646	286085581	5.0
240636647	286085581	5.0
240636648	286085581	5.0
286090947	286085581	5.0
247654032	286085581	2.0
241839212	286085581	5.0
383592575	286085581	5.0
241817178	286085581	5.0
443326482	286085581	3.0
35577829	286085581	5.0
286092963	286085581	5.0
35751568	286085581	5.0
35601752	286085581	5.0
34196841	286085581	5.0
35577901	286085581	5.0
456364072	286085581	5.0
35018232	286085581	6.0
455526738	286085581	6.0
455526746	286085581	6.0
477269302	286085581	6.0
477269330	286085581	5.0
477269355	286085581	5.0
477269359	286085581	5.0
477269362	286085581	5.0
477269565	286085581	6.0
477269588	286085581	5.0
477269599	286085581	6.0
456363909	286085581	5.0
240438800	286085581	6.0
36897601	286085581	3.0
456294501	286085581	5.0
35276800	286085581	5.0
240624567	286085581	5.0
240439350	286085581	6.0
240438767	286085581	5.0
240439262	286085581	5.0
35819559	286085581	3.0
247652463	286085581	2.0
241839220	286085581	5.0
240439082	286085581	5.0
241816606	286085581	5.0
241828339	286085581	5.0
241829164	286085581	5.0
241834025	286085581	5.0
247532587	286085581	4.0
247532635	286085581	4.0
247658408	286085581	3.0
247658418	286085581	3.0
247658446	286085581	3.0
247658542	286085581	3.0
247658552	286085581	3.0
247660873	286085581	0.0
147976454	147976454	0
147976517	147976454	0.0
147976582	147976454	1.0
185021225	147976454	3.0
286098227	147976454	3.0
200718464	147976454	4.0
286089309	147976454	4.0
34196973	147976454	5.0
286090787	147976454	5.0
200719115	147976454	5.0
200719116	147976454	5.0
240636645	147976454	5.0
240636646	147976454	5.0
240636647	147976454	5.0
240636648	147976454	5.0
286090947	147976454	5.0
247654032	147976454	3.0
241839212	147976454	5.0
383592575	147976454	5.0
241817178	147976454	5.0
443326482	147976454	3.0
35577829	147976454	5.0
286092963	147976454	5.0
35751568	147976454	5.0
35601752	147976454	5.0
34196841	147976454	5.0
35577901	147976454	5.0
456364072	147976454	5.0
35018232	147976454	5.0
455526738	147976454	5.0
455526746	147976454	5.0
477269302	147976454	5.0
477269330	147976454	5.0
477269355	147976454	5.0
477269359	147976454	5.0
477269362	147976454	5.0
477269565	147976454	5.0
477269588	147976454	5.0
477269599	147976454	5.0
456363909	147976454	5.0
240438800	147976454	5.0
36897601	147976454	3.0
456294501	147976454	5.0
35276800	147976454	5.0
240624567	147976454	5.0
240439350	147976454	5.0
240438767	147976454	5.0
240439262	147976454	5.0
35819559	147976454	3.0
247652463	147976454	3.0
241839220	147976454	5.0
240439082	147976454	5.0
241816606	147976454	5.0
241828339	147976454	5.0
241829164	147976454	5.0
241834025	147976454	5.0
247532587	147976454	4.0
247532635	147976454	4.0
247658408	147976454	4.0
247658418	147976454	4.0
247658446	147976454	4.0
247658542	147976454	4.0
247658552	147976454	4.0
247660873	147976454	4.0
147976517	147976517	0
147976582	147976517	1.0
185021225	147976517	3.0
286098227	147976517	3.0
200718464	147976517	4.0
286089309	147976517	4.0
34196973	147976517	5.0
286090787	147976517	5.0
200719115	147976517	5.0
200719116	147976517	5.0
240636645	147976517	5.0
240636646	147976517	5.0
240636647	147976517	5.0
240636648	147976517	5.0
286090947	147976517	5.0
247654032	147976517	3.0
241839212	147976517	5.0
383592575	147976517	5.0
241817178	147976517	5.0
443326482	147976517	3.0
35577829	147976517	5.0
286092963	147976517	5.0
35751568	147976517	5.0
35601752	147976517	5.0
34196841	147976517	5.0
35577901	147976517	5.0
456364072	147976517	5.0
35018232	147976517	5.0
455526738	147976517	5.0
455526746	147976517	5.0
477269302	147976517	5.0
477269330	147976517	5.0
477269355	147976517	5.0
477269359	147976517	5.0
477269362	147976517	5.0
477269565	147976517	5.0
477269588	147976517	5.0
477269599	147976517	5.0
456363909	147976517	6.0
240438800	147976517	5.0
36897601	147976517	3.0
456294501	147976517	5.0
35276800	147976517	5.0
240624567	147976517	5.0
240439350	147976517	5.0
240438767	147976517	5.0
240439262	147976517	5.0
35819559	147976517	3.0
247652463	147976517	4.0
241839220	147976517	5.0
240439082	147976517	5.0
241816606	147976517	5.0
241828339	147976517	5.0
241829164	147976517	5.0
241834025	147976517	6.0
247532587	147976517	4.0
247532635	147976517	4.0
247658408	147976517	4.0
247658418	147976517	4.0
247658446	147976517	4.0
247658542	147976517	4.0
247658552	147976517	4.0
247660873	147976517	4.0
147976582	147976582	0
185021225	147976582	3.0
286098227	147976582	2.0
200718464	147976582	4.0
286089309	147976582	4.0
34196973	147976582	5.0
286090787	147976582	5.0
200719115	147976582	5.0
200719116	147976582	5.0
240636645	147976582	5.0
240636646	147976582	5.0
240636647	147976582	5.0
240636648	147976582	5.0
286090947	147976582	5.0
247654032	147976582	3.0
241839212	147976582	5.0
383592575	147976582	5.0
241817178	147976582	5.0
443326482	147976582	3.0
35577829	147976582	5.0
286092963	147976582	5.0
35751568	147976582	5.0
35601752	147976582	5.0
34196841	147976582	5.0
35577901	147976582	5.0
456364072	147976582	5.0
35018232	147976582	5.0
455526738	147976582	5.0
455526746	147976582	5.0
477269302	147976582	5.0
477269330	147976582	5.0
477269355	147976582	5.0
477269359	147976582	5.0
477269362	147976582	5.0
477269565	147976582	5.0
477269588	147976582	5.0
477269599	147976582	5.0
456363909	147976582	5.0
240438800	147976582	5.0
36897601	147976582	3.0
456294501	147976582	5.0
35276800	147976582	5.0
240624567	147976582	5.0
240439350	147976582	5.0
240438767	147976582	5.0
240439262	147976582	5.0
35819559	147976582	3.0
247652463	147976582	3.0
241839220	147976582	5.0
240439082	147976582	5.0
241816606	147976582	5.0
241828339	147976582	5.0
241829164	147976582	5.0
241834025	147976582	5.0
247532587	147976582	4.0
247532635	147976582	4.0
247658408	147976582	4.0
247658418	147976582	4.0
247658446	147976582	4.0
247658542	147976582	4.0
247658552	147976582	4.0
247660873	147976582	4.0
185021225	185021225	0
286098227	185021225	3.0
200718464	185021225	4.0
286089309	185021225	4.0
34196973	185021225	4.0
286090787	185021225	5.0
200719115	185021225	5.0
200719116	185021225	5.0
240636645	185021225	5.0
240636646	185021225	5.0
240636647	185021225	5.0
240636648	185021225	5.0
286090947	185021225	5.0
247654032	185021225	0.0
241839212	185021225	5.0
383592575	185021225	5.0
241817178	185021225	5.0
443326482	185021225	1.0
35577829	185021225	4.0
286092963	185021225	5.0
35751568	185021225	5.0
35601752	185021225	5.0
34196841	185021225	5.0
35577901	185021225	5.0
456364072	185021225	5.0
35018232	185021225	5.0
455526738	185021225	5.0
455526746	185021225	5.0
477269302	185021225	5.0
477269330	185021225	5.0
477269355	185021225	5.0
477269359	185021225	5.0
477269362	185021225	5.0
477269565	185021225	5.0
477269588	185021225	5.0
477269599	185021225	5.0
456363909	185021225	5.0
240438800	185021225	5.0
36897601	185021225	2.0
456294501	185021225	5.0
35276800	185021225	5.0
240624567	185021225	5.0
240439350	185021225	5.0
240438767	185021225	5.0
240439262	185021225	5.0
35819559	185021225	3.0
247652463	185021225	1.0
241839220	185021225	5.0
240439082	185021225	5.0
241816606	185021225	5.0
241828339	185021225	5.0
241829164	185021225	5.0
241834025	185021225	5.0
247532587	185021225	4.0
247532635	185021225	4.0
247658408	185021225	4.0
247658418	185021225	4.0
247658446	185021225	4.0
247658542	185021225	4.0
247658552	185021225	4.0
247660873	185021225	2.0
286098227	286098227	0
200718464	286098227	4.0
286089309	286098227	4.0
34196973	286098227	5.0
286090787	286098227	5.0
200719115	286098227	5.0
200719116	286098227	5.0
240636645	286098227	5.0
240636646	286098227	5.0
240636647	286098227	5.0
240636648	286098227	5.0
286090947	286098227	5.0
247654032	286098227	3.0
241839212	286098227	5.0
383592575	286098227	5.0
241817178	286098227	5.0
443326482	286098227	3.0
35577829	286098227	5.0
286092963	286098227	5.0
35751568	286098227	5.0
35601752	286098227	5.0
34196841	286098227	5.0
35577901	286098227	5.0
456364072	286098227	5.0
35018232	286098227	5.0
455526738	286098227	5.0
455526746	286098227	5.0
477269302	286098227	5.0
477269330	286098227	5.0
477269355	286098227	5.0
477269359	286098227	5.0
477269362	286098227	5.0
477269565	286098227	5.0
477269588	286098227	5.0
477269599	286098227	5.0
456363909	286098227	5.0
240438800	286098227	5.0
36897601	286098227	3.0
456294501	286098227	5.0
35276800	286098227	5.0
240624567	286098227	5.0
240439350	286098227	5.0
240438767	286098227	5.0
240439262	286098227	5.0
35819559	286098227	3.0
247652463	286098227	3.0
241839220	286098227	6.0
240439082	286098227	5.0
241816606	286098227	5.0
241828339	286098227	5.0
241829164	286098227	5.0
241834025	286098227	5.0
247532587	286098227	4.0
247532635	286098227	4.0
247658408	286098227	4.0
247658418	286098227	4.0
247658446	286098227	4.0
247658542	286098227	4.0
247658552	286098227	4.0
247660873	286098227	3.0
200718464	200718464	0
286089309	200718464	1.0
34196973	200718464	4.0
286090787	200718464	5.0
200719115	200718464	5.0
200719116	200718464	4.0
240636645	200718464	5.0
240636646	200718464	4.0
240636647	200718464	5.0
240636648	200718464	4.0
286090947	200718464	5.0
247654032	200718464	4.0
241839212	200718464	5.0
383592575	200718464	4.0
241817178	200718464	4.0
443326482	200718464	4.0
35577829	200718464	3.0
286092963	200718464	4.0
35751568	200718464	4.0
35601752	200718464	5.0
34196841	200718464	4.0
35577901	200718464	4.0
456364072	200718464	5.0
35018232	200718464	5.0
455526738	200718464	5.0
455526746	200718464	5.0
477269302	200718464	5.0
477269330	200718464	5.0
477269355	200718464	5.0
477269359	200718464	5.0
477269362	200718464	5.0
477269565	200718464	5.0
477269588	200718464	5.0
477269599	200718464	5.0
456363909	200718464	5.0
240438800	200718464	5.0
36897601	200718464	4.0
456294501	200718464	5.0
35276800	200718464	4.0
240624567	200718464	4.0
240439350	200718464	5.0
240438767	200718464	4.0
240439262	200718464	4.0
35819559	200718464	4.0
247652463	200718464	4.0
241839220	200718464	5.0
240439082	200718464	4.0
241816606	200718464	4.0
241828339	200718464	5.0
241829164	200718464	5.0
241834025	200718464	5.0
247532587	200718464	5.0
247532635	200718464	5.0
247658408	200718464	4.0
247658418	200718464	4.0
247658446	200718464	4.0
247658542	200718464	4.0
247658552	200718464	4.0
247660873	200718464	4.0
286089309	286089309	0
34196973	286089309	3.0
286090787	286089309	5.0
200719115	286089309	5.0
200719116	286089309	5.0
240636645	286089309	5.0
240636646	286089309	5.0
240636647	286089309	5.0
240636648	286089309	5.0
286090947	286089309	5.0
247654032	286089309	4.0
241839212	286089309	5.0
383592575	286089309	5.0
241817178	286089309	4.0
443326482	286089309	4.0
35577829	286089309	4.0
286092963	286089309	4.0
35751568	286089309	4.0
35601752	286089309	5.0
34196841	286089309	4.0
35577901	286089309	4.0
456364072	286089309	5.0
35018232	286089309	5.0
455526738	286089309	5.0
455526746	286089309	5.0
477269302	286089309	5.0
477269330	286089309	5.0
477269355	286089309	5.0
477269359	286089309	5.0
477269362	286089309	5.0
477269565	286089309	5.0
477269588	286089309	5.0
477269599	286089309	5.0
456363909	286089309	5.0
240438800	286089309	5.0
36897601	286089309	4.0
456294501	286089309	5.0
35276800	286089309	5.0
240624567	286089309	5.0
240439350	286089309	5.0
240438767	286089309	5.0
240439262	286089309	5.0
35819559	286089309	4.0
247652463	286089309	4.0
241839220	286089309	5.0
240439082	286089309	5.0
241816606	286089309	4.0
241828339	286089309	5.0
241829164	286089309	5.0
241834025	286089309	5.0
247532587	286089309	5.0
247532635	286089309	5.0
247658408	286089309	5.0
247658418	286089309	5.0
247658446	286089309	5.0
247658542	286089309	5.0
247658552	286089309	5.0
247660873	286089309	4.0
34196973	34196973	0
286090787	34196973	4.0
200719115	34196973	4.0
200719116	34196973	4.0
240636645	34196973	4.0
240636646	34196973	3.0
240636647	34196973	4.0
240636648	34196973	3.0
286090947	34196973	4.0
247654032	34196973	4.0
241839212	34196973	4.0
383592575	34196973	4.0
241817178	34196973	3.0
443326482	34196973	4.0
35577829	34196973	2.0
286092963	34196973	0.0
35751568	34196973	3.0
35601752	34196973	4.0
34196841	34196973	4.0
35577901	34196973	2.0
456364072	34196973	4.0
35018232	34196973	4.0
455526738	34196973	4.0
455526746	34196973	4.0
477269302	34196973	4.0
477269330	34196973	4.0
477269355	34196973	4.0
477269359	34196973	4.0
477269362	34196973	4.0
477269565	34196973	4.0
477269588	34196973	4.0
477269599	34196973	4.0
456363909	34196973	4.0
240438800	34196973	4.0
36897601	34196973	5.0
456294501	34196973	4.0
35276800	34196973	4.0
240624567	34196973	3.0
240439350	34196973	4.0
240438767	34196973	4.0
240439262	34196973	4.0
35819559	34196973	5.0
247652463	34196973	5.0
241839220	34196973	5.0
240439082	34196973	4.0
241816606	34196973	3.0
241828339	34196973	4.0
241829164	34196973	4.0
241834025	34196973	4.0
247532587	34196973	5.0
247532635	34196973	5.0
247658408	34196973	5.0
247658418	34196973	5.0
247658446	34196973	5.0
247658542	34196973	5.0
247658552	34196973	5.0
247660873	34196973	5.0
286090787	286090787	0
200719115	286090787	4.0
200719116	286090787	4.0
240636645	286090787	4.0
240636646	286090787	4.0
240636647	286090787	4.0
240636648	286090787	4.0
286090947	286090787	4.0
247654032	286090787	5.0
241839212	286090787	3.0
383592575	286090787	4.0
241817178	286090787	4.0
443326482	286090787	5.0
35577829	286090787	4.0
286092963	286090787	4.0
35751568	286090787	4.0
35601752	286090787	4.0
34196841	286090787	4.0
35577901	286090787	4.0
456364072	286090787	4.0
35018232	286090787	4.0
455526738	286090787	4.0
455526746	286090787	4.0
477269302	286090787	4.0
477269330	286090787	4.0
477269355	286090787	4.0
477269359	286090787	4.0
477269362	286090787	4.0
477269565	286090787	4.0
477269588	286090787	3.0
477269599	286090787	4.0
456363909	286090787	4.0
240438800	286090787	4.0
36897601	286090787	5.0
456294501	286090787	3.0
35276800	286090787	4.0
240624567	286090787	4.0
240439350	286090787	4.0
240438767	286090787	4.0
240439262	286090787	4.0
35819559	286090787	5.0
247652463	286090787	5.0
241839220	286090787	3.0
240439082	286090787	4.0
241816606	286090787	4.0
241828339	286090787	3.0
241829164	286090787	3.0
241834025	286090787	3.0
247532587	286090787	6.0
247532635	286090787	6.0
247658408	286090787	6.0
247658418	286090787	6.0
247658446	286090787	6.0
247658542	286090787	6.0
247658552	286090787	6.0
247660873	286090787	5.0
200719115	200719115	0
200719116	200719115	1.0
240636645	200719115	2.0
240636646	200719115	2.0
240636647	200719115	2.0
240636648	200719115	2.0
286090947	200719115	2.0
247654032	200719115	5.0
241839212	200719115	4.0
383592575	200719115	2.0
241817178	200719115	1.0
443326482	200719115	5.0
35577829	200719115	4.0
286092963	200719115	4.0
35751568	200719115	3.0
35601752	200719115	3.0
34196841	200719115	4.0
35577901	200719115	3.0
456364072	200719115	3.0
35018232	200719115	2.0
455526738	200719115	3.0
455526746	200719115	2.0
477269302	200719115	2.0
477269330	200719115	1.0
477269355	200719115	1.0
477269359	200719115	1.0
477269362	200719115	2.0
477269565	200719115	1.0
477269588	200719115	2.0
477269599	200719115	2.0
456363909	200719115	3.0
240438800	200719115	2.0
36897601	200719115	5.0
456294501	200719115	3.0
35276800	200719115	1.0
240624567	200719115	2.0
240439350	200719115	1.0
240438767	200719115	2.0
240439262	200719115	3.0
35819559	200719115	5.0
247652463	200719115	5.0
241839220	200719115	4.0
240439082	200719115	1.0
241816606	200719115	2.0
241828339	200719115	3.0
241829164	200719115	3.0
241834025	200719115	3.0
247532587	200719115	6.0
247532635	200719115	6.0
247658408	200719115	6.0
247658418	200719115	6.0
247658446	200719115	6.0
247658542	200719115	6.0
247658552	200719115	6.0
247660873	200719115	5.0
200719116	200719116	0
240636645	200719116	2.0
240636646	200719116	1.0
240636647	200719116	2.0
240636648	200719116	1.0
286090947	200719116	2.0
247654032	200719116	5.0
241839212	200719116	4.0
383592575	200719116	1.0
241817178	200719116	2.0
443326482	200719116	5.0
35577829	200719116	4.0
286092963	200719116	3.0
35751568	200719116	3.0
35601752	200719116	3.0
34196841	200719116	3.0
35577901	200719116	3.0
456364072	200719116	3.0
35018232	200719116	2.0
455526738	200719116	3.0
455526746	200719116	2.0
477269302	200719116	2.0
477269330	200719116	2.0
477269355	200719116	2.0
477269359	200719116	2.0
477269362	200719116	2.0
477269565	200719116	2.0
477269588	200719116	2.0
477269599	200719116	2.0
456363909	200719116	3.0
240438800	200719116	2.0
36897601	200719116	5.0
456294501	200719116	4.0
35276800	200719116	0.0
240624567	200719116	1.0
240439350	200719116	1.0
240438767	200719116	1.0
240439262	200719116	2.0
35819559	200719116	5.0
247652463	200719116	5.0
241839220	200719116	4.0
240439082	200719116	0.0
241816606	200719116	2.0
241828339	200719116	3.0
241829164	200719116	3.0
241834025	200719116	3.0
247532587	200719116	6.0
247532635	200719116	6.0
247658408	200719116	6.0
247658418	200719116	6.0
247658446	200719116	6.0
247658542	200719116	6.0
247658552	200719116	6.0
247660873	200719116	5.0
240636645	240636645	0
240636646	240636645	1.0
240636647	240636645	0.0
240636648	240636645	1.0
286090947	240636645	0.0
247654032	240636645	5.0
241839212	240636645	4.0
383592575	240636645	0.0
241817178	240636645	2.0
443326482	240636645	5.0
35577829	240636645	4.0
286092963	240636645	3.0
35751568	240636645	3.0
35601752	240636645	3.0
34196841	240636645	4.0
35577901	240636645	3.0
456364072	240636645	3.0
35018232	240636645	3.0
455526738	240636645	3.0
455526746	240636645	3.0
477269302	240636645	3.0
477269330	240636645	3.0
477269355	240636645	3.0
477269359	240636645	3.0
477269362	240636645	3.0
477269565	240636645	3.0
477269588	240636645	3.0
477269599	240636645	3.0
456363909	240636645	3.0
240438800	240636645	3.0
36897601	240636645	5.0
456294501	240636645	4.0
35276800	240636645	1.0
240624567	240636645	2.0
240439350	240636645	2.0
240438767	240636645	1.0
240439262	240636645	3.0
35819559	240636645	5.0
247652463	240636645	5.0
241839220	240636645	4.0
240439082	240636645	2.0
241816606	240636645	3.0
241828339	240636645	3.0
241829164	240636645	3.0
241834025	240636645	4.0
247532587	240636645	6.0
247532635	240636645	6.0
247658408	240636645	6.0
247658418	240636645	6.0
247658446	240636645	6.0
247658542	240636645	6.0
247658552	240636645	6.0
247660873	240636645	5.0
240636646	240636646	0
240636647	240636646	1.0
240636648	240636646	0.0
286090947	240636646	1.0
247654032	240636646	5.0
241839212	240636646	4.0
383592575	240636646	0.0
241817178	240636646	2.0
443326482	240636646	5.0
35577829	240636646	4.0
286092963	240636646	3.0
35751568	240636646	2.0
35601752	240636646	3.0
34196841	240636646	4.0
35577901	240636646	3.0
456364072	240636646	3.0
35018232	240636646	3.0
455526738	240636646	3.0
455526746	240636646	3.0
477269302	240636646	3.0
477269330	240636646	3.0
477269355	240636646	3.0
477269359	240636646	3.0
477269362	240636646	3.0
477269565	240636646	2.0
477269588	240636646	3.0
477269599	240636646	3.0
456363909	240636646	3.0
240438800	240636646	3.0
36897601	240636646	5.0
456294501	240636646	4.0
35276800	240636646	1.0
240624567	240636646	1.0
240439350	240636646	2.0
240438767	240636646	1.0
240439262	240636646	3.0
35819559	240636646	5.0
247652463	240636646	5.0
241839220	240636646	4.0
240439082	240636646	1.0
241816606	240636646	2.0
241828339	240636646	3.0
241829164	240636646	3.0
241834025	240636646	4.0
247532587	240636646	6.0
247532635	240636646	6.0
247658408	240636646	6.0
247658418	240636646	6.0
247658446	240636646	6.0
247658542	240636646	6.0
247658552	240636646	6.0
247660873	240636646	5.0
240636647	240636647	0
240636648	240636647	1.0
286090947	240636647	0.0
247654032	240636647	5.0
241839212	240636647	4.0
383592575	240636647	0.0
241817178	240636647	2.0
443326482	240636647	5.0
35577829	240636647	4.0
286092963	240636647	3.0
35751568	240636647	3.0
35601752	240636647	3.0
34196841	240636647	4.0
35577901	240636647	3.0
456364072	240636647	3.0
35018232	240636647	3.0
455526738	240636647	3.0
455526746	240636647	3.0
477269302	240636647	3.0
477269330	240636647	3.0
477269355	240636647	3.0
477269359	240636647	3.0
477269362	240636647	3.0
477269565	240636647	3.0
477269588	240636647	3.0
477269599	240636647	3.0
456363909	240636647	3.0
240438800	240636647	3.0
36897601	240636647	5.0
456294501	240636647	4.0
35276800	240636647	1.0
240624567	240636647	2.0
240439350	240636647	2.0
240438767	240636647	1.0
240439262	240636647	3.0
35819559	240636647	5.0
247652463	240636647	5.0
241839220	240636647	4.0
240439082	240636647	2.0
241816606	240636647	3.0
241828339	240636647	3.0
241829164	240636647	3.0
241834025	240636647	4.0
247532587	240636647	6.0
247532635	240636647	6.0
247658408	240636647	6.0
247658418	240636647	6.0
247658446	240636647	6.0
247658542	240636647	6.0
247658552	240636647	6.0
247660873	240636647	5.0
240636648	240636648	0
286090947	240636648	1.0
247654032	240636648	5.0
241839212	240636648	4.0
383592575	240636648	0.0
241817178	240636648	2.0
443326482	240636648	5.0
35577829	240636648	4.0
286092963	240636648	3.0
35751568	240636648	2.0
35601752	240636648	3.0
34196841	240636648	4.0
35577901	240636648	3.0
456364072	240636648	3.0
35018232	240636648	3.0
455526738	240636648	3.0
455526746	240636648	3.0
477269302	240636648	3.0
477269330	240636648	3.0
477269355	240636648	3.0
477269359	240636648	3.0
477269362	240636648	3.0
477269565	240636648	3.0
477269588	240636648	3.0
477269599	240636648	3.0
456363909	240636648	3.0
240438800	240636648	3.0
36897601	240636648	5.0
456294501	240636648	4.0
35276800	240636648	1.0
240624567	240636648	1.0
240439350	240636648	2.0
240438767	240636648	1.0
240439262	240636648	3.0
35819559	240636648	5.0
247652463	240636648	5.0
241839220	240636648	4.0
240439082	240636648	1.0
241816606	240636648	2.0
241828339	240636648	3.0
241829164	240636648	3.0
241834025	240636648	4.0
247532587	240636648	6.0
247532635	240636648	6.0
247658408	240636648	6.0
247658418	240636648	6.0
247658446	240636648	6.0
247658542	240636648	6.0
247658552	240636648	6.0
247660873	240636648	5.0
286090947	286090947	0
247654032	286090947	5.0
241839212	286090947	4.0
383592575	286090947	0.0
241817178	286090947	2.0
443326482	286090947	5.0
35577829	286090947	4.0
286092963	286090947	3.0
35751568	286090947	3.0
35601752	286090947	3.0
34196841	286090947	4.0
35577901	286090947	3.0
456364072	286090947	3.0
35018232	286090947	3.0
455526738	286090947	3.0
455526746	286090947	3.0
477269302	286090947	3.0
477269330	286090947	3.0
477269355	286090947	3.0
477269359	286090947	3.0
477269362	286090947	3.0
477269565	286090947	3.0
477269588	286090947	3.0
477269599	286090947	3.0
456363909	286090947	3.0
240438800	286090947	3.0
36897601	286090947	5.0
456294501	286090947	4.0
35276800	286090947	1.0
240624567	286090947	2.0
240439350	286090947	2.0
240438767	286090947	1.0
240439262	286090947	3.0
35819559	286090947	5.0
247652463	286090947	5.0
241839220	286090947	4.0
240439082	286090947	2.0
241816606	286090947	3.0
241828339	286090947	3.0
241829164	286090947	3.0
241834025	286090947	4.0
247532587	286090947	6.0
247532635	286090947	6.0
247658408	286090947	6.0
247658418	286090947	6.0
247658446	286090947	6.0
247658542	286090947	6.0
247658552	286090947	6.0
247660873	286090947	5.0
247654032	247654032	0
241839212	247654032	5.0
383592575	247654032	5.0
241817178	247654032	5.0
443326482	247654032	1.0
35577829	247654032	4.0
286092963	247654032	5.0
35751568	247654032	5.0
35601752	247654032	5.0
34196841	247654032	5.0
35577901	247654032	5.0
456364072	247654032	5.0
35018232	247654032	5.0
455526738	247654032	6.0
455526746	247654032	6.0
477269302	247654032	5.0
477269330	247654032	5.0
477269355	247654032	5.0
477269359	247654032	5.0
477269362	247654032	5.0
477269565	247654032	5.0
477269588	247654032	5.0
477269599	247654032	6.0
456363909	247654032	5.0
240438800	247654032	5.0
36897601	247654032	3.0
456294501	247654032	5.0
35276800	247654032	5.0
240624567	247654032	5.0
240439350	247654032	5.0
240438767	247654032	5.0
240439262	247654032	5.0
35819559	247654032	3.0
247652463	247654032	0.0
241839220	247654032	5.0
240439082	247654032	5.0
241816606	247654032	5.0
241828339	247654032	5.0
241829164	247654032	5.0
241834025	247654032	5.0
247532587	247654032	4.0
247532635	247654032	4.0
247658408	247654032	4.0
247658418	247654032	4.0
247658446	247654032	4.0
247658542	247654032	4.0
247658552	247654032	4.0
247660873	247654032	2.0
241839212	241839212	0
383592575	241839212	4.0
241817178	241839212	3.0
443326482	241839212	5.0
35577829	241839212	4.0
286092963	241839212	4.0
35751568	241839212	4.0
35601752	241839212	3.0
34196841	241839212	4.0
35577901	241839212	4.0
456364072	241839212	4.0
35018232	241839212	3.0
455526738	241839212	3.0
455526746	241839212	3.0
477269302	241839212	3.0
477269330	241839212	3.0
477269355	241839212	3.0
477269359	241839212	3.0
477269362	241839212	3.0
477269565	241839212	3.0
477269588	241839212	3.0
477269599	241839212	3.0
456363909	241839212	4.0
240438800	241839212	4.0
36897601	241839212	5.0
456294501	241839212	1.0
35276800	241839212	4.0
240624567	241839212	4.0
240439350	241839212	4.0
240438767	241839212	4.0
240439262	241839212	4.0
35819559	241839212	5.0
247652463	241839212	5.0
241839220	241839212	1.0
240439082	241839212	4.0
241816606	241839212	3.0
241828339	241839212	3.0
241829164	241839212	3.0
241834025	241839212	3.0
247532587	241839212	6.0
247532635	241839212	6.0
247658408	241839212	6.0
247658418	241839212	6.0
247658446	241839212	6.0
247658542	241839212	6.0
247658552	241839212	6.0
247660873	241839212	5.0
383592575	383592575	0
241817178	383592575	2.0
443326482	383592575	5.0
35577829	383592575	4.0
286092963	383592575	3.0
35751568	383592575	3.0
35601752	383592575	3.0
34196841	383592575	4.0
35577901	383592575	3.0
456364072	383592575	3.0
35018232	383592575	3.0
455526738	383592575	3.0
455526746	383592575	3.0
477269302	383592575	3.0
477269330	383592575	3.0
477269355	383592575	3.0
477269359	383592575	3.0
477269362	383592575	3.0
477269565	383592575	2.0
477269588	383592575	3.0
477269599	383592575	3.0
456363909	383592575	3.0
240438800	383592575	3.0
36897601	383592575	5.0
456294501	383592575	4.0
35276800	383592575	1.0
240624567	383592575	1.0
240439350	383592575	2.0
240438767	383592575	1.0
240439262	383592575	2.0
35819559	383592575	5.0
247652463	383592575	5.0
241839220	383592575	4.0
240439082	383592575	1.0
241816606	383592575	2.0
241828339	383592575	3.0
241829164	383592575	3.0
241834025	383592575	4.0
247532587	383592575	6.0
247532635	383592575	6.0
247658408	383592575	6.0
247658418	383592575	6.0
247658446	383592575	6.0
247658542	383592575	6.0
247658552	383592575	6.0
247660873	383592575	5.0
241817178	241817178	0
443326482	241817178	5.0
35577829	241817178	4.0
286092963	241817178	3.0
35751568	241817178	2.0
35601752	241817178	2.0
34196841	241817178	4.0
35577901	241817178	3.0
456364072	241817178	3.0
35018232	241817178	2.0
455526738	241817178	3.0
455526746	241817178	3.0
477269302	241817178	3.0
477269330	241817178	2.0
477269355	241817178	1.0
477269359	241817178	1.0
477269362	241817178	2.0
477269565	241817178	2.0
477269588	241817178	3.0
477269599	241817178	3.0
456363909	241817178	4.0
240438800	241817178	2.0
36897601	241817178	5.0
456294501	241817178	3.0
35276800	241817178	2.0
240624567	241817178	3.0
240439350	241817178	2.0
240438767	241817178	2.0
240439262	241817178	3.0
35819559	241817178	5.0
247652463	241817178	5.0
241839220	241817178	3.0
240439082	241817178	2.0
241816606	241817178	1.0
241828339	241817178	3.0
241829164	241817178	2.0
241834025	241817178	3.0
247532587	241817178	5.0
247532635	241817178	6.0
247658408	241817178	5.0
247658418	241817178	5.0
247658446	241817178	5.0
247658542	241817178	5.0
247658552	241817178	5.0
247660873	241817178	5.0
443326482	443326482	0
35577829	443326482	4.0
286092963	443326482	4.0
35751568	443326482	5.0
35601752	443326482	5.0
34196841	443326482	5.0
35577901	443326482	4.0
456364072	443326482	5.0
35018232	443326482	5.0
455526738	443326482	5.0
455526746	443326482	5.0
477269302	443326482	5.0
477269330	443326482	5.0
477269355	443326482	5.0
477269359	443326482	5.0
477269362	443326482	5.0
477269565	443326482	5.0
477269588	443326482	5.0
477269599	443326482	5.0
456363909	443326482	5.0
240438800	443326482	5.0
36897601	443326482	2.0
456294501	443326482	5.0
35276800	443326482	5.0
240624567	443326482	5.0
240439350	443326482	5.0
240438767	443326482	5.0
240439262	443326482	5.0
35819559	443326482	3.0
247652463	443326482	2.0
241839220	443326482	5.0
240439082	443326482	5.0
241816606	443326482	5.0
241828339	443326482	5.0
241829164	443326482	5.0
241834025	443326482	5.0
247532587	443326482	4.0
247532635	443326482	4.0
247658408	443326482	3.0
247658418	443326482	3.0
247658446	443326482	3.0
247658542	443326482	3.0
247658552	443326482	3.0
247660873	443326482	3.0
35577829	35577829	0
286092963	35577829	2.0
35751568	35577829	3.0
35601752	35577829	4.0
34196841	35577829	4.0
35577901	35577829	3.0
456364072	35577829	4.0
35018232	35577829	4.0
455526738	35577829	4.0
455526746	35577829	4.0
477269302	35577829	4.0
477269330	35577829	4.0
477269355	35577829	4.0
477269359	35577829	4.0
477269362	35577829	4.0
477269565	35577829	4.0
477269588	35577829	4.0
477269599	35577829	4.0
456363909	35577829	4.0
240438800	35577829	4.0
36897601	35577829	4.0
456294501	35577829	4.0
35276800	35577829	4.0
240624567	35577829	3.0
240439350	35577829	4.0
240438767	35577829	4.0
240439262	35577829	4.0
35819559	35577829	5.0
247652463	35577829	4.0
241839220	35577829	4.0
240439082	35577829	4.0
241816606	35577829	4.0
241828339	35577829	4.0
241829164	35577829	4.0
241834025	35577829	4.0
247532587	35577829	5.0
247532635	35577829	5.0
247658408	35577829	5.0
247658418	35577829	5.0
247658446	35577829	5.0
247658542	35577829	5.0
247658552	35577829	5.0
247660873	35577829	5.0
286092963	286092963	0
35751568	286092963	2.0
35601752	286092963	4.0
34196841	286092963	4.0
35577901	286092963	1.0
456364072	286092963	4.0
35018232	286092963	4.0
455526738	286092963	4.0
455526746	286092963	4.0
477269302	286092963	4.0
477269330	286092963	4.0
477269355	286092963	4.0
477269359	286092963	4.0
477269362	286092963	4.0
477269565	286092963	4.0
477269588	286092963	4.0
477269599	286092963	4.0
456363909	286092963	4.0
240438800	286092963	4.0
36897601	286092963	5.0
456294501	286092963	4.0
35276800	286092963	3.0
240624567	286092963	3.0
240439350	286092963	4.0
240438767	286092963	3.0
240439262	286092963	3.0
35819559	286092963	5.0
247652463	286092963	5.0
241839220	286092963	4.0
240439082	286092963	3.0
241816606	286092963	3.0
241828339	286092963	4.0
241829164	286092963	4.0
241834025	286092963	4.0
247532587	286092963	5.0
247532635	286092963	5.0
247658408	286092963	5.0
247658418	286092963	5.0
247658446	286092963	5.0
247658542	286092963	5.0
247658552	286092963	5.0
247660873	286092963	5.0
35751568	35751568	0
35601752	35751568	3.0
34196841	35751568	3.0
35577901	35751568	2.0
456364072	35751568	3.0
35018232	35751568	3.0
455526738	35751568	4.0
455526746	35751568	4.0
477269302	35751568	4.0
477269330	35751568	3.0
477269355	35751568	3.0
477269359	35751568	3.0
477269362	35751568	3.0
477269565	35751568	3.0
477269588	35751568	4.0
477269599	35751568	4.0
456363909	35751568	4.0
240438800	35751568	3.0
36897601	35751568	5.0
456294501	35751568	4.0
35276800	35751568	3.0
240624567	35751568	3.0
240439350	35751568	3.0
240438767	35751568	3.0
240439262	35751568	3.0
35819559	35751568	5.0
247652463	35751568	5.0
241839220	35751568	4.0
240439082	35751568	3.0
241816606	35751568	2.0
241828339	35751568	4.0
241829164	35751568	3.0
241834025	35751568	4.0
247532587	35751568	5.0
247532635	35751568	5.0
247658408	35751568	5.0
247658418	35751568	5.0
247658446	35751568	5.0
247658542	35751568	5.0
247658552	35751568	5.0
247660873	35751568	5.0
35601752	35601752	0
34196841	35601752	4.0
35577901	35601752	4.0
456364072	35601752	4.0
35018232	35601752	3.0
455526738	35601752	4.0
455526746	35601752	3.0
477269302	35601752	3.0
477269330	35601752	3.0
477269355	35601752	3.0
477269359	35601752	3.0
477269362	35601752	3.0
477269565	35601752	3.0
477269588	35601752	3.0
477269599	35601752	3.0
456363909	35601752	4.0
240438800	35601752	3.0
36897601	35601752	5.0
456294501	35601752	3.0
35276800	35601752	3.0
240624567	35601752	3.0
240439350	35601752	3.0
240438767	35601752	3.0
240439262	35601752	4.0
35819559	35601752	5.0
247652463	35601752	5.0
241839220	35601752	3.0
240439082	35601752	3.0
241816606	35601752	2.0
241828339	35601752	3.0
241829164	35601752	3.0
241834025	35601752	3.0
247532587	35601752	6.0
247532635	35601752	6.0
247658408	35601752	5.0
247658418	35601752	5.0
247658446	35601752	5.0
247658542	35601752	5.0
247658552	35601752	5.0
247660873	35601752	5.0
34196841	34196841	0
35577901	34196841	3.0
456364072	34196841	3.0
35018232	34196841	4.0
455526738	34196841	4.0
455526746	34196841	4.0
477269302	34196841	4.0
477269330	34196841	4.0
477269355	34196841	4.0
477269359	34196841	4.0
477269362	34196841	4.0
477269565	34196841	4.0
477269588	34196841	4.0
477269599	34196841	4.0
456363909	34196841	4.0
240438800	34196841	4.0
36897601	34196841	5.0
456294501	34196841	4.0
35276800	34196841	3.0
240624567	34196841	3.0
240439350	34196841	4.0
240438767	34196841	3.0
240439262	34196841	3.0
35819559	34196841	5.0
247652463	34196841	5.0
241839220	34196841	4.0
240439082	34196841	3.0
241816606	34196841	4.0
241828339	34196841	4.0
241829164	34196841	4.0
241834025	34196841	4.0
247532587	34196841	6.0
247532635	34196841	6.0
247658408	34196841	5.0
247658418	34196841	5.0
247658446	34196841	5.0
247658542	34196841	5.0
247658552	34196841	5.0
247660873	34196841	5.0
35577901	35577901	0
456364072	35577901	4.0
35018232	35577901	4.0
455526738	35577901	4.0
455526746	35577901	4.0
477269302	35577901	4.0
477269330	35577901	4.0
477269355	35577901	4.0
477269359	35577901	4.0
477269362	35577901	4.0
477269565	35577901	4.0
477269588	35577901	4.0
477269599	35577901	4.0
456363909	35577901	4.0
240438800	35577901	4.0
36897601	35577901	5.0
456294501	35577901	4.0
35276800	35577901	3.0
240624567	35577901	3.0
240439350	35577901	4.0
240438767	35577901	3.0
240439262	35577901	3.0
35819559	35577901	5.0
247652463	35577901	5.0
241839220	35577901	4.0
240439082	35577901	3.0
241816606	35577901	3.0
241828339	35577901	4.0
241829164	35577901	4.0
241834025	35577901	4.0
247532587	35577901	5.0
247532635	35577901	5.0
247658408	35577901	5.0
247658418	35577901	5.0
247658446	35577901	5.0
247658542	35577901	5.0
247658552	35577901	5.0
247660873	35577901	5.0
456364072	456364072	0
35018232	456364072	2.0
455526738	456364072	3.0
455526746	456364072	2.0
477269302	456364072	3.0
477269330	456364072	3.0
477269355	456364072	3.0
477269359	456364072	3.0
477269362	456364072	3.0
477269565	456364072	3.0
477269588	456364072	3.0
477269599	456364072	2.0
456363909	456364072	2.0
240438800	456364072	2.0
36897601	456364072	5.0
456294501	456364072	4.0
35276800	456364072	3.0
240624567	456364072	2.0
240439350	456364072	2.0
240438767	456364072	3.0
240439262	456364072	2.0
35819559	456364072	5.0
247652463	456364072	5.0
241839220	456364072	4.0
240439082	456364072	3.0
241816606	456364072	3.0
241828339	456364072	3.0
241829164	456364072	3.0
241834025	456364072	3.0
247532587	456364072	6.0
247532635	456364072	6.0
247658408	456364072	6.0
247658418	456364072	6.0
247658446	456364072	6.0
247658542	456364072	6.0
247658552	456364072	6.0
247660873	456364072	5.0
35018232	35018232	0
455526738	35018232	2.0
455526746	35018232	1.0
477269302	35018232	1.0
477269330	35018232	2.0
477269355	35018232	2.0
477269359	35018232	2.0
477269362	35018232	2.0
477269565	35018232	0.0
477269588	35018232	1.0
477269599	35018232	0.0
456363909	35018232	3.0
240438800	35018232	0.0
36897601	35018232	5.0
456294501	35018232	3.0
35276800	35018232	2.0
240624567	35018232	3.0
240439350	35018232	1.0
240438767	35018232	3.0
240439262	35018232	3.0
35819559	35018232	5.0
247652463	35018232	5.0
241839220	35018232	3.0
240439082	35018232	2.0
241816606	35018232	3.0
241828339	35018232	2.0
241829164	35018232	2.0
241834025	35018232	3.0
247532587	35018232	6.0
247532635	35018232	6.0
247658408	35018232	6.0
247658418	35018232	6.0
247658446	35018232	6.0
247658542	35018232	6.0
247658552	35018232	6.0
247660873	35018232	6.0
455526738	455526738	0
455526746	455526738	1.0
477269302	455526738	1.0
477269330	455526738	3.0
477269355	455526738	3.0
477269359	455526738	3.0
477269362	455526738	2.0
477269565	455526738	2.0
477269588	455526738	1.0
477269599	455526738	1.0
456363909	455526738	3.0
240438800	455526738	2.0
36897601	455526738	5.0
456294501	455526738	3.0
35276800	455526738	3.0
240624567	455526738	3.0
240439350	455526738	2.0
240438767	455526738	3.0
240439262	455526738	3.0
35819559	455526738	5.0
247652463	455526738	6.0
241839220	455526738	3.0
240439082	455526738	3.0
241816606	455526738	3.0
241828339	455526738	2.0
241829164	455526738	2.0
241834025	455526738	3.0
247532587	455526738	6.0
247532635	455526738	6.0
247658408	455526738	6.0
247658418	455526738	6.0
247658446	455526738	6.0
247658542	455526738	6.0
247658552	455526738	6.0
247660873	455526738	6.0
455526746	455526746	0
477269302	455526746	1.0
477269330	455526746	2.0
477269355	455526746	2.0
477269359	455526746	2.0
477269362	455526746	2.0
477269565	455526746	2.0
477269588	455526746	1.0
477269599	455526746	1.0
456363909	455526746	3.0
240438800	455526746	1.0
36897601	455526746	5.0
456294501	455526746	3.0
35276800	455526746	3.0
240624567	455526746	3.0
240439350	455526746	2.0
240438767	455526746	3.0
240439262	455526746	3.0
35819559	455526746	5.0
247652463	455526746	6.0
241839220	455526746	3.0
240439082	455526746	2.0
241816606	455526746	3.0
241828339	455526746	2.0
241829164	455526746	2.0
241834025	455526746	3.0
247532587	455526746	6.0
247532635	455526746	6.0
247658408	455526746	6.0
247658418	455526746	6.0
247658446	455526746	6.0
247658542	455526746	6.0
247658552	455526746	6.0
247660873	455526746	6.0
477269302	477269302	0
477269330	477269302	2.0
477269355	477269302	2.0
477269359	477269302	2.0
477269362	477269302	2.0
477269565	477269302	1.0
477269588	477269302	0.0
477269599	477269302	0.0
456363909	477269302	3.0
240438800	477269302	2.0
36897601	477269302	5.0
456294501	477269302	3.0
35276800	477269302	3.0
240624567	477269302	3.0
240439350	477269302	2.0
240438767	477269302	3.0
240439262	477269302	3.0
35819559	477269302	5.0
247652463	477269302	6.0
241839220	477269302	3.0
240439082	477269302	2.0
241816606	477269302	3.0
241828339	477269302	2.0
241829164	477269302	1.0
241834025	477269302	2.0
247532587	477269302	6.0
247532635	477269302	6.0
247658408	477269302	6.0
247658418	477269302	6.0
247658446	477269302	6.0
247658542	477269302	6.0
247658552	477269302	6.0
247660873	477269302	6.0
477269330	477269330	0
477269355	477269330	0.0
477269359	477269330	0.0
477269362	477269330	1.0
477269565	477269330	2.0
477269588	477269330	2.0
477269599	477269330	2.0
456363909	477269330	4.0
240438800	477269330	2.0
36897601	477269330	5.0
456294501	477269330	3.0
35276800	477269330	2.0
240624567	477269330	3.0
240439350	477269330	2.0
240438767	477269330	3.0
240439262	477269330	3.0
35819559	477269330	5.0
247652463	477269330	5.0
241839220	477269330	3.0
240439082	477269330	2.0
241816606	477269330	2.0
241828339	477269330	2.0
241829164	477269330	2.0
241834025	477269330	3.0
247532587	477269330	6.0
247532635	477269330	6.0
247658408	477269330	5.0
247658418	477269330	5.0
247658446	477269330	5.0
247658542	477269330	5.0
247658552	477269330	5.0
247660873	477269330	5.0
477269355	477269355	0
477269359	477269355	0.0
477269362	477269355	1.0
477269565	477269355	2.0
477269588	477269355	2.0
477269599	477269355	2.0
456363909	477269355	4.0
240438800	477269355	2.0
36897601	477269355	5.0
456294501	477269355	3.0
35276800	477269355	2.0
240624567	477269355	3.0
240439350	477269355	2.0
240438767	477269355	3.0
240439262	477269355	3.0
35819559	477269355	5.0
247652463	477269355	5.0
241839220	477269355	3.0
240439082	477269355	2.0
241816606	477269355	2.0
241828339	477269355	2.0
241829164	477269355	2.0
241834025	477269355	3.0
247532587	477269355	6.0
247532635	477269355	6.0
247658408	477269355	5.0
247658418	477269355	5.0
247658446	477269355	5.0
247658542	477269355	5.0
247658552	477269355	5.0
247660873	477269355	5.0
477269359	477269359	0
477269362	477269359	1.0
477269565	477269359	2.0
477269588	477269359	2.0
477269599	477269359	2.0
456363909	477269359	4.0
240438800	477269359	2.0
36897601	477269359	5.0
456294501	477269359	3.0
35276800	477269359	2.0
240624567	477269359	3.0
240439350	477269359	2.0
240438767	477269359	3.0
240439262	477269359	3.0
35819559	477269359	5.0
247652463	477269359	5.0
241839220	477269359	3.0
240439082	477269359	2.0
241816606	477269359	2.0
241828339	477269359	2.0
241829164	477269359	2.0
241834025	477269359	3.0
247532587	477269359	6.0
247532635	477269359	6.0
247658408	477269359	5.0
247658418	477269359	5.0
247658446	477269359	5.0
247658542	477269359	5.0
247658552	477269359	5.0
247660873	477269359	5.0
477269362	477269362	0
477269565	477269362	2.0
477269588	477269362	2.0
477269599	477269362	2.0
456363909	477269362	4.0
240438800	477269362	2.0
36897601	477269362	5.0
456294501	477269362	3.0
35276800	477269362	2.0
240624567	477269362	3.0
240439350	477269362	2.0
240438767	477269362	3.0
240439262	477269362	3.0
35819559	477269362	5.0
247652463	477269362	5.0
241839220	477269362	3.0
240439082	477269362	2.0
241816606	477269362	2.0
241828339	477269362	2.0
241829164	477269362	2.0
241834025	477269362	3.0
247532587	477269362	6.0
247532635	477269362	6.0
247658408	477269362	5.0
247658418	477269362	5.0
247658446	477269362	5.0
247658542	477269362	5.0
247658552	477269362	5.0
247660873	477269362	5.0
477269565	477269565	0
477269588	477269565	1.0
477269599	477269565	1.0
456363909	477269565	3.0
240438800	477269565	2.0
36897601	477269565	5.0
456294501	477269565	3.0
35276800	477269565	2.0
240624567	477269565	2.0
240439350	477269565	2.0
240438767	477269565	2.0
240439262	477269565	3.0
35819559	477269565	5.0
247652463	477269565	5.0
241839220	477269565	4.0
240439082	477269565	2.0
241816606	477269565	2.0
241828339	477269565	2.0
241829164	477269565	2.0
241834025	477269565	3.0
247532587	477269565	6.0
247532635	477269565	6.0
247658408	477269565	6.0
247658418	477269565	6.0
247658446	477269565	6.0
247658542	477269565	6.0
247658552	477269565	6.0
247660873	477269565	6.0
477269588	477269588	0
477269599	477269588	0.0
456363909	477269588	3.0
240438800	477269588	2.0
36897601	477269588	5.0
456294501	477269588	3.0
35276800	477269588	3.0
240624567	477269588	3.0
240439350	477269588	2.0
240438767	477269588	3.0
240439262	477269588	3.0
35819559	477269588	5.0
247652463	477269588	5.0
241839220	477269588	3.0
240439082	477269588	2.0
241816606	477269588	3.0
241828339	477269588	1.0
241829164	477269588	1.0
241834025	477269588	2.0
247532587	477269588	6.0
247532635	477269588	6.0
247658408	477269588	6.0
247658418	477269588	6.0
247658446	477269588	6.0
247658542	477269588	6.0
247658552	477269588	6.0
247660873	477269588	5.0
477269599	477269599	0
456363909	477269599	3.0
240438800	477269599	1.0
36897601	477269599	5.0
456294501	477269599	3.0
35276800	477269599	2.0
240624567	477269599	3.0
240439350	477269599	2.0
240438767	477269599	3.0
240439262	477269599	3.0
35819559	477269599	5.0
247652463	477269599	6.0
241839220	477269599	3.0
240439082	477269599	2.0
241816606	477269599	3.0
241828339	477269599	2.0
241829164	477269599	2.0
241834025	477269599	3.0
247532587	477269599	6.0
247532635	477269599	6.0
247658408	477269599	6.0
247658418	477269599	6.0
247658446	477269599	6.0
247658542	477269599	6.0
247658552	477269599	6.0
247660873	477269599	6.0
456363909	456363909	0
240438800	456363909	3.0
36897601	456363909	5.0
456294501	456363909	4.0
35276800	456363909	3.0
240624567	456363909	3.0
240439350	456363909	3.0
240438767	456363909	3.0
240439262	456363909	3.0
35819559	456363909	5.0
247652463	456363909	5.0
241839220	456363909	4.0
240439082	456363909	3.0
241816606	456363909	4.0
241828339	456363909	4.0
241829164	456363909	4.0
241834025	456363909	4.0
247532587	456363909	6.0
247532635	456363909	6.0
247658408	456363909	6.0
247658418	456363909	6.0
247658446	456363909	6.0
247658542	456363909	6.0
247658552	456363909	6.0
247660873	456363909	5.0
240438800	240438800	0
36897601	240438800	5.0
456294501	240438800	3.0
35276800	240438800	2.0
240624567	240438800	2.0
240439350	240438800	0.0
240438767	240438800	2.0
240439262	240438800	3.0
35819559	240438800	5.0
247652463	240438800	5.0
241839220	240438800	4.0
240439082	240438800	2.0
241816606	240438800	2.0
241828339	240438800	3.0
241829164	240438800	2.0
241834025	240438800	3.0
247532587	240438800	6.0
247532635	240438800	6.0
247658408	240438800	6.0
247658418	240438800	6.0
247658446	240438800	6.0
247658542	240438800	6.0
247658552	240438800	6.0
247660873	240438800	6.0
36897601	36897601	0
456294501	36897601	5.0
35276800	36897601	5.0
240624567	36897601	5.0
240439350	36897601	5.0
240438767	36897601	5.0
240439262	36897601	5.0
35819559	36897601	1.0
247652463	36897601	3.0
241839220	36897601	5.0
240439082	36897601	5.0
241816606	36897601	5.0
241828339	36897601	5.0
241829164	36897601	5.0
241834025	36897601	5.0
247532587	36897601	3.0
247532635	36897601	4.0
247658408	36897601	4.0
247658418	36897601	4.0
247658446	36897601	4.0
247658542	36897601	4.0
247658552	36897601	4.0
247660873	36897601	3.0
456294501	456294501	0
35276800	456294501	4.0
240624567	456294501	4.0
240439350	456294501	4.0
240438767	456294501	4.0
240439262	456294501	4.0
35819559	456294501	5.0
247652463	456294501	5.0
241839220	456294501	1.0
240439082	456294501	4.0
241816606	456294501	3.0
241828339	456294501	2.0
241829164	456294501	2.0
241834025	456294501	3.0
247532587	456294501	6.0
247532635	456294501	6.0
247658408	456294501	6.0
247658418	456294501	6.0
247658446	456294501	6.0
247658542	456294501	6.0
247658552	456294501	6.0
247660873	456294501	5.0
35276800	35276800	0
240624567	35276800	1.0
240439350	35276800	1.0
240438767	35276800	1.0
240439262	35276800	2.0
35819559	35276800	5.0
247652463	35276800	5.0
241839220	35276800	4.0
240439082	35276800	0.0
241816606	35276800	2.0
241828339	35276800	3.0
241829164	35276800	3.0
241834025	35276800	3.0
247532587	35276800	6.0
247532635	35276800	6.0
247658408	35276800	6.0
247658418	35276800	6.0
247658446	35276800	6.0
247658542	35276800	6.0
247658552	35276800	6.0
247660873	35276800	5.0
240624567	240624567	0
240439350	240624567	2.0
240438767	240624567	1.0
240439262	240624567	2.0
35819559	240624567	5.0
247652463	240624567	5.0
241839220	240624567	4.0
240439082	240624567	1.0
241816606	240624567	3.0
241828339	240624567	3.0
241829164	240624567	3.0
241834025	240624567	4.0
247532587	240624567	6.0
247532635	240624567	6.0
247658408	240624567	6.0
247658418	240624567	6.0
247658446	240624567	6.0
247658542	240624567	6.0
247658552	240624567	6.0
247660873	240624567	5.0
240439350	240439350	0
240438767	240439350	2.0
240439262	240439350	3.0
35819559	240439350	5.0
247652463	240439350	5.0
241839220	240439350	4.0
240439082	240439350	1.0
241816606	240439350	2.0
241828339	240439350	3.0
241829164	240439350	3.0
241834025	240439350	3.0
247532587	240439350	6.0
247532635	240439350	6.0
247658408	240439350	6.0
247658418	240439350	6.0
247658446	240439350	6.0
247658542	240439350	6.0
247658552	240439350	6.0
247660873	240439350	6.0
240438767	240438767	0
240439262	240438767	2.0
35819559	240438767	5.0
247652463	240438767	5.0
241839220	240438767	4.0
240439082	240438767	1.0
241816606	240438767	3.0
241828339	240438767	3.0
241829164	240438767	3.0
241834025	240438767	4.0
247532587	240438767	6.0
247532635	240438767	6.0
247658408	240438767	6.0
247658418	240438767	6.0
247658446	240438767	6.0
247658542	240438767	6.0
247658552	240438767	6.0
247660873	240438767	5.0
240439262	240439262	0
35819559	240439262	5.0
247652463	240439262	5.0
241839220	240439262	4.0
240439082	240439262	2.0
241816606	240439262	3.0
241828339	240439262	3.0
241829164	240439262	3.0
241834025	240439262	4.0
247532587	240439262	6.0
247532635	240439262	6.0
247658408	240439262	6.0
247658418	240439262	6.0
247658446	240439262	6.0
247658542	240439262	6.0
247658552	240439262	6.0
247660873	240439262	5.0
35819559	35819559	0
247652463	35819559	3.0
241839220	35819559	5.0
240439082	35819559	5.0
241816606	35819559	5.0
241828339	35819559	5.0
241829164	35819559	5.0
241834025	35819559	5.0
247532587	35819559	3.0
247532635	35819559	4.0
247658408	35819559	3.0
247658418	35819559	3.0
247658446	35819559	3.0
247658542	35819559	3.0
247658552	35819559	4.0
247660873	35819559	3.0
247652463	247652463	0
241839220	247652463	5.0
240439082	247652463	5.0
241816606	247652463	5.0
241828339	247652463	5.0
241829164	247652463	5.0
241834025	247652463	5.0
247532587	247652463	4.0
247532635	247652463	4.0
247658408	247652463	4.0
247658418	247652463	4.0
247658446	247652463	4.0
247658542	247652463	4.0
247658552	247652463	4.0
247660873	247652463	2.0
241839220	241839220	0
240439082	241839220	4.0
241816606	241839220	3.0
241828339	241839220	3.0
241829164	241839220	3.0
241834025	241839220	3.0
247532587	241839220	6.0
247532635	241839220	6.0
247658408	241839220	6.0
247658418	241839220	6.0
247658446	241839220	6.0
247658542	241839220	6.0
247658552	241839220	6.0
247660873	241839220	5.0
240439082	240439082	0
241816606	240439082	2.0
241828339	240439082	3.0
241829164	240439082	3.0
241834025	240439082	3.0
247532587	240439082	6.0
247532635	240439082	6.0
247658408	240439082	6.0
247658418	240439082	6.0
247658446	240439082	6.0
247658542	240439082	6.0
247658552	240439082	6.0
247660873	240439082	5.0
241816606	241816606	0
241828339	241816606	3.0
241829164	241816606	3.0
241834025	241816606	3.0
247532587	241816606	5.0
247532635	241816606	6.0
247658408	241816606	5.0
247658418	241816606	5.0
247658446	241816606	5.0
247658542	241816606	5.0
247658552	241816606	5.0
247660873	241816606	5.0
241828339	241828339	0
241829164	241828339	0.0
241834025	241828339	2.0
247532587	241828339	6.0
247532635	241828339	6.0
247658408	241828339	6.0
247658418	241828339	6.0
247658446	241828339	6.0
247658542	241828339	6.0
247658552	241828339	5.0
247660873	241828339	5.0
241829164	241829164	0
241834025	241829164	2.0
247532587	241829164	6.0
247532635	241829164	6.0
247658408	241829164	6.0
247658418	241829164	6.0
247658446	241829164	6.0
247658542	241829164	6.0
247658552	241829164	6.0
247660873	241829164	5.0
241834025	241834025	0
247532587	241834025	6.0
247532635	241834025	6.0
247658408	241834025	6.0
247658418	241834025	6.0
247658446	241834025	6.0
247658542	241834025	6.0
247658552	241834025	6.0
247660873	241834025	5.0
247532587	247532587	0
247532635	247532587	2.0
247658408	247532587	2.0
247658418	247532587	2.0
247658446	247532587	2.0
247658542	247532587	2.0
247658552	247532587	2.0
247660873	247532587	4.0
247532635	247532635	0
247658408	247532635	3.0
247658418	247532635	3.0
247658446	247532635	3.0
247658542	247532635	3.0
247658552	247532635	3.0
247660873	247532635	4.0
247658408	247658408	0
247658418	247658408	0.0
247658446	247658408	0.0
247658542	247658408	0.0
247658552	247658408	0.0
247660873	247658408	3.0
247658418	247658418	0
247658446	247658418	0.0
247658542	247658418	0.0
247658552	247658418	0.0
247660873	247658418	3.0
247658446	247658446	0
247658542	247658446	0.0
247658552	247658446	0.0
247660873	247658446	3.0
247658542	247658542	0
247658552	247658542	0.0
247660873	247658542	3.0
247658552	247658552	0
247660873	247658552	3.0
247660873	247660873	0
