241824893	[11,-5.0,-6.0]	40.64849732352941	-73.97434300588236	0.07778462017360473	0.37554779165782126	0.2428996317653507	0.009549988507535617	0.7053763440860215	0.3225583680841457
241824897	[10,-8.0,-2.0]	40.648036295454546	-73.9738153818182	0.07778462017360473	0.37554779165782126	0.2428996317653507	0.009549988507535617	0.7053763440860215	0.3225583680841457
241824898	[9,-6.0,-3.0]	40.647938634615386	-73.97409382307691	0.07778462017360473	0.37554779165782126	0.2428996317653507	0.009549988507535617	0.7053763440860215	0.3225583680841457
241824899	[13,-5.0,-8.0]	40.64880862857142	-73.97433648285713	0.07778462017360473	0.37554779165782126	0.2428996317653507	0.009549988507535617	0.7053763440860215	0.3225583680841457
241826678	[3,-7.0,4.0]	40.64663279444445	-73.97402031666665	0.07778462017360473	0.37554779165782126	0.2428996317653507	0.009549988507535617	0.7053763440860215	0.3225583680841457
241826772	[6,-6.0,0.0]	40.64735899661017	-73.97417387118642	0.07778462017360473	0.37554779165782126	0.2428996317653507	0.009549988507535617	0.7053763440860215	0.3225583680841457
249615423	[-31,41.0,-10.0]	40.644602964444445	-73.98251325111111	0.07778462017360473	0.37554779165782126	0.2428996317653507	0.009549988507535617	0.7053763440860215	0.3225583680841457
249615471	[-24,34.0,-10.0]	40.64526088181819	-73.98131524848486	0.07778462017360473	0.37554779165782126	0.2428996317653507	0.009549988507535617	0.7053763440860215	0.3225583680841457
249616342	[-23,24.0,-1.0]	40.644528	-73.97939013333333	0.07778462017360473	0.37554779165782126	0.2428996317653507	0.009549988507535617	0.7053763440860215	0.3225583680841457
362124558	[15,-8.0,-7.0]	40.64897057777778	-73.97387922222222	0.07778462017360473	0.37554779165782126	0.2428996317653507	0.009549988507535617	0.7053763440860215	0.3225583680841457
241824884	[18,-8.0,-10.0]	40.64957557272727	-73.97382215454546	0.07778462017360473	0.37554779165782126	0.2428996317653507	0.009549988507535617	0.7053763440860215	0.3225583680841457
241824900	[18,-7.0,-11.0]	40.649746451282056	-73.97405630000002	0.07778462017360473	0.37554779165782126	0.2428996317653507	0.009549988507535617	0.7053763440860215	0.3225583680841457
241824932	[15,-4.0,-11.0]	40.649388297619055	-73.9745719	0.07778462017360473	0.37554779165782126	0.2428996317653507	0.009549988507535617	0.7053763440860215	0.3225583680841457
408650396	[-28,-43.0,71.0]	40.63664767142858	-73.9676594142857	0.07778462017360473	0.37554779165782126	0.2428996317653507	0.009549988507535617	0.7053763440860215	0.3225583680841457
241824896	[15,-13.0,-2.0]	40.64844871428571	-73.97290029523808	0.07778462017360473	0.37554779165782126	0.2428996317653507	0.009549988507535617	0.7053763440860215	0.3225583680841457
249614838	[-17,36.0,-19.0]	40.64693038	-73.98155496000001	0.07778462017360473	0.37554779165782126	0.2428996317653507	0.009549988507535617	0.7053763440860215	0.3225583680841457
249616878	[-19,9.0,10.0]	40.64375686666667	-73.97673345	0.07778462017360473	0.37554779165782126	0.2428996317653507	0.009549988507535617	0.7053763440860215	0.3225583680841457
249617741	[-1,20.0,-19.0]	40.648573411111116	-73.97875788888888	0.07778462017360473	0.37554779165782126	0.2428996317653507	0.009549988507535617	0.7053763440860215	0.3225583680841457
249617743	[-2,21.0,-19.0]	40.648512188888894	-73.97889365555554	0.07778462017360473	0.37554779165782126	0.2428996317653507	0.009549988507535617	0.7053763440860215	0.3225583680841457
249617746	[-3,22.0,-19.0]	40.64844525454546	-73.97908910000001	0.07778462017360473	0.37554779165782126	0.2428996317653507	0.009549988507535617	0.7053763440860215	0.3225583680841457
249619448	[23,2.0,-25.0]	40.6517052875	-73.97561844999998	0.07778462017360473	0.37554779165782126	0.2428996317653507	0.009549988507535617	0.7053763440860215	0.3225583680841457
249619469	[26,7.0,-33.0]	40.65285206666667	-73.97643281111111	0.07778462017360473	0.37554779165782126	0.2428996317653507	0.009549988507535617	0.7053763440860215	0.3225583680841457
241847991	[-10,-47.0,57.0]	40.63987662857143	-73.96685785714286	0.07778462017360473	0.37554779165782126	0.2428996317653507	0.009549988507535617	0.7053763440860215	0.3225583680841457
241848673	[-13,-44.0,57.0]	40.63962298333333	-73.96739325	0.07778462017360473	0.37554779165782126	0.2428996317653507	0.009549988507535617	0.7053763440860215	0.3225583680841457
241848731	[-14,-43.0,57.0]	40.639533300000004	-73.96752276250001	0.07778462017360473	0.37554779165782126	0.2428996317653507	0.009549988507535617	0.7053763440860215	0.3225583680841457
241850111	[-34,-40.0,74.0]	40.635782331250006	-73.96815880000001	0.07778462017360473	0.37554779165782126	0.2428996317653507	0.009549988507535617	0.7053763440860215	0.3225583680841457
241850197	[-36,-40.0,76.0]	40.63528276666666	-73.96810641666666	0.07778462017360473	0.37554779165782126	0.2428996317653507	0.009549988507535617	0.7053763440860215	0.3225583680841457
513373338	[-56,27.0,29.0]	40.638082540000006	-73.97997078	0.07778462017360473	0.37554779165782126	0.2428996317653507	0.009549988507535617	0.7053763440860215	0.3225583680841457
585478683	[12,5.0,-17.0]	40.64979891666667	-73.97617062500001	0.07778462017360473	0.37554779165782126	0.2428996317653507	0.009549988507535617	0.7053763440860215	0.3225583680841457
585478684	[13,8.0,-21.0]	40.6502748	-73.97655218	0.07778462017360473	0.37554779165782126	0.2428996317653507	0.009549988507535617	0.7053763440860215	0.3225583680841457
585478685	[14,7.0,-21.0]	40.6503704	-73.97635722000001	0.07778462017360473	0.37554779165782126	0.2428996317653507	0.009549988507535617	0.7053763440860215	0.3225583680841457
585478686	[16,8.0,-24.0]	40.65081163846154	-73.97660789230768	0.07778462017360473	0.37554779165782126	0.2428996317653507	0.009549988507535617	0.7053763440860215	0.3225583680841457
248241813	[-38,12.0,26.0]	40.640203316	-73.97725771200002	0.07778462017360473	0.37554779165782126	0.2428996317653507	0.009549988507535617	0.7053763440860215	0.3225583680841457
249616344	[-27,22.0,5.0]	40.643460770000004	-73.97916892	0.07778462017360473	0.37554779165782126	0.2428996317653507	0.009549988507535617	0.7053763440860215	0.3225583680841457
249616838	[-11,-1.0,12.0]	40.644344175	-73.975084625	0.07778462017360473	0.37554779165782126	0.2428996317653507	0.009549988507535617	0.7053763440860215	0.3225583680841457
249617865	[8,5.0,-13.0]	40.648910748000006	-73.97601478	0.07778462017360473	0.37554779165782126	0.2428996317653507	0.009549988507535617	0.7053763440860215	0.3225583680841457
249625177	[48,5.0,-53.0]	40.65705115882353	-73.97605948235294	0.07778462017360473	0.37554779165782126	0.2428996317653507	0.009549988507535617	0.7053763440860215	0.3225583680841457
241849155	[-30,-23.0,53.0]	40.63827174827586	-73.97113213448274	0.07778462017360473	0.37554779165782126	0.2428996317653507	0.009549988507535617	0.7053763440860215	0.3225583680841457
221112276	[-60,48.0,12.0]	40.639326440000005	-73.98367084	0.07778462017360473	0.37554779165782126	0.2428996317653507	0.009549988507535617	0.7053763440860215	0.3225583680841457
314062166	[3,10.0,-13.0]	40.6483635	-73.97705751999999	0.07778462017360473	0.37554779165782126	0.2428996317653507	0.009549988507535617	0.7053763440860215	0.3225583680841457
558632923	[-9,-8.0,17.0]	40.64406339464286	-73.97371783035716	0.07778462017360473	0.37554779165782126	0.2428996317653507	0.009549988507535617	0.7053763440860215	0.3225583680841457
362126673	[19,4.0,-23.0]	40.651012725	-73.975853375	0.07778462017360473	0.37554779165782126	0.2428996317653507	0.009549988507535617	0.7053763440860215	0.3225583680841457
362987717	[27,20.0,-47.0]	40.65428167777778	-73.97883039999999	0.07778462017360473	0.37554779165782126	0.2428996317653507	0.009549988507535617	0.7053763440860215	0.3225583680841457
362988357	[25,16.0,-41.0]	40.6534963875	-73.97798452500001	0.07778462017360473	0.37554779165782126	0.2428996317653507	0.009549988507535617	0.7053763440860215	0.3225583680841457
366206962	[24,-7.0,-17.0]	40.650898149999996	-73.97405685	0.07778462017360473	0.37554779165782126	0.2428996317653507	0.009549988507535617	0.7053763440860215	0.3225583680841457
585484692	[21,-5.0,-16.0]	40.65055014	-73.9744506	0.07778462017360473	0.37554779165782126	0.2428996317653507	0.009549988507535617	0.7053763440860215	0.3225583680841457
585484693	[22,-6.0,-16.0]	40.65066392	-73.9741448	0.07778462017360473	0.37554779165782126	0.2428996317653507	0.009549988507535617	0.7053763440860215	0.3225583680841457
585484694	[23,-6.0,-17.0]	40.65084109090909	-73.97419921818182	0.07778462017360473	0.37554779165782126	0.2428996317653507	0.009549988507535617	0.7053763440860215	0.3225583680841457
255803281	[11,-26.0,15.0]	40.64635846666666	-73.97049488333333	0.07778462017360473	0.37554779165782126	0.2428996317653507	0.009549988507535617	0.7053763440860215	0.3225583680841457
255803441	[10,-22.0,12.0]	40.64647813636363	-73.97127375454544	0.07778462017360473	0.37554779165782126	0.2428996317653507	0.009549988507535617	0.7053763440860215	0.3225583680841457
249617696	[6,8.0,-14.0]	40.648794626315784	-73.97673774736843	0.07778462017360473	0.37554779165782126	0.2428996317653507	0.009549988507535617	0.7053763440860215	0.3225583680841457
249610713	[-58,44.0,14.0]	40.639340159999996	-73.98302609499999	0.07778462017360473	0.37554779165782126	0.2428996317653507	0.009549988507535617	0.7053763440860215	0.3225583680841457
249611204	[-59,57.0,2.0]	40.640450525000006	-73.9853517375	0.07778462017360473	0.37554779165782126	0.2428996317653507	0.009549988507535617	0.7053763440860215	0.3225583680841457
492647789	[-19,9.0,10.0]	40.64372852	-73.97688580000002	0.07778462017360473	0.37554779165782126	0.2428996317653507	0.009549988507535617	0.7053763440860215	0.3225583680841457
221112281	[-55,44.0,11.0]	40.63989048	-73.98303048	0.07778462017360473	0.37554779165782126	0.2428996317653507	0.009549988507535617	0.7053763440860215	0.3225583680841457
249615569	[-14,31.0,-17.0]	40.647061433333334	-73.9806176888889	0.07778462017360473	0.37554779165782126	0.2428996317653507	0.009549988507535617	0.7053763440860215	0.3225583680841457
249616343	[-26,23.0,3.0]	40.64385745	-73.97930753749999	0.07778462017360473	0.37554779165782126	0.2428996317653507	0.009549988507535617	0.7053763440860215	0.3225583680841457
249617924	[-7,23.0,-16.0]	40.64768603	-73.97942293000001	0.07778462017360473	0.37554779165782126	0.2428996317653507	0.009549988507535617	0.7053763440860215	0.3225583680841457
241824887	[18,-19.0,1.0]	40.64855236923076	-73.9719032	0.07778462017360473	0.37554779165782126	0.2428996317653507	0.009549988507535617	0.7053763440860215	0.3225583680841457
241826753	[15,-20.0,5.0]	40.64773667142857	-73.97159073571427	0.07778462017360473	0.37554779165782126	0.2428996317653507	0.009549988507535617	0.7053763440860215	0.3225583680841457
241854290	[31,-14.0,-17.0]	40.65171392777777	-73.97275016111111	0.07778462017360473	0.37554779165782126	0.2428996317653507	0.009549988507535617	0.7053763440860215	0.3225583680841457
249616748	[-21,11.0,10.0]	40.64351084	-73.97717220000001	0.07778462017360473	0.37554779165782126	0.2428996317653507	0.009549988507535617	0.7053763440860215	0.3225583680841457
249568414	[-69,82.0,-13.0]	40.64110252941175	-73.98977114117645	0.07778462017360473	0.37554779165782126	0.2428996317653507	0.009549988507535617	0.7053763440860215	0.3225583680841457
249568741	[-68,91.0,-23.0]	40.642165819999995	-73.99135520666665	0.07778462017360473	0.37554779165782126	0.2428996317653507	0.009549988507535617	0.7053763440860215	0.3225583680841457
491612442	[-67,90.0,-23.0]	40.642297042857145	-73.99114997142856	0.07778462017360473	0.37554779165782126	0.2428996317653507	0.009549988507535617	0.7053763440860215	0.3225583680841457
249610714	[-69,64.0,5.0]	40.63918728999999	-73.98664018000001	0.07778462017360473	0.37554779165782126	0.2428996317653507	0.009549988507535617	0.7053763440860215	0.3225583680841457
249611205	[-58,46.0,12.0]	40.63955021333333	-73.98340376	0.07778462017360473	0.37554779165782126	0.2428996317653507	0.009549988507535617	0.7053763440860215	0.3225583680841457
249614761	[-45,48.0,-3.0]	40.64244928	-73.98386453999998	0.07778462017360473	0.37554779165782126	0.2428996317653507	0.009549988507535617	0.7053763440860215	0.3225583680841457
249618251	[18,12.0,-30.0]	40.65166673636364	-73.97730309999999	0.07778462017360473	0.37554779165782126	0.2428996317653507	0.009549988507535617	0.7053763440860215	0.3225583680841457
249618436	[7,11.0,-18.0]	40.64931881935484	-73.97718866451613	0.07778462017360473	0.37554779165782126	0.2428996317653507	0.009549988507535617	0.7053763440860215	0.3225583680841457
241824892	[25,-16.0,-9.0]	40.65017459411765	-73.97241867058824	0.07778462017360473	0.37554779165782126	0.2428996317653507	0.009549988507535617	0.7053763440860215	0.3225583680841457
241824895	[19,-13.0,-6.0]	40.649342395000005	-73.972887825	0.07778462017360473	0.37554779165782126	0.2428996317653507	0.009549988507535617	0.7053763440860215	0.3225583680841457
249615571	[-16,33.0,-17.0]	40.64692988	-73.98106679	0.07778462017360473	0.37554779165782126	0.2428996317653507	0.009549988507535617	0.7053763440860215	0.3225583680841457
249537667	[-74,11.0,63.0]	40.63275	-73.977274	0.07778462017360473	0.37554779165782126	0.2428996317653507	0.009549988507535617	0.7053763440860215	0.3225583680841457
362124559	[12,-12.0,0.0]	40.64799238823529	-73.97317334117646	0.07778462017360473	0.37554779165782126	0.2428996317653507	0.009549988507535617	0.7053763440860215	0.3225583680841457
241824893	241824893	0
241824897	241824893	0.0
241824898	241824893	0.0
241824899	241824893	1.0
241826678	241824893	1.0
241826772	241824893	0.0
249615423	241824893	3.0
249615471	241824893	3.0
249616342	241824893	3.0
362124558	241824893	2.0
241824884	241824893	2.0
241824900	241824893	2.0
241824932	241824893	2.0
408650396	241824893	4.0
241824896	241824893	0.0
249614838	241824893	2.0
249616878	241824893	2.0
249617741	241824893	2.0
249617743	241824893	2.0
249617746	241824893	2.0
249619448	241824893	3.0
249619469	241824893	3.0
241847991	241824893	3.0
241848673	241824893	3.0
241848731	241824893	3.0
241850111	241824893	4.0
241850197	241824893	4.0
513373338	241824893	4.0
585478683	241824893	3.0
585478684	241824893	2.0
585478685	241824893	3.0
585478686	241824893	2.0
248241813	241824893	3.0
249616344	241824893	3.0
249616838	241824893	2.0
249617865	241824893	2.0
249625177	241824893	4.0
241849155	241824893	4.0
221112276	241824893	4.0
314062166	241824893	1.0
558632923	241824893	2.0
362126673	241824893	3.0
362987717	241824893	3.0
362988357	241824893	3.0
366206962	241824893	3.0
585484692	241824893	3.0
585484693	241824893	3.0
585484694	241824893	3.0
255803281	241824893	2.0
255803441	241824893	2.0
249617696	241824893	1.0
249610713	241824893	4.0
249611204	241824893	4.0
492647789	241824893	2.0
221112281	241824893	3.0
249615569	241824893	2.0
249616343	241824893	3.0
249617924	241824893	2.0
241824887	241824893	2.0
241826753	241824893	2.0
241854290	241824893	2.0
249616748	241824893	2.0
249568414	241824893	4.0
249568741	241824893	4.0
491612442	241824893	4.0
249610714	241824893	4.0
249611205	241824893	3.0
249614761	241824893	4.0
249618251	241824893	2.0
249618436	241824893	2.0
241824892	241824893	2.0
241824895	241824893	2.0
249615571	241824893	2.0
249537667	241824893	4.0
362124559	241824893	0.0
241824897	241824897	0
241824898	241824897	0.0
241824899	241824897	1.0
241826678	241824897	1.0
241826772	241824897	1.0
249615423	241824897	3.0
249615471	241824897	3.0
249616342	241824897	3.0
362124558	241824897	1.0
241824884	241824897	1.0
241824900	241824897	2.0
241824932	241824897	1.0
408650396	241824897	4.0
241824896	241824897	1.0
249614838	241824897	2.0
249616878	241824897	2.0
249617741	241824897	2.0
249617743	241824897	2.0
249617746	241824897	2.0
249619448	241824897	3.0
249619469	241824897	3.0
241847991	241824897	3.0
241848673	241824897	3.0
241848731	241824897	3.0
241850111	241824897	4.0
241850197	241824897	4.0
513373338	241824897	4.0
585478683	241824897	3.0
585478684	241824897	2.0
585478685	241824897	3.0
585478686	241824897	2.0
248241813	241824897	3.0
249616344	241824897	3.0
249616838	241824897	2.0
249617865	241824897	1.0
249625177	241824897	4.0
241849155	241824897	4.0
221112276	241824897	4.0
314062166	241824897	2.0
558632923	241824897	2.0
362126673	241824897	3.0
362987717	241824897	3.0
362988357	241824897	3.0
366206962	241824897	3.0
585484692	241824897	3.0
585484693	241824897	3.0
585484694	241824897	3.0
255803281	241824897	2.0
255803441	241824897	2.0
249617696	241824897	2.0
249610713	241824897	4.0
249611204	241824897	4.0
492647789	241824897	2.0
221112281	241824897	4.0
249615569	241824897	2.0
249616343	241824897	3.0
249617924	241824897	2.0
241824887	241824897	1.0
241826753	241824897	1.0
241854290	241824897	2.0
249616748	241824897	3.0
249568414	241824897	4.0
249568741	241824897	4.0
491612442	241824897	4.0
249610714	241824897	4.0
249611205	241824897	4.0
249614761	241824897	4.0
249618251	241824897	2.0
249618436	241824897	2.0
241824892	241824897	2.0
241824895	241824897	2.0
249615571	241824897	2.0
249537667	241824897	4.0
362124559	241824897	0.0
241824898	241824898	0
241824899	241824898	1.0
241826678	241824898	0.0
241826772	241824898	0.0
249615423	241824898	3.0
249615471	241824898	3.0
249616342	241824898	3.0
362124558	241824898	1.0
241824884	241824898	1.0
241824900	241824898	1.0
241824932	241824898	1.0
408650396	241824898	4.0
241824896	241824898	1.0
249614838	241824898	2.0
249616878	241824898	2.0
249617741	241824898	2.0
249617743	241824898	2.0
249617746	241824898	2.0
249619448	241824898	3.0
249619469	241824898	3.0
241847991	241824898	3.0
241848673	241824898	3.0
241848731	241824898	3.0
241850111	241824898	4.0
241850197	241824898	4.0
513373338	241824898	4.0
585478683	241824898	3.0
585478684	241824898	2.0
585478685	241824898	3.0
585478686	241824898	2.0
248241813	241824898	3.0
249616344	241824898	3.0
249616838	241824898	2.0
249617865	241824898	1.0
249625177	241824898	3.0
241849155	241824898	3.0
221112276	241824898	4.0
314062166	241824898	1.0
558632923	241824898	2.0
362126673	241824898	3.0
362987717	241824898	3.0
362988357	241824898	3.0
366206962	241824898	3.0
585484692	241824898	3.0
585484693	241824898	3.0
585484694	241824898	3.0
255803281	241824898	2.0
255803441	241824898	2.0
249617696	241824898	1.0
249610713	241824898	3.0
249611204	241824898	4.0
492647789	241824898	2.0
221112281	241824898	3.0
249615569	241824898	2.0
249616343	241824898	3.0
249617924	241824898	2.0
241824887	241824898	1.0
241826753	241824898	1.0
241854290	241824898	2.0
249616748	241824898	2.0
249568414	241824898	4.0
249568741	241824898	4.0
491612442	241824898	4.0
249610714	241824898	4.0
249611205	241824898	3.0
249614761	241824898	3.0
249618251	241824898	2.0
249618436	241824898	2.0
241824892	241824898	2.0
241824895	241824898	1.0
249615571	241824898	2.0
249537667	241824898	4.0
362124559	241824898	0.0
241824899	241824899	0
241826678	241824899	1.0
241826772	241824899	1.0
249615423	241824899	3.0
249615471	241824899	3.0
249616342	241824899	3.0
362124558	241824899	0.0
241824884	241824899	0.0
241824900	241824899	0.0
241824932	241824899	0.0
408650396	241824899	4.0
241824896	241824899	1.0
249614838	241824899	2.0
249616878	241824899	3.0
249617741	241824899	2.0
249617743	241824899	2.0
249617746	241824899	2.0
249619448	241824899	3.0
249619469	241824899	3.0
241847991	241824899	4.0
241848673	241824899	3.0
241848731	241824899	3.0
241850111	241824899	4.0
241850197	241824899	4.0
513373338	241824899	4.0
585478683	241824899	3.0
585478684	241824899	2.0
585478685	241824899	3.0
585478686	241824899	2.0
248241813	241824899	3.0
249616344	241824899	3.0
249616838	241824899	2.0
249617865	241824899	2.0
249625177	241824899	3.0
241849155	241824899	4.0
221112276	241824899	4.0
314062166	241824899	2.0
558632923	241824899	2.0
362126673	241824899	3.0
362987717	241824899	3.0
362988357	241824899	3.0
366206962	241824899	2.0
585484692	241824899	2.0
585484693	241824899	2.0
585484694	241824899	2.0
255803281	241824899	2.0
255803441	241824899	2.0
249617696	241824899	2.0
249610713	241824899	4.0
249611204	241824899	4.0
492647789	241824899	2.0
221112281	241824899	4.0
249615569	241824899	2.0
249616343	241824899	3.0
249617924	241824899	2.0
241824887	241824899	2.0
241826753	241824899	2.0
241854290	241824899	2.0
249616748	241824899	3.0
249568414	241824899	4.0
249568741	241824899	4.0
491612442	241824899	4.0
249610714	241824899	4.0
249611205	241824899	4.0
249614761	241824899	4.0
249618251	241824899	2.0
249618436	241824899	2.0
241824892	241824899	1.0
241824895	241824899	0.0
249615571	241824899	2.0
249537667	241824899	4.0
362124559	241824899	1.0
241826678	241826678	0
241826772	241826678	0.0
249615423	241826678	3.0
249615471	241826678	3.0
249616342	241826678	3.0
362124558	241826678	1.0
241824884	241826678	1.0
241824900	241826678	2.0
241824932	241826678	1.0
408650396	241826678	4.0
241824896	241826678	1.0
249614838	241826678	2.0
249616878	241826678	2.0
249617741	241826678	2.0
249617743	241826678	2.0
249617746	241826678	3.0
249619448	241826678	3.0
249619469	241826678	3.0
241847991	241826678	4.0
241848673	241826678	3.0
241848731	241826678	3.0
241850111	241826678	4.0
241850197	241826678	4.0
513373338	241826678	3.0
585478683	241826678	2.0
585478684	241826678	3.0
585478685	241826678	3.0
585478686	241826678	3.0
248241813	241826678	3.0
249616344	241826678	2.0
249616838	241826678	1.0
249617865	241826678	1.0
249625177	241826678	4.0
241849155	241826678	3.0
221112276	241826678	3.0
314062166	241826678	3.0
558632923	241826678	1.0
362126673	241826678	3.0
362987717	241826678	3.0
362988357	241826678	3.0
366206962	241826678	3.0
585484692	241826678	3.0
585484693	241826678	3.0
585484694	241826678	3.0
255803281	241826678	2.0
255803441	241826678	2.0
249617696	241826678	2.0
249610713	241826678	3.0
249611204	241826678	3.0
492647789	241826678	2.0
221112281	241826678	3.0
249615569	241826678	2.0
249616343	241826678	3.0
249617924	241826678	2.0
241824887	241826678	2.0
241826753	241826678	2.0
241854290	241826678	3.0
249616748	241826678	2.0
249568414	241826678	4.0
249568741	241826678	4.0
491612442	241826678	4.0
249610714	241826678	4.0
249611205	241826678	3.0
249614761	241826678	3.0
249618251	241826678	3.0
249618436	241826678	3.0
241824892	241826678	2.0
241824895	241826678	2.0
249615571	241826678	2.0
249537667	241826678	4.0
362124559	241826678	1.0
241826772	241826772	0
249615423	241826772	3.0
249615471	241826772	3.0
249616342	241826772	3.0
362124558	241826772	1.0
241824884	241826772	1.0
241824900	241826772	1.0
241824932	241826772	1.0
408650396	241826772	4.0
241824896	241826772	1.0
249614838	241826772	2.0
249616878	241826772	2.0
249617741	241826772	2.0
249617743	241826772	2.0
249617746	241826772	3.0
249619448	241826772	3.0
249619469	241826772	3.0
241847991	241826772	3.0
241848673	241826772	3.0
241848731	241826772	3.0
241850111	241826772	4.0
241850197	241826772	4.0
513373338	241826772	3.0
585478683	241826772	3.0
585478684	241826772	3.0
585478685	241826772	3.0
585478686	241826772	3.0
248241813	241826772	3.0
249616344	241826772	3.0
249616838	241826772	1.0
249617865	241826772	1.0
249625177	241826772	4.0
241849155	241826772	3.0
221112276	241826772	3.0
314062166	241826772	3.0
558632923	241826772	1.0
362126673	241826772	3.0
362987717	241826772	3.0
362988357	241826772	3.0
366206962	241826772	3.0
585484692	241826772	3.0
585484693	241826772	3.0
585484694	241826772	3.0
255803281	241826772	2.0
255803441	241826772	2.0
249617696	241826772	1.0
249610713	241826772	3.0
249611204	241826772	3.0
492647789	241826772	2.0
221112281	241826772	3.0
249615569	241826772	2.0
249616343	241826772	3.0
249617924	241826772	2.0
241824887	241826772	2.0
241826753	241826772	2.0
241854290	241826772	3.0
249616748	241826772	2.0
249568414	241826772	4.0
249568741	241826772	4.0
491612442	241826772	4.0
249610714	241826772	4.0
249611205	241826772	3.0
249614761	241826772	3.0
249618251	241826772	3.0
249618436	241826772	3.0
241824892	241826772	2.0
241824895	241826772	1.0
249615571	241826772	2.0
249537667	241826772	4.0
362124559	241826772	1.0
249615423	249615423	0
249615471	249615423	0.0
249616342	249615423	1.0
362124558	249615423	3.0
241824884	249615423	3.0
241824900	249615423	3.0
241824932	249615423	3.0
408650396	249615423	4.0
241824896	249615423	3.0
249614838	249615423	1.0
249616878	249615423	3.0
249617741	249615423	2.0
249617743	249615423	2.0
249617746	249615423	2.0
249619448	249615423	4.0
249619469	249615423	4.0
241847991	249615423	4.0
241848673	249615423	4.0
241848731	249615423	4.0
241850111	249615423	4.0
241850197	249615423	4.0
513373338	249615423	3.0
585478683	249615423	3.0
585478684	249615423	3.0
585478685	249615423	4.0
585478686	249615423	3.0
248241813	249615423	3.0
249616344	249615423	2.0
249616838	249615423	3.0
249617865	249615423	3.0
249625177	249615423	4.0
241849155	249615423	4.0
221112276	249615423	3.0
314062166	249615423	3.0
558632923	249615423	3.0
362126673	249615423	4.0
362987717	249615423	3.0
362988357	249615423	3.0
366206962	249615423	4.0
585484692	249615423	4.0
585484693	249615423	4.0
585484694	249615423	4.0
255803281	249615423	3.0
255803441	249615423	3.0
249617696	249615423	3.0
249610713	249615423	3.0
249611204	249615423	2.0
492647789	249615423	2.0
221112281	249615423	3.0
249615569	249615423	2.0
249616343	249615423	1.0
249617924	249615423	2.0
241824887	249615423	3.0
241826753	249615423	3.0
241854290	249615423	3.0
249616748	249615423	2.0
249568414	249615423	3.0
249568741	249615423	3.0
491612442	249615423	3.0
249610714	249615423	3.0
249611205	249615423	3.0
249614761	249615423	1.0
249618251	249615423	3.0
249618436	249615423	3.0
241824892	249615423	3.0
241824895	249615423	3.0
249615571	249615423	1.0
249537667	249615423	4.0
362124559	249615423	3.0
249615471	249615471	0
249616342	249615471	0.0
362124558	249615471	3.0
241824884	249615471	3.0
241824900	249615471	3.0
241824932	249615471	3.0
408650396	249615471	4.0
241824896	249615471	3.0
249614838	249615471	0.0
249616878	249615471	2.0
249617741	249615471	2.0
249617743	249615471	2.0
249617746	249615471	2.0
249619448	249615471	4.0
249619469	249615471	3.0
241847991	249615471	4.0
241848673	249615471	4.0
241848731	249615471	4.0
241850111	249615471	4.0
241850197	249615471	4.0
513373338	249615471	3.0
585478683	249615471	3.0
585478684	249615471	3.0
585478685	249615471	3.0
585478686	249615471	3.0
248241813	249615471	2.0
249616344	249615471	1.0
249616838	249615471	2.0
249617865	249615471	3.0
249625177	249615471	4.0
241849155	249615471	4.0
221112276	249615471	3.0
314062166	249615471	2.0
558632923	249615471	3.0
362126673	249615471	4.0
362987717	249615471	3.0
362988357	249615471	3.0
366206962	249615471	4.0
585484692	249615471	4.0
585484693	249615471	4.0
585484694	249615471	4.0
255803281	249615471	3.0
255803441	249615471	3.0
249617696	249615471	3.0
249610713	249615471	3.0
249611204	249615471	3.0
492647789	249615471	2.0
221112281	249615471	3.0
249615569	249615471	1.0
249616343	249615471	1.0
249617924	249615471	2.0
241824887	249615471	3.0
241826753	249615471	3.0
241854290	249615471	3.0
249616748	249615471	2.0
249568414	249615471	3.0
249568741	249615471	3.0
491612442	249615471	3.0
249610714	249615471	3.0
249611205	249615471	3.0
249614761	249615471	2.0
249618251	249615471	3.0
249618436	249615471	2.0
241824892	249615471	3.0
241824895	249615471	3.0
249615571	249615471	0.0
249537667	249615471	3.0
362124559	249615471	3.0
249616342	249616342	0
362124558	249616342	3.0
241824884	249616342	3.0
241824900	249616342	3.0
241824932	249616342	3.0
408650396	249616342	4.0
241824896	249616342	3.0
249614838	249616342	2.0
249616878	249616342	2.0
249617741	249616342	2.0
249617743	249616342	2.0
249617746	249616342	2.0
249619448	249616342	3.0
249619469	249616342	3.0
241847991	249616342	4.0
241848673	249616342	4.0
241848731	249616342	4.0
241850111	249616342	4.0
241850197	249616342	4.0
513373338	249616342	3.0
585478683	249616342	3.0
585478684	249616342	3.0
585478685	249616342	3.0
585478686	249616342	3.0
248241813	249616342	2.0
249616344	249616342	0.0
249616838	249616342	2.0
249617865	249616342	3.0
249625177	249616342	4.0
241849155	249616342	4.0
221112276	249616342	2.0
314062166	249616342	2.0
558632923	249616342	2.0
362126673	249616342	4.0
362987717	249616342	3.0
362988357	249616342	3.0
366206962	249616342	3.0
585484692	249616342	4.0
585484693	249616342	4.0
585484694	249616342	4.0
255803281	249616342	3.0
255803441	249616342	3.0
249617696	249616342	2.0
249610713	249616342	2.0
249611204	249616342	3.0
492647789	249616342	2.0
221112281	249616342	2.0
249615569	249616342	1.0
249616343	249616342	0.0
249617924	249616342	2.0
241824887	249616342	3.0
241826753	249616342	3.0
241854290	249616342	3.0
249616748	249616342	1.0
249568414	249616342	4.0
249568741	249616342	3.0
491612442	249616342	3.0
249610714	249616342	3.0
249611205	249616342	2.0
249614761	249616342	2.0
249618251	249616342	3.0
249618436	249616342	2.0
241824892	249616342	3.0
241824895	249616342	3.0
249615571	249616342	2.0
249537667	249616342	3.0
362124559	249616342	3.0
362124558	362124558	0
241824884	362124558	0.0
241824900	362124558	0.0
241824932	362124558	0.0
408650396	362124558	4.0
241824896	362124558	0.0
249614838	362124558	2.0
249616878	362124558	3.0
249617741	362124558	2.0
249617743	362124558	2.0
249617746	362124558	2.0
249619448	362124558	2.0
249619469	362124558	3.0
241847991	362124558	3.0
241848673	362124558	3.0
241848731	362124558	3.0
241850111	362124558	4.0
241850197	362124558	4.0
513373338	362124558	4.0
585478683	362124558	3.0
585478684	362124558	2.0
585478685	362124558	3.0
585478686	362124558	2.0
248241813	362124558	4.0
249616344	362124558	3.0
249616838	362124558	2.0
249617865	362124558	2.0
249625177	362124558	3.0
241849155	362124558	4.0
221112276	362124558	4.0
314062166	362124558	2.0
558632923	362124558	2.0
362126673	362124558	3.0
362987717	362124558	3.0
362988357	362124558	3.0
366206962	362124558	2.0
585484692	362124558	2.0
585484693	362124558	2.0
585484694	362124558	2.0
255803281	362124558	2.0
255803441	362124558	2.0
249617696	362124558	2.0
249610713	362124558	4.0
249611204	362124558	4.0
492647789	362124558	2.0
221112281	362124558	4.0
249615569	362124558	2.0
249616343	362124558	3.0
249617924	362124558	2.0
241824887	362124558	1.0
241826753	362124558	2.0
241854290	362124558	2.0
249616748	362124558	3.0
249568414	362124558	4.0
249568741	362124558	4.0
491612442	362124558	4.0
249610714	362124558	4.0
249611205	362124558	4.0
249614761	362124558	4.0
249618251	362124558	2.0
249618436	362124558	2.0
241824892	362124558	0.0
241824895	362124558	0.0
249615571	362124558	3.0
249537667	362124558	4.0
362124559	362124558	1.0
241824884	241824884	0
241824900	241824884	0.0
241824932	241824884	0.0
408650396	241824884	4.0
241824896	241824884	0.0
249614838	241824884	3.0
249616878	241824884	3.0
249617741	241824884	2.0
249617743	241824884	2.0
249617746	241824884	2.0
249619448	241824884	2.0
249619469	241824884	3.0
241847991	241824884	3.0
241848673	241824884	3.0
241848731	241824884	3.0
241850111	241824884	4.0
241850197	241824884	4.0
513373338	241824884	4.0
585478683	241824884	4.0
585478684	241824884	2.0
585478685	241824884	4.0
585478686	241824884	2.0
248241813	241824884	4.0
249616344	241824884	3.0
249616838	241824884	3.0
249617865	241824884	2.0
249625177	241824884	3.0
241849155	241824884	4.0
221112276	241824884	4.0
314062166	241824884	2.0
558632923	241824884	3.0
362126673	241824884	2.0
362987717	241824884	3.0
362988357	241824884	3.0
366206962	241824884	2.0
585484692	241824884	2.0
585484693	241824884	2.0
585484694	241824884	2.0
255803281	241824884	2.0
255803441	241824884	2.0
249617696	241824884	2.0
249610713	241824884	4.0
249611204	241824884	4.0
492647789	241824884	3.0
221112281	241824884	4.0
249615569	241824884	2.0
249616343	241824884	3.0
249617924	241824884	2.0
241824887	241824884	1.0
241826753	241824884	2.0
241854290	241824884	1.0
249616748	241824884	3.0
249568414	241824884	4.0
249568741	241824884	4.0
491612442	241824884	4.0
249610714	241824884	4.0
249611205	241824884	4.0
249614761	241824884	4.0
249618251	241824884	3.0
249618436	241824884	2.0
241824892	241824884	0.0
241824895	241824884	0.0
249615571	241824884	3.0
249537667	241824884	4.0
362124559	241824884	1.0
241824900	241824900	0
241824932	241824900	0.0
408650396	241824900	4.0
241824896	241824900	1.0
249614838	241824900	3.0
249616878	241824900	3.0
249617741	241824900	3.0
249617743	241824900	2.0
249617746	241824900	2.0
249619448	241824900	3.0
249619469	241824900	3.0
241847991	241824900	4.0
241848673	241824900	4.0
241848731	241824900	3.0
241850111	241824900	4.0
241850197	241824900	4.0
513373338	241824900	4.0
585478683	241824900	3.0
585478684	241824900	2.0
585478685	241824900	3.0
585478686	241824900	2.0
248241813	241824900	4.0
249616344	241824900	3.0
249616838	241824900	2.0
249617865	241824900	2.0
249625177	241824900	3.0
241849155	241824900	4.0
221112276	241824900	4.0
314062166	241824900	2.0
558632923	241824900	2.0
362126673	241824900	2.0
362987717	241824900	3.0
362988357	241824900	3.0
366206962	241824900	2.0
585484692	241824900	2.0
585484693	241824900	2.0
585484694	241824900	2.0
255803281	241824900	2.0
255803441	241824900	2.0
249617696	241824900	2.0
249610713	241824900	4.0
249611204	241824900	4.0
492647789	241824900	3.0
221112281	241824900	4.0
249615569	241824900	2.0
249616343	241824900	3.0
249617924	241824900	2.0
241824887	241824900	2.0
241826753	241824900	2.0
241854290	241824900	2.0
249616748	241824900	3.0
249568414	241824900	4.0
249568741	241824900	4.0
491612442	241824900	4.0
249610714	241824900	4.0
249611205	241824900	4.0
249614761	241824900	4.0
249618251	241824900	3.0
249618436	241824900	2.0
241824892	241824900	1.0
241824895	241824900	0.0
249615571	241824900	3.0
249537667	241824900	4.0
362124559	241824900	2.0
241824932	241824932	0
408650396	241824932	4.0
241824896	241824932	1.0
249614838	241824932	2.0
249616878	241824932	3.0
249617741	241824932	2.0
249617743	241824932	2.0
249617746	241824932	2.0
249619448	241824932	3.0
249619469	241824932	3.0
241847991	241824932	4.0
241848673	241824932	4.0
241848731	241824932	4.0
241850111	241824932	4.0
241850197	241824932	4.0
513373338	241824932	4.0
585478683	241824932	3.0
585478684	241824932	2.0
585478685	241824932	3.0
585478686	241824932	2.0
248241813	241824932	3.0
249616344	241824932	3.0
249616838	241824932	2.0
249617865	241824932	2.0
249625177	241824932	3.0
241849155	241824932	4.0
221112276	241824932	4.0
314062166	241824932	2.0
558632923	241824932	2.0
362126673	241824932	3.0
362987717	241824932	3.0
362988357	241824932	3.0
366206962	241824932	2.0
585484692	241824932	2.0
585484693	241824932	2.0
585484694	241824932	2.0
255803281	241824932	2.0
255803441	241824932	2.0
249617696	241824932	2.0
249610713	241824932	4.0
249611204	241824932	4.0
492647789	241824932	2.0
221112281	241824932	4.0
249615569	241824932	2.0
249616343	241824932	3.0
249617924	241824932	2.0
241824887	241824932	2.0
241826753	241824932	2.0
241854290	241824932	2.0
249616748	241824932	3.0
249568414	241824932	4.0
249568741	241824932	4.0
491612442	241824932	4.0
249610714	241824932	4.0
249611205	241824932	4.0
249614761	241824932	4.0
249618251	241824932	2.0
249618436	241824932	2.0
241824892	241824932	1.0
241824895	241824932	1.0
249615571	241824932	2.0
249537667	241824932	4.0
362124559	241824932	1.0
408650396	408650396	0
241824896	408650396	4.0
249614838	408650396	4.0
249616878	408650396	4.0
249617741	408650396	4.0
249617743	408650396	4.0
249617746	408650396	4.0
249619448	408650396	4.0
249619469	408650396	4.0
241847991	408650396	2.0
241848673	408650396	1.0
241848731	408650396	1.0
241850111	408650396	1.0
241850197	408650396	1.0
513373338	408650396	3.0
585478683	408650396	4.0
585478684	408650396	4.0
585478685	408650396	4.0
585478686	408650396	4.0
248241813	408650396	3.0
249616344	408650396	4.0
249616838	408650396	3.0
249617865	408650396	4.0
249625177	408650396	4.0
241849155	408650396	2.0
221112276	408650396	4.0
314062166	408650396	4.0
558632923	408650396	3.0
362126673	408650396	4.0
362987717	408650396	4.0
362988357	408650396	4.0
366206962	408650396	4.0
585484692	408650396	4.0
585484693	408650396	4.0
585484694	408650396	4.0
255803281	408650396	3.0
255803441	408650396	3.0
249617696	408650396	4.0
249610713	408650396	4.0
249611204	408650396	4.0
492647789	408650396	4.0
221112281	408650396	4.0
249615569	408650396	4.0
249616343	408650396	4.0
249617924	408650396	4.0
241824887	408650396	3.0
241826753	408650396	3.0
241854290	408650396	4.0
249616748	408650396	3.0
249568414	408650396	4.0
249568741	408650396	5.0
491612442	408650396	5.0
249610714	408650396	4.0
249611205	408650396	4.0
249614761	408650396	4.0
249618251	408650396	4.0
249618436	408650396	4.0
241824892	408650396	4.0
241824895	408650396	4.0
249615571	408650396	4.0
249537667	408650396	3.0
362124559	408650396	4.0
241824896	241824896	0
249614838	241824896	3.0
249616878	241824896	3.0
249617741	241824896	2.0
249617743	241824896	2.0
249617746	241824896	2.0
249619448	241824896	3.0
249619469	241824896	3.0
241847991	241824896	3.0
241848673	241824896	3.0
241848731	241824896	3.0
241850111	241824896	4.0
241850197	241824896	4.0
513373338	241824896	4.0
585478683	241824896	3.0
585478684	241824896	2.0
585478685	241824896	3.0
585478686	241824896	2.0
248241813	241824896	3.0
249616344	241824896	3.0
249616838	241824896	2.0
249617865	241824896	2.0
249625177	241824896	3.0
241849155	241824896	4.0
221112276	241824896	4.0
314062166	241824896	2.0
558632923	241824896	2.0
362126673	241824896	3.0
362987717	241824896	3.0
362988357	241824896	3.0
366206962	241824896	2.0
585484692	241824896	2.0
585484693	241824896	2.0
585484694	241824896	2.0
255803281	241824896	2.0
255803441	241824896	1.0
249617696	241824896	2.0
249610713	241824896	4.0
249611204	241824896	4.0
492647789	241824896	3.0
221112281	241824896	4.0
249615569	241824896	2.0
249616343	241824896	3.0
249617924	241824896	2.0
241824887	241824896	1.0
241826753	241824896	1.0
241854290	241824896	2.0
249616748	241824896	3.0
249568414	241824896	4.0
249568741	241824896	4.0
491612442	241824896	4.0
249610714	241824896	4.0
249611205	241824896	4.0
249614761	241824896	4.0
249618251	241824896	3.0
249618436	241824896	2.0
241824892	241824896	1.0
241824895	241824896	0.0
249615571	241824896	3.0
249537667	241824896	4.0
362124559	241824896	1.0
249614838	249614838	0
249616878	249614838	3.0
249617741	249614838	1.0
249617743	249614838	1.0
249617746	249614838	1.0
249619448	249614838	3.0
249619469	249614838	3.0
241847991	249614838	4.0
241848673	249614838	4.0
241848731	249614838	4.0
241850111	249614838	4.0
241850197	249614838	4.0
513373338	249614838	3.0
585478683	249614838	4.0
585478684	249614838	2.0
585478685	249614838	4.0
585478686	249614838	2.0
248241813	249614838	3.0
249616344	249614838	2.0
249616838	249614838	3.0
249617865	249614838	2.0
249625177	249614838	3.0
241849155	249614838	4.0
221112276	249614838	3.0
314062166	249614838	2.0
558632923	249614838	3.0
362126673	249614838	3.0
362987717	249614838	3.0
362988357	249614838	3.0
366206962	249614838	3.0
585484692	249614838	3.0
585484693	249614838	3.0
585484694	249614838	3.0
255803281	249614838	3.0
255803441	249614838	3.0
249617696	249614838	2.0
249610713	249614838	3.0
249611204	249614838	3.0
492647789	249614838	3.0
221112281	249614838	3.0
249615569	249614838	0.0
249616343	249614838	2.0
249617924	249614838	1.0
241824887	249614838	3.0
241826753	249614838	3.0
241854290	249614838	3.0
249616748	249614838	3.0
249568414	249614838	3.0
249568741	249614838	3.0
491612442	249614838	3.0
249610714	249614838	4.0
249611205	249614838	3.0
249614761	249614838	3.0
249618251	249614838	2.0
249618436	249614838	2.0
241824892	249614838	3.0
241824895	249614838	3.0
249615571	249614838	0.0
249537667	249614838	4.0
362124559	249614838	2.0
249616878	249616878	0
249617741	249616878	3.0
249617743	249616878	3.0
249617746	249616878	3.0
249619448	249616878	3.0
249619469	249616878	4.0
241847991	249616878	3.0
241848673	249616878	3.0
241848731	249616878	3.0
241850111	249616878	4.0
241850197	249616878	4.0
513373338	249616878	3.0
585478683	249616878	3.0
585478684	249616878	3.0
585478685	249616878	3.0
585478686	249616878	3.0
248241813	249616878	2.0
249616344	249616878	1.0
249616838	249616878	0.0
249617865	249616878	3.0
249625177	249616878	4.0
241849155	249616878	3.0
221112276	249616878	3.0
314062166	249616878	2.0
558632923	249616878	1.0
362126673	249616878	3.0
362987717	249616878	4.0
362988357	249616878	3.0
366206962	249616878	3.0
585484692	249616878	4.0
585484693	249616878	3.0
585484694	249616878	3.0
255803281	249616878	2.0
255803441	249616878	2.0
249617696	249616878	2.0
249610713	249616878	3.0
249611204	249616878	3.0
492647789	249616878	0.0
221112281	249616878	3.0
249615569	249616878	3.0
249616343	249616878	2.0
249617924	249616878	3.0
241824887	249616878	3.0
241826753	249616878	2.0
241854290	249616878	3.0
249616748	249616878	0.0
249568414	249616878	3.0
249568741	249616878	4.0
491612442	249616878	4.0
249610714	249616878	3.0
249611205	249616878	3.0
249614761	249616878	3.0
249618251	249616878	3.0
249618436	249616878	3.0
241824892	249616878	3.0
241824895	249616878	3.0
249615571	249616878	3.0
249537667	249616878	3.0
362124559	249616878	2.0
249617741	249617741	0
249617743	249617741	0.0
249617746	249617741	1.0
249619448	249617741	3.0
249619469	249617741	3.0
241847991	249617741	4.0
241848673	249617741	4.0
241848731	249617741	4.0
241850111	249617741	4.0
241850197	249617741	4.0
513373338	249617741	3.0
585478683	249617741	3.0
585478684	249617741	1.0
585478685	249617741	3.0
585478686	249617741	1.0
248241813	249617741	3.0
249616344	249617741	2.0
249616838	249617741	2.0
249617865	249617741	2.0
249625177	249617741	3.0
241849155	249617741	4.0
221112276	249617741	3.0
314062166	249617741	1.0
558632923	249617741	3.0
362126673	249617741	3.0
362987717	249617741	3.0
362988357	249617741	2.0
366206962	249617741	3.0
585484692	249617741	3.0
585484693	249617741	3.0
585484694	249617741	3.0
255803281	249617741	3.0
255803441	249617741	3.0
249617696	249617741	2.0
249610713	249617741	3.0
249611204	249617741	3.0
492647789	249617741	3.0
221112281	249617741	3.0
249615569	249617741	1.0
249616343	249617741	2.0
249617924	249617741	0.0
241824887	249617741	2.0
241826753	249617741	2.0
241854290	249617741	2.0
249616748	249617741	3.0
249568414	249617741	3.0
249568741	249617741	3.0
491612442	249617741	3.0
249610714	249617741	4.0
249611205	249617741	3.0
249614761	249617741	3.0
249618251	249617741	2.0
249618436	249617741	0.0
241824892	249617741	3.0
241824895	249617741	3.0
249615571	249617741	1.0
249537667	249617741	4.0
362124559	249617741	2.0
249617743	249617743	0
249617746	249617743	1.0
249619448	249617743	3.0
249619469	249617743	3.0
241847991	249617743	4.0
241848673	249617743	4.0
241848731	249617743	4.0
241850111	249617743	4.0
241850197	249617743	4.0
513373338	249617743	3.0
585478683	249617743	3.0
585478684	249617743	1.0
585478685	249617743	3.0
585478686	249617743	1.0
248241813	249617743	3.0
249616344	249617743	2.0
249616838	249617743	2.0
249617865	249617743	2.0
249625177	249617743	3.0
241849155	249617743	4.0
221112276	249617743	3.0
314062166	249617743	1.0
558632923	249617743	3.0
362126673	249617743	3.0
362987717	249617743	3.0
362988357	249617743	2.0
366206962	249617743	3.0
585484692	249617743	3.0
585484693	249617743	3.0
585484694	249617743	3.0
255803281	249617743	3.0
255803441	249617743	3.0
249617696	249617743	2.0
249610713	249617743	3.0
249611204	249617743	3.0
492647789	249617743	3.0
221112281	249617743	3.0
249615569	249617743	1.0
249616343	249617743	2.0
249617924	249617743	0.0
241824887	249617743	2.0
241826753	249617743	2.0
241854290	249617743	2.0
249616748	249617743	3.0
249568414	249617743	3.0
249568741	249617743	3.0
491612442	249617743	3.0
249610714	249617743	4.0
249611205	249617743	3.0
249614761	249617743	3.0
249618251	249617743	2.0
249618436	249617743	0.0
241824892	249617743	3.0
241824895	249617743	3.0
249615571	249617743	1.0
249537667	249617743	4.0
362124559	249617743	2.0
249617746	249617746	0
249619448	249617746	3.0
249619469	249617746	3.0
241847991	249617746	4.0
241848673	249617746	4.0
241848731	249617746	4.0
241850111	249617746	4.0
241850197	249617746	4.0
513373338	249617746	3.0
585478683	249617746	4.0
585478684	249617746	2.0
585478685	249617746	4.0
585478686	249617746	3.0
248241813	249617746	3.0
249616344	249617746	2.0
249616838	249617746	3.0
249617865	249617746	2.0
249625177	249617746	3.0
241849155	249617746	4.0
221112276	249617746	4.0
314062166	249617746	3.0
558632923	249617746	3.0
362126673	249617746	3.0
362987717	249617746	3.0
362988357	249617746	3.0
366206962	249617746	3.0
585484692	249617746	3.0
585484693	249617746	3.0
585484694	249617746	3.0
255803281	249617746	3.0
255803441	249617746	3.0
249617696	249617746	2.0
249610713	249617746	3.0
249611204	249617746	4.0
492647789	249617746	3.0
221112281	249617746	3.0
249615569	249617746	1.0
249616343	249617746	2.0
249617924	249617746	0.0
241824887	249617746	3.0
241826753	249617746	3.0
241854290	249617746	3.0
249616748	249617746	3.0
249568414	249617746	3.0
249568741	249617746	4.0
491612442	249617746	3.0
249610714	249617746	4.0
249611205	249617746	3.0
249614761	249617746	3.0
249618251	249617746	2.0
249618436	249617746	2.0
241824892	249617746	3.0
241824895	249617746	2.0
249615571	249617746	1.0
249537667	249617746	4.0
362124559	249617746	2.0
249619448	249619448	0
249619469	249619448	0.0
241847991	249619448	4.0
241848673	249619448	4.0
241848731	249619448	4.0
241850111	249619448	4.0
241850197	249619448	4.0
513373338	249619448	4.0
585478683	249619448	4.0
585478684	249619448	3.0
585478685	249619448	4.0
585478686	249619448	4.0
248241813	249619448	4.0
249616344	249619448	4.0
249616838	249619448	3.0
249617865	249619448	3.0
249625177	249619448	2.0
241849155	249619448	4.0
221112276	249619448	4.0
314062166	249619448	3.0
558632923	249619448	3.0
362126673	249619448	0.0
362987717	249619448	3.0
362988357	249619448	4.0
366206962	249619448	1.0
585484692	249619448	1.0
585484693	249619448	1.0
585484694	249619448	1.0
255803281	249619448	3.0
255803441	249619448	3.0
249617696	249619448	3.0
249610713	249619448	4.0
249611204	249619448	4.0
492647789	249619448	3.0
221112281	249619448	4.0
249615569	249619448	3.0
249616343	249619448	4.0
249617924	249619448	3.0
241824887	249619448	2.0
241826753	249619448	3.0
241854290	249619448	2.0
249616748	249619448	4.0
249568414	249619448	4.0
249568741	249619448	4.0
491612442	249619448	4.0
249610714	249619448	4.0
249611205	249619448	4.0
249614761	249619448	4.0
249618251	249619448	3.0
249618436	249619448	3.0
241824892	249619448	2.0
241824895	249619448	2.0
249615571	249619448	3.0
249537667	249619448	4.0
362124559	249619448	3.0
249619469	249619469	0
241847991	249619469	4.0
241848673	249619469	4.0
241848731	249619469	4.0
241850111	249619469	4.0
241850197	249619469	4.0
513373338	249619469	4.0
585478683	249619469	4.0
585478684	249619469	3.0
585478685	249619469	4.0
585478686	249619469	4.0
248241813	249619469	4.0
249616344	249619469	4.0
249616838	249619469	3.0
249617865	249619469	3.0
249625177	249619469	2.0
241849155	249619469	4.0
221112276	249619469	4.0
314062166	249619469	3.0
558632923	249619469	4.0
362126673	249619469	1.0
362987717	249619469	2.0
362988357	249619469	4.0
366206962	249619469	2.0
585484692	249619469	2.0
585484693	249619469	2.0
585484694	249619469	2.0
255803281	249619469	3.0
255803441	249619469	3.0
249617696	249619469	3.0
249610713	249619469	4.0
249611204	249619469	4.0
492647789	249619469	4.0
221112281	249619469	4.0
249615569	249619469	3.0
249616343	249619469	3.0
249617924	249619469	3.0
241824887	249619469	3.0
241826753	249619469	3.0
241854290	249619469	2.0
249616748	249619469	4.0
249568414	249619469	4.0
249568741	249619469	4.0
491612442	249619469	4.0
249610714	249619469	4.0
249611205	249619469	4.0
249614761	249619469	4.0
249618251	249619469	2.0
249618436	249619469	3.0
241824892	249619469	3.0
241824895	249619469	3.0
249615571	249619469	3.0
249537667	249619469	4.0
362124559	249619469	3.0
241847991	241847991	0
241848673	241847991	0.0
241848731	241847991	0.0
241850111	241847991	2.0
241850197	241847991	2.0
513373338	241847991	3.0
585478683	241847991	4.0
585478684	241847991	4.0
585478685	241847991	4.0
585478686	241847991	4.0
248241813	241847991	3.0
249616344	241847991	3.0
249616838	241847991	3.0
249617865	241847991	4.0
249625177	241847991	4.0
241849155	241847991	2.0
221112276	241847991	4.0
314062166	241847991	4.0
558632923	241847991	3.0
362126673	241847991	4.0
362987717	241847991	4.0
362988357	241847991	4.0
366206962	241847991	4.0
585484692	241847991	4.0
585484693	241847991	4.0
585484694	241847991	4.0
255803281	241847991	3.0
255803441	241847991	3.0
249617696	241847991	4.0
249610713	241847991	4.0
249611204	241847991	4.0
492647789	241847991	3.0
221112281	241847991	4.0
249615569	241847991	4.0
249616343	241847991	4.0
249617924	241847991	4.0
241824887	241847991	3.0
241826753	241847991	3.0
241854290	241847991	4.0
249616748	241847991	3.0
249568414	241847991	5.0
249568741	241847991	4.0
491612442	241847991	4.0
249610714	241847991	4.0
249611205	241847991	4.0
249614761	241847991	4.0
249618251	241847991	4.0
249618436	241847991	4.0
241824892	241847991	3.0
241824895	241847991	3.0
249615571	241847991	4.0
249537667	241847991	4.0
362124559	241847991	3.0
241848673	241848673	0
241848731	241848673	0.0
241850111	241848673	2.0
241850197	241848673	2.0
513373338	241848673	3.0
585478683	241848673	4.0
585478684	241848673	4.0
585478685	241848673	4.0
585478686	241848673	4.0
248241813	241848673	3.0
249616344	241848673	3.0
249616838	241848673	3.0
249617865	241848673	4.0
249625177	241848673	4.0
241849155	241848673	1.0
221112276	241848673	4.0
314062166	241848673	4.0
558632923	241848673	3.0
362126673	241848673	4.0
362987717	241848673	4.0
362988357	241848673	4.0
366206962	241848673	4.0
585484692	241848673	4.0
585484693	241848673	4.0
585484694	241848673	4.0
255803281	241848673	3.0
255803441	241848673	3.0
249617696	241848673	4.0
249610713	241848673	3.0
249611204	241848673	4.0
492647789	241848673	3.0
221112281	241848673	3.0
249615569	241848673	4.0
249616343	241848673	3.0
249617924	241848673	4.0
241824887	241848673	3.0
241826753	241848673	3.0
241854290	241848673	3.0
249616748	241848673	3.0
249568414	241848673	4.0
249568741	241848673	4.0
491612442	241848673	4.0
249610714	241848673	4.0
249611205	241848673	3.0
249614761	241848673	4.0
249618251	241848673	4.0
249618436	241848673	4.0
241824892	241848673	3.0
241824895	241848673	3.0
249615571	241848673	4.0
249537667	241848673	4.0
362124559	241848673	3.0
241848731	241848731	0
241850111	241848731	2.0
241850197	241848731	2.0
513373338	241848731	3.0
585478683	241848731	4.0
585478684	241848731	4.0
585478685	241848731	4.0
585478686	241848731	4.0
248241813	241848731	3.0
249616344	241848731	3.0
249616838	241848731	3.0
249617865	241848731	4.0
249625177	241848731	4.0
241849155	241848731	1.0
221112276	241848731	3.0
314062166	241848731	4.0
558632923	241848731	3.0
362126673	241848731	4.0
362987717	241848731	4.0
362988357	241848731	4.0
366206962	241848731	4.0
585484692	241848731	4.0
585484693	241848731	4.0
585484694	241848731	4.0
255803281	241848731	3.0
255803441	241848731	3.0
249617696	241848731	4.0
249610713	241848731	3.0
249611204	241848731	4.0
492647789	241848731	3.0
221112281	241848731	3.0
249615569	241848731	4.0
249616343	241848731	3.0
249617924	241848731	4.0
241824887	241848731	3.0
241826753	241848731	3.0
241854290	241848731	3.0
249616748	241848731	3.0
249568414	241848731	4.0
249568741	241848731	4.0
491612442	241848731	4.0
249610714	241848731	4.0
249611205	241848731	3.0
249614761	241848731	4.0
249618251	241848731	4.0
249618436	241848731	4.0
241824892	241848731	3.0
241824895	241848731	3.0
249615571	241848731	4.0
249537667	241848731	4.0
362124559	241848731	3.0
241850111	241850111	0
241850197	241850111	0.0
513373338	241850111	4.0
585478683	241850111	4.0
585478684	241850111	4.0
585478685	241850111	4.0
585478686	241850111	4.0
248241813	241850111	3.0
249616344	241850111	4.0
249616838	241850111	3.0
249617865	241850111	4.0
249625177	241850111	4.0
241849155	241850111	2.0
221112276	241850111	4.0
314062166	241850111	4.0
558632923	241850111	3.0
362126673	241850111	4.0
362987717	241850111	4.0
362988357	241850111	4.0
366206962	241850111	4.0
585484692	241850111	4.0
585484693	241850111	4.0
585484694	241850111	4.0
255803281	241850111	3.0
255803441	241850111	3.0
249617696	241850111	4.0
249610713	241850111	4.0
249611204	241850111	4.0
492647789	241850111	4.0
221112281	241850111	4.0
249615569	241850111	4.0
249616343	241850111	4.0
249617924	241850111	4.0
241824887	241850111	3.0
241826753	241850111	3.0
241854290	241850111	4.0
249616748	241850111	4.0
249568414	241850111	4.0
249568741	241850111	5.0
491612442	241850111	4.0
249610714	241850111	4.0
249611205	241850111	4.0
249614761	241850111	4.0
249618251	241850111	4.0
249618436	241850111	4.0
241824892	241850111	4.0
241824895	241850111	4.0
249615571	241850111	4.0
249537667	241850111	3.0
362124559	241850111	4.0
241850197	241850197	0
513373338	241850197	4.0
585478683	241850197	4.0
585478684	241850197	4.0
585478685	241850197	4.0
585478686	241850197	4.0
248241813	241850197	4.0
249616344	241850197	4.0
249616838	241850197	3.0
249617865	241850197	4.0
249625177	241850197	4.0
241849155	241850197	2.0
221112276	241850197	4.0
314062166	241850197	4.0
558632923	241850197	3.0
362126673	241850197	4.0
362987717	241850197	4.0
362988357	241850197	4.0
366206962	241850197	4.0
585484692	241850197	4.0
585484693	241850197	4.0
585484694	241850197	4.0
255803281	241850197	3.0
255803441	241850197	3.0
249617696	241850197	4.0
249610713	241850197	4.0
249611204	241850197	4.0
492647789	241850197	4.0
221112281	241850197	4.0
249615569	241850197	4.0
249616343	241850197	4.0
249617924	241850197	4.0
241824887	241850197	4.0
241826753	241850197	3.0
241854290	241850197	4.0
249616748	241850197	4.0
249568414	241850197	4.0
249568741	241850197	5.0
491612442	241850197	4.0
249610714	241850197	4.0
249611205	241850197	4.0
249614761	241850197	4.0
249618251	241850197	4.0
249618436	241850197	4.0
241824892	241850197	4.0
241824895	241850197	4.0
249615571	241850197	4.0
249537667	241850197	3.0
362124559	241850197	4.0
513373338	513373338	0
585478683	513373338	4.0
585478684	513373338	4.0
585478685	513373338	4.0
585478686	513373338	4.0
248241813	513373338	2.0
249616344	513373338	2.0
249616838	513373338	3.0
249617865	513373338	4.0
249625177	513373338	4.0
241849155	513373338	3.0
221112276	513373338	2.0
314062166	513373338	3.0
558632923	513373338	3.0
362126673	513373338	4.0
362987717	513373338	4.0
362988357	513373338	4.0
366206962	513373338	4.0
585484692	513373338	4.0
585484693	513373338	4.0
585484694	513373338	4.0
255803281	513373338	3.0
255803441	513373338	3.0
249617696	513373338	4.0
249610713	513373338	2.0
249611204	513373338	2.0
492647789	513373338	3.0
221112281	513373338	2.0
249615569	513373338	3.0
249616343	513373338	2.0
249617924	513373338	3.0
241824887	513373338	4.0
241826753	513373338	4.0
241854290	513373338	4.0
249616748	513373338	3.0
249568414	513373338	3.0
249568741	513373338	3.0
491612442	513373338	3.0
249610714	513373338	3.0
249611205	513373338	2.0
249614761	513373338	2.0
249618251	513373338	4.0
249618436	513373338	3.0
241824892	513373338	4.0
241824895	513373338	4.0
249615571	513373338	3.0
249537667	513373338	2.0
362124559	513373338	4.0
585478683	585478683	0
585478684	585478683	4.0
585478685	585478683	0.0
585478686	585478683	5.0
248241813	585478683	3.0
249616344	585478683	3.0
249616838	585478683	2.0
249617865	585478683	3.0
249625177	585478683	4.0
241849155	585478683	4.0
221112276	585478683	4.0
314062166	585478683	4.0
558632923	585478683	3.0
362126673	585478683	4.0
362987717	585478683	4.0
362988357	585478683	2.0
366206962	585478683	4.0
585484692	585478683	4.0
585484693	585478683	4.0
585484694	585478683	4.0
255803281	585478683	3.0
255803441	585478683	3.0
249617696	585478683	3.0
249610713	585478683	4.0
249611204	585478683	4.0
492647789	585478683	3.0
221112281	585478683	4.0
249615569	585478683	3.0
249616343	585478683	3.0
249617924	585478683	3.0
241824887	585478683	3.0
241826753	585478683	3.0
241854290	585478683	4.0
249616748	585478683	3.0
249568414	585478683	4.0
249568741	585478683	4.0
491612442	585478683	4.0
249610714	585478683	4.0
249611205	585478683	4.0
249614761	585478683	3.0
249618251	585478683	4.0
249618436	585478683	4.0
241824892	585478683	3.0
241824895	585478683	4.0
249615571	585478683	4.0
249537667	585478683	4.0
362124559	585478683	3.0
585478684	585478684	0
585478685	585478684	4.0
585478686	585478684	0.0
248241813	585478684	3.0
249616344	585478684	3.0
249616838	585478684	2.0
249617865	585478684	2.0
249625177	585478684	3.0
241849155	585478684	4.0
221112276	585478684	4.0
314062166	585478684	1.0
558632923	585478684	3.0
362126673	585478684	3.0
362987717	585478684	2.0
362988357	585478684	1.0
366206962	585478684	3.0
585484692	585478684	3.0
585484693	585478684	3.0
585484694	585478684	3.0
255803281	585478684	3.0
255803441	585478684	3.0
249617696	585478684	0.0
249610713	585478684	4.0
249611204	585478684	4.0
492647789	585478684	3.0
221112281	585478684	4.0
249615569	585478684	2.0
249616343	585478684	3.0
249617924	585478684	2.0
241824887	585478684	3.0
241826753	585478684	3.0
241854290	585478684	3.0
249616748	585478684	3.0
249568414	585478684	4.0
249568741	585478684	4.0
491612442	585478684	3.0
249610714	585478684	4.0
249611205	585478684	4.0
249614761	585478684	3.0
249618251	585478684	0.0
249618436	585478684	2.0
241824892	585478684	3.0
241824895	585478684	2.0
249615571	585478684	2.0
249537667	585478684	4.0
362124559	585478684	2.0
585478685	585478685	0
585478686	585478685	5.0
248241813	585478685	3.0
249616344	585478685	3.0
249616838	585478685	2.0
249617865	585478685	3.0
249625177	585478685	4.0
241849155	585478685	4.0
221112276	585478685	4.0
314062166	585478685	4.0
558632923	585478685	3.0
362126673	585478685	4.0
362987717	585478685	4.0
362988357	585478685	1.0
366206962	585478685	4.0
585484692	585478685	4.0
585484693	585478685	4.0
585484694	585478685	4.0
255803281	585478685	3.0
255803441	585478685	3.0
249617696	585478685	3.0
249610713	585478685	4.0
249611204	585478685	4.0
492647789	585478685	3.0
221112281	585478685	4.0
249615569	585478685	4.0
249616343	585478685	3.0
249617924	585478685	3.0
241824887	585478685	3.0
241826753	585478685	3.0
241854290	585478685	4.0
249616748	585478685	3.0
249568414	585478685	4.0
249568741	585478685	4.0
491612442	585478685	4.0
249610714	585478685	4.0
249611205	585478685	4.0
249614761	585478685	3.0
249618251	585478685	4.0
249618436	585478685	4.0
241824892	585478685	3.0
241824895	585478685	4.0
249615571	585478685	4.0
249537667	585478685	4.0
362124559	585478685	3.0
585478686	585478686	0
248241813	585478686	3.0
249616344	585478686	3.0
249616838	585478686	3.0
249617865	585478686	2.0
249625177	585478686	4.0
241849155	585478686	4.0
221112276	585478686	4.0
314062166	585478686	1.0
558632923	585478686	3.0
362126673	585478686	3.0
362987717	585478686	3.0
362988357	585478686	1.0
366206962	585478686	3.0
585484692	585478686	3.0
585484693	585478686	3.0
585484694	585478686	3.0
255803281	585478686	3.0
255803441	585478686	3.0
249617696	585478686	1.0
249610713	585478686	4.0
249611204	585478686	4.0
492647789	585478686	3.0
221112281	585478686	4.0
249615569	585478686	2.0
249616343	585478686	3.0
249617924	585478686	2.0
241824887	585478686	3.0
241826753	585478686	3.0
241854290	585478686	3.0
249616748	585478686	3.0
249568414	585478686	4.0
249568741	585478686	4.0
491612442	585478686	4.0
249610714	585478686	4.0
249611205	585478686	4.0
249614761	585478686	3.0
249618251	585478686	3.0
249618436	585478686	2.0
241824892	585478686	3.0
241824895	585478686	2.0
249615571	585478686	2.0
249537667	585478686	4.0
362124559	585478686	2.0
248241813	248241813	0
249616344	248241813	2.0
249616838	248241813	3.0
249617865	248241813	3.0
249625177	248241813	4.0
241849155	248241813	3.0
221112276	248241813	2.0
314062166	248241813	3.0
558632923	248241813	2.0
362126673	248241813	4.0
362987717	248241813	4.0
362988357	248241813	4.0
366206962	248241813	4.0
585484692	248241813	4.0
585484693	248241813	4.0
585484694	248241813	4.0
255803281	248241813	3.0
255803441	248241813	3.0
249617696	248241813	3.0
249610713	248241813	2.0
249611204	248241813	3.0
492647789	248241813	2.0
221112281	248241813	2.0
249615569	248241813	3.0
249616343	248241813	2.0
249617924	248241813	3.0
241824887	248241813	3.0
241826753	248241813	3.0
241854290	248241813	4.0
249616748	248241813	1.0
249568414	248241813	3.0
249568741	248241813	4.0
491612442	248241813	4.0
249610714	248241813	3.0
249611205	248241813	2.0
249614761	248241813	3.0
249618251	248241813	4.0
249618436	248241813	3.0
241824892	248241813	3.0
241824895	248241813	3.0
249615571	248241813	3.0
249537667	248241813	3.0
362124559	248241813	3.0
249616344	249616344	0
249616838	249616344	2.0
249617865	249616344	3.0
249625177	249616344	4.0
241849155	249616344	3.0
221112276	249616344	2.0
314062166	249616344	2.0
558632923	249616344	2.0
362126673	249616344	4.0
362987717	249616344	3.0
362988357	249616344	3.0
366206962	249616344	4.0
585484692	249616344	4.0
585484693	249616344	4.0
585484694	249616344	4.0
255803281	249616344	3.0
255803441	249616344	3.0
249617696	249616344	3.0
249610713	249616344	2.0
249611204	249616344	2.0
492647789	249616344	1.0
221112281	249616344	2.0
249615569	249616344	2.0
249616343	249616344	0.0
249617924	249616344	2.0
241824887	249616344	3.0
241826753	249616344	3.0
241854290	249616344	3.0
249616748	249616344	1.0
249568414	249616344	3.0
249568741	249616344	3.0
491612442	249616344	3.0
249610714	249616344	3.0
249611205	249616344	2.0
249614761	249616344	2.0
249618251	249616344	3.0
249618436	249616344	3.0
241824892	249616344	3.0
241824895	249616344	3.0
249615571	249616344	2.0
249537667	249616344	3.0
362124559	249616344	3.0
249616838	249616838	0
249617865	249616838	2.0
249625177	249616838	4.0
241849155	249616838	3.0
221112276	249616838	3.0
314062166	249616838	2.0
558632923	249616838	1.0
362126673	249616838	3.0
362987717	249616838	4.0
362988357	249616838	3.0
366206962	249616838	3.0
585484692	249616838	3.0
585484693	249616838	3.0
585484694	249616838	3.0
255803281	249616838	2.0
255803441	249616838	2.0
249617696	249616838	2.0
249610713	249616838	3.0
249611204	249616838	3.0
492647789	249616838	0.0
221112281	249616838	3.0
249615569	249616838	3.0
249616343	249616838	2.0
249617924	249616838	3.0
241824887	249616838	2.0
241826753	249616838	2.0
241854290	249616838	3.0
249616748	249616838	1.0
249568414	249616838	3.0
249568741	249616838	4.0
491612442	249616838	4.0
249610714	249616838	3.0
249611205	249616838	3.0
249614761	249616838	3.0
249618251	249616838	3.0
249618436	249616838	2.0
241824892	249616838	3.0
241824895	249616838	3.0
249615571	249616838	3.0
249537667	249616838	3.0
362124559	249616838	2.0
249617865	249617865	0
249625177	249617865	4.0
241849155	249617865	4.0
221112276	249617865	4.0
314062166	249617865	1.0
558632923	249617865	2.0
362126673	249617865	3.0
362987717	249617865	3.0
362988357	249617865	3.0
366206962	249617865	3.0
585484692	249617865	3.0
585484693	249617865	3.0
585484694	249617865	3.0
255803281	249617865	2.0
255803441	249617865	2.0
249617696	249617865	0.0
249610713	249617865	4.0
249611204	249617865	4.0
492647789	249617865	2.0
221112281	249617865	3.0
249615569	249617865	2.0
249616343	249617865	3.0
249617924	249617865	2.0
241824887	249617865	2.0
241826753	249617865	2.0
241854290	249617865	3.0
249616748	249617865	3.0
249568414	249617865	4.0
249568741	249617865	4.0
491612442	249617865	4.0
249610714	249617865	4.0
249611205	249617865	3.0
249614761	249617865	3.0
249618251	249617865	2.0
249618436	249617865	2.0
241824892	249617865	2.0
241824895	249617865	2.0
249615571	249617865	2.0
249537667	249617865	4.0
362124559	249617865	1.0
249625177	249625177	0
241849155	249625177	4.0
221112276	249625177	4.0
314062166	249625177	3.0
558632923	249625177	4.0
362126673	249625177	2.0
362987717	249625177	2.0
362988357	249625177	4.0
366206962	249625177	3.0
585484692	249625177	3.0
585484693	249625177	3.0
585484694	249625177	3.0
255803281	249625177	4.0
255803441	249625177	3.0
249617696	249625177	3.0
249610713	249625177	4.0
249611204	249625177	4.0
492647789	249625177	4.0
221112281	249625177	4.0
249615569	249625177	3.0
249616343	249625177	4.0
249617924	249625177	3.0
241824887	249625177	3.0
241826753	249625177	3.0
241854290	249625177	3.0
249616748	249625177	4.0
249568414	249625177	4.0
249568741	249625177	4.0
491612442	249625177	4.0
249610714	249625177	4.0
249611205	249625177	4.0
249614761	249625177	4.0
249618251	249625177	3.0
249618436	249625177	3.0
241824892	249625177	3.0
241824895	249625177	3.0
249615571	249625177	3.0
249537667	249625177	4.0
362124559	249625177	4.0
241849155	241849155	0
221112276	241849155	3.0
314062166	241849155	4.0
558632923	241849155	3.0
362126673	241849155	4.0
362987717	241849155	4.0
362988357	241849155	4.0
366206962	241849155	4.0
585484692	241849155	4.0
585484693	241849155	4.0
585484694	241849155	4.0
255803281	241849155	3.0
255803441	241849155	3.0
249617696	241849155	4.0
249610713	241849155	3.0
249611204	241849155	4.0
492647789	241849155	3.0
221112281	241849155	3.0
249615569	241849155	4.0
249616343	241849155	3.0
249617924	241849155	4.0
241824887	241849155	3.0
241826753	241849155	3.0
241854290	241849155	4.0
249616748	241849155	3.0
249568414	241849155	4.0
249568741	241849155	4.0
491612442	241849155	4.0
249610714	241849155	4.0
249611205	241849155	3.0
249614761	241849155	4.0
249618251	241849155	4.0
249618436	241849155	4.0
241824892	241849155	3.0
241824895	241849155	4.0
249615571	241849155	4.0
249537667	241849155	3.0
362124559	241849155	4.0
221112276	221112276	0
314062166	221112276	4.0
558632923	221112276	3.0
362126673	221112276	4.0
362987717	221112276	4.0
362988357	221112276	4.0
366206962	221112276	4.0
585484692	221112276	4.0
585484693	221112276	4.0
585484694	221112276	4.0
255803281	221112276	3.0
255803441	221112276	3.0
249617696	221112276	4.0
249610713	221112276	2.0
249611204	221112276	0.0
492647789	221112276	3.0
221112281	221112276	2.0
249615569	221112276	3.0
249616343	221112276	2.0
249617924	221112276	3.0
241824887	221112276	4.0
241826753	221112276	3.0
241854290	221112276	4.0
249616748	221112276	3.0
249568414	221112276	2.0
249568741	221112276	3.0
491612442	221112276	2.0
249610714	221112276	2.0
249611205	221112276	2.0
249614761	221112276	2.0
249618251	221112276	4.0
249618436	221112276	4.0
241824892	221112276	4.0
241824895	221112276	4.0
249615571	221112276	3.0
249537667	221112276	3.0
362124559	221112276	4.0
314062166	314062166	0
558632923	314062166	3.0
362126673	314062166	3.0
362987717	314062166	2.0
362988357	314062166	2.0
366206962	314062166	3.0
585484692	314062166	3.0
585484693	314062166	3.0
585484694	314062166	3.0
255803281	314062166	3.0
255803441	314062166	3.0
249617696	314062166	2.0
249610713	314062166	3.0
249611204	314062166	4.0
492647789	314062166	2.0
221112281	314062166	4.0
249615569	314062166	1.0
249616343	314062166	2.0
249617924	314062166	1.0
241824887	314062166	2.0
241826753	314062166	2.0
241854290	314062166	2.0
249616748	314062166	3.0
249568414	314062166	4.0
249568741	314062166	4.0
491612442	314062166	3.0
249610714	314062166	4.0
249611205	314062166	4.0
249614761	314062166	3.0
249618251	314062166	2.0
249618436	314062166	0.0
241824892	314062166	3.0
241824895	314062166	2.0
249615571	314062166	2.0
249537667	314062166	4.0
362124559	314062166	2.0
558632923	558632923	0
362126673	558632923	3.0
362987717	558632923	3.0
362988357	558632923	3.0
366206962	558632923	3.0
585484692	558632923	3.0
585484693	558632923	3.0
585484694	558632923	3.0
255803281	558632923	2.0
255803441	558632923	2.0
249617696	558632923	2.0
249610713	558632923	3.0
249611204	558632923	3.0
492647789	558632923	1.0
221112281	558632923	3.0
249615569	558632923	3.0
249616343	558632923	2.0
249617924	558632923	3.0
241824887	558632923	2.0
241826753	558632923	2.0
241854290	558632923	3.0
249616748	558632923	2.0
249568414	558632923	4.0
249568741	558632923	4.0
491612442	558632923	4.0
249610714	558632923	4.0
249611205	558632923	3.0
249614761	558632923	3.0
249618251	558632923	3.0
249618436	558632923	3.0
241824892	558632923	3.0
241824895	558632923	3.0
249615571	558632923	3.0
249537667	558632923	4.0
362124559	558632923	2.0
362126673	362126673	0
362987717	362126673	3.0
362988357	362126673	4.0
366206962	362126673	2.0
585484692	362126673	1.0
585484693	362126673	1.0
585484694	362126673	1.0
255803281	362126673	3.0
255803441	362126673	3.0
249617696	362126673	3.0
249610713	362126673	4.0
249611204	362126673	4.0
492647789	362126673	3.0
221112281	362126673	4.0
249615569	362126673	3.0
249616343	362126673	4.0
249617924	362126673	3.0
241824887	362126673	3.0
241826753	362126673	3.0
241854290	362126673	2.0
249616748	362126673	4.0
249568414	362126673	4.0
249568741	362126673	4.0
491612442	362126673	4.0
249610714	362126673	4.0
249611205	362126673	4.0
249614761	362126673	4.0
249618251	362126673	3.0
249618436	362126673	3.0
241824892	362126673	2.0
241824895	362126673	3.0
249615571	362126673	3.0
249537667	362126673	4.0
362124559	362126673	3.0
362987717	362987717	0
362988357	362987717	4.0
366206962	362987717	3.0
585484692	362987717	3.0
585484693	362987717	3.0
585484694	362987717	3.0
255803281	362987717	3.0
255803441	362987717	3.0
249617696	362987717	2.0
249610713	362987717	4.0
249611204	362987717	4.0
492647789	362987717	4.0
221112281	362987717	4.0
249615569	362987717	3.0
249616343	362987717	3.0
249617924	362987717	3.0
241824887	362987717	3.0
241826753	362987717	3.0
241854290	362987717	3.0
249616748	362987717	4.0
249568414	362987717	4.0
249568741	362987717	4.0
491612442	362987717	4.0
249610714	362987717	4.0
249611205	362987717	4.0
249614761	362987717	4.0
249618251	362987717	1.0
249618436	362987717	2.0
241824892	362987717	3.0
241824895	362987717	3.0
249615571	362987717	3.0
249537667	362987717	4.0
362124559	362987717	3.0
362988357	362988357	0
366206962	362988357	4.0
585484692	362988357	4.0
585484693	362988357	4.0
585484694	362988357	4.0
255803281	362988357	3.0
255803441	362988357	3.0
249617696	362988357	2.0
249610713	362988357	4.0
249611204	362988357	4.0
492647789	362988357	3.0
221112281	362988357	4.0
249615569	362988357	3.0
249616343	362988357	4.0
249617924	362988357	3.0
241824887	362988357	3.0
241826753	362988357	3.0
241854290	362988357	4.0
249616748	362988357	3.0
249568414	362988357	4.0
249568741	362988357	4.0
491612442	362988357	4.0
249610714	362988357	4.0
249611205	362988357	4.0
249614761	362988357	4.0
249618251	362988357	3.0
249618436	362988357	3.0
241824892	362988357	3.0
241824895	362988357	3.0
249615571	362988357	3.0
249537667	362988357	4.0
362124559	362988357	3.0
366206962	366206962	0
585484692	366206962	2.0
585484693	366206962	2.0
585484694	366206962	2.0
255803281	366206962	3.0
255803441	366206962	2.0
249617696	366206962	3.0
249610713	366206962	4.0
249611204	366206962	4.0
492647789	366206962	3.0
221112281	366206962	4.0
249615569	366206962	3.0
249616343	366206962	4.0
249617924	366206962	3.0
241824887	366206962	2.0
241826753	366206962	3.0
241854290	366206962	0.0
249616748	366206962	3.0
249568414	366206962	4.0
249568741	366206962	4.0
491612442	366206962	4.0
249610714	366206962	4.0
249611205	366206962	4.0
249614761	366206962	4.0
249618251	366206962	3.0
249618436	366206962	3.0
241824892	366206962	1.0
241824895	366206962	2.0
249615571	366206962	3.0
249537667	366206962	4.0
362124559	366206962	2.0
585484692	585484692	0
585484693	585484692	0.0
585484694	585484692	0.0
255803281	585484692	3.0
255803441	585484692	3.0
249617696	585484692	3.0
249610713	585484692	4.0
249611204	585484692	4.0
492647789	585484692	3.0
221112281	585484692	4.0
249615569	585484692	3.0
249616343	585484692	4.0
249617924	585484692	3.0
241824887	585484692	3.0
241826753	585484692	3.0
241854290	585484692	1.0
249616748	585484692	3.0
249568414	585484692	4.0
249568741	585484692	4.0
491612442	585484692	4.0
249610714	585484692	4.0
249611205	585484692	4.0
249614761	585484692	4.0
249618251	585484692	3.0
249618436	585484692	3.0
241824892	585484692	2.0
241824895	585484692	3.0
249615571	585484692	3.0
249537667	585484692	4.0
362124559	585484692	3.0
585484693	585484693	0
585484694	585484693	0.0
255803281	585484693	3.0
255803441	585484693	2.0
249617696	585484693	3.0
249610713	585484693	4.0
249611204	585484693	4.0
492647789	585484693	3.0
221112281	585484693	4.0
249615569	585484693	3.0
249616343	585484693	4.0
249617924	585484693	3.0
241824887	585484693	2.0
241826753	585484693	3.0
241854290	585484693	1.0
249616748	585484693	3.0
249568414	585484693	4.0
249568741	585484693	4.0
491612442	585484693	4.0
249610714	585484693	4.0
249611205	585484693	4.0
249614761	585484693	4.0
249618251	585484693	3.0
249618436	585484693	3.0
241824892	585484693	1.0
241824895	585484693	3.0
249615571	585484693	3.0
249537667	585484693	4.0
362124559	585484693	3.0
585484694	585484694	0
255803281	585484694	3.0
255803441	585484694	2.0
249617696	585484694	3.0
249610713	585484694	4.0
249611204	585484694	4.0
492647789	585484694	3.0
221112281	585484694	4.0
249615569	585484694	3.0
249616343	585484694	4.0
249617924	585484694	3.0
241824887	585484694	2.0
241826753	585484694	3.0
241854290	585484694	0.0
249616748	585484694	3.0
249568414	585484694	4.0
249568741	585484694	4.0
491612442	585484694	4.0
249610714	585484694	4.0
249611205	585484694	4.0
249614761	585484694	4.0
249618251	585484694	3.0
249618436	585484694	3.0
241824892	585484694	1.0
241824895	585484694	3.0
249615571	585484694	3.0
249537667	585484694	4.0
362124559	585484694	2.0
255803281	255803281	0
255803441	255803281	0.0
249617696	255803281	3.0
249610713	255803281	3.0
249611204	255803281	4.0
492647789	255803281	2.0
221112281	255803281	3.0
249615569	255803281	3.0
249616343	255803281	3.0
249617924	255803281	3.0
241824887	255803281	1.0
241826753	255803281	1.0
241854290	255803281	2.0
249616748	255803281	2.0
249568414	255803281	4.0
249568741	255803281	4.0
491612442	255803281	4.0
249610714	255803281	4.0
249611205	255803281	3.0
249614761	255803281	3.0
249618251	255803281	3.0
249618436	255803281	3.0
241824892	255803281	2.0
241824895	255803281	2.0
249615571	255803281	3.0
249537667	255803281	4.0
362124559	255803281	2.0
255803441	255803441	0
249617696	255803441	2.0
249610713	255803441	3.0
249611204	255803441	3.0
492647789	255803441	2.0
221112281	255803441	3.0
249615569	255803441	3.0
249616343	255803441	3.0
249617924	255803441	3.0
241824887	255803441	1.0
241826753	255803441	0.0
241854290	255803441	2.0
249616748	255803441	2.0
249568414	255803441	4.0
249568741	255803441	4.0
491612442	255803441	4.0
249610714	255803441	4.0
249611205	255803441	3.0
249614761	255803441	3.0
249618251	255803441	3.0
249618436	255803441	3.0
241824892	255803441	2.0
241824895	255803441	2.0
249615571	255803441	3.0
249537667	255803441	4.0
362124559	255803441	2.0
249617696	249617696	0
249610713	249617696	4.0
249611204	249617696	4.0
492647789	249617696	2.0
221112281	249617696	4.0
249615569	249617696	2.0
249616343	249617696	3.0
249617924	249617696	2.0
241824887	249617696	2.0
241826753	249617696	2.0
241854290	249617696	2.0
249616748	249617696	3.0
249568414	249617696	4.0
249568741	249617696	4.0
491612442	249617696	3.0
249610714	249617696	4.0
249611205	249617696	4.0
249614761	249617696	3.0
249618251	249617696	1.0
249618436	249617696	2.0
241824892	249617696	2.0
241824895	249617696	2.0
249615571	249617696	2.0
249537667	249617696	4.0
362124559	249617696	2.0
249610713	249610713	0
249611204	249610713	2.0
492647789	249610713	2.0
221112281	249610713	0.0
249615569	249610713	3.0
249616343	249610713	2.0
249617924	249610713	3.0
241824887	249610713	4.0
241826753	249610713	3.0
241854290	249610713	4.0
249616748	249610713	3.0
249568414	249610713	3.0
249568741	249610713	3.0
491612442	249610713	3.0
249610714	249610713	3.0
249611205	249610713	0.0
249614761	249610713	2.0
249618251	249610713	4.0
249618436	249610713	4.0
241824892	249610713	4.0
241824895	249610713	4.0
249615571	249610713	3.0
249537667	249610713	3.0
362124559	249610713	4.0
249611204	249611204	0
492647789	249611204	3.0
221112281	249611204	2.0
249615569	249611204	3.0
249616343	249611204	3.0
249617924	249611204	4.0
241824887	249611204	4.0
241826753	249611204	4.0
241854290	249611204	4.0
249616748	249611204	3.0
249568414	249611204	2.0
249568741	249611204	2.0
491612442	249611204	2.0
249610714	249611204	2.0
249611205	249611204	2.0
249614761	249611204	1.0
249618251	249611204	4.0
249618436	249611204	4.0
241824892	249611204	4.0
241824895	249611204	4.0
249615571	249611204	3.0
249537667	249611204	3.0
362124559	249611204	4.0
492647789	492647789	0
221112281	492647789	2.0
249615569	492647789	2.0
249616343	492647789	1.0
249617924	492647789	3.0
241824887	492647789	3.0
241826753	492647789	2.0
241854290	492647789	3.0
249616748	492647789	0.0
249568414	492647789	3.0
249568741	492647789	3.0
491612442	492647789	3.0
249610714	492647789	3.0
249611205	492647789	2.0
249614761	492647789	2.0
249618251	492647789	3.0
249618436	492647789	3.0
241824892	492647789	3.0
241824895	492647789	3.0
249615571	492647789	3.0
249537667	492647789	3.0
362124559	492647789	2.0
221112281	221112281	0
249615569	221112281	3.0
249616343	221112281	2.0
249617924	221112281	3.0
241824887	221112281	4.0
241826753	221112281	3.0
241854290	221112281	4.0
249616748	221112281	2.0
249568414	221112281	2.0
249568741	221112281	3.0
491612442	221112281	3.0
249610714	221112281	3.0
249611205	221112281	0.0
249614761	221112281	2.0
249618251	221112281	4.0
249618436	221112281	4.0
241824892	221112281	4.0
241824895	221112281	4.0
249615571	221112281	3.0
249537667	221112281	3.0
362124559	221112281	4.0
249615569	249615569	0
249616343	249615569	2.0
249617924	249615569	0.0
241824887	249615569	3.0
241826753	249615569	3.0
241854290	249615569	3.0
249616748	249615569	2.0
249568414	249615569	3.0
249568741	249615569	3.0
491612442	249615569	3.0
249610714	249615569	4.0
249611205	249615569	3.0
249614761	249615569	3.0
249618251	249615569	2.0
249618436	249615569	2.0
241824892	249615569	3.0
241824895	249615569	3.0
249615571	249615569	0.0
249537667	249615569	4.0
362124559	249615569	2.0
249616343	249616343	0
249617924	249616343	2.0
241824887	249616343	3.0
241826753	249616343	3.0
241854290	249616343	3.0
249616748	249616343	1.0
249568414	249616343	3.0
249568741	249616343	3.0
491612442	249616343	3.0
249610714	249616343	3.0
249611205	249616343	2.0
249614761	249616343	2.0
249618251	249616343	3.0
249618436	249616343	2.0
241824892	249616343	3.0
241824895	249616343	3.0
249615571	249616343	2.0
249537667	249616343	3.0
362124559	249616343	3.0
249617924	249617924	0
241824887	249617924	3.0
241826753	249617924	3.0
241854290	249617924	2.0
249616748	249617924	3.0
249568414	249617924	3.0
249568741	249617924	4.0
491612442	249617924	3.0
249610714	249617924	4.0
249611205	249617924	3.0
249614761	249617924	3.0
249618251	249617924	2.0
249618436	249617924	1.0
241824892	249617924	3.0
241824895	249617924	2.0
249615571	249617924	1.0
249537667	249617924	4.0
362124559	249617924	2.0
241824887	241824887	0
241826753	241824887	1.0
241854290	241824887	1.0
249616748	241824887	3.0
249568414	241824887	4.0
249568741	241824887	4.0
491612442	241824887	4.0
249610714	241824887	4.0
249611205	241824887	4.0
249614761	241824887	4.0
249618251	241824887	3.0
249618436	241824887	3.0
241824892	241824887	1.0
241824895	241824887	1.0
249615571	241824887	3.0
249537667	241824887	4.0
362124559	241824887	1.0
241826753	241826753	0
241854290	241826753	2.0
249616748	241826753	3.0
249568414	241826753	4.0
249568741	241826753	4.0
491612442	241826753	4.0
249610714	241826753	4.0
249611205	241826753	3.0
249614761	241826753	3.0
249618251	241826753	3.0
249618436	241826753	2.0
241824892	241826753	1.0
241824895	241826753	1.0
249615571	241826753	3.0
249537667	241826753	4.0
362124559	241826753	1.0
241854290	241854290	0
249616748	241854290	3.0
249568414	241854290	4.0
249568741	241854290	4.0
491612442	241854290	4.0
249610714	241854290	4.0
249611205	241854290	4.0
249614761	241854290	4.0
249618251	241854290	3.0
249618436	241854290	3.0
241824892	241854290	1.0
241824895	241854290	1.0
249615571	241854290	3.0
249537667	241854290	4.0
362124559	241854290	2.0
249616748	249616748	0
249568414	249616748	3.0
249568741	249616748	3.0
491612442	249616748	3.0
249610714	249616748	3.0
249611205	249616748	2.0
249614761	249616748	2.0
249618251	249616748	3.0
249618436	249616748	3.0
241824892	249616748	3.0
241824895	249616748	3.0
249615571	249616748	3.0
249537667	249616748	3.0
362124559	249616748	3.0
249568414	249568414	0
249568741	249568414	0.0
491612442	249568414	1.0
249610714	249568414	1.0
249611205	249568414	2.0
249614761	249568414	2.0
249618251	249568414	4.0
249618436	249568414	4.0
241824892	249568414	4.0
241824895	249568414	4.0
249615571	249568414	3.0
249537667	249568414	4.0
362124559	249568414	4.0
249568741	249568741	0
491612442	249568741	0.0
249610714	249568741	2.0
249611205	249568741	3.0
249614761	249568741	3.0
249618251	249568741	4.0
249618436	249568741	4.0
241824892	249568741	4.0
241824895	249568741	4.0
249615571	249568741	3.0
249537667	249568741	4.0
362124559	249568741	4.0
491612442	491612442	0
249610714	491612442	2.0
249611205	491612442	3.0
249614761	491612442	3.0
249618251	491612442	4.0
249618436	491612442	3.0
241824892	491612442	4.0
241824895	491612442	4.0
249615571	491612442	3.0
249537667	491612442	4.0
362124559	491612442	4.0
249610714	249610714	0
249611205	249610714	3.0
249614761	249610714	3.0
249618251	249610714	4.0
249618436	249610714	4.0
241824892	249610714	4.0
241824895	249610714	4.0
249615571	249610714	4.0
249537667	249610714	3.0
362124559	249610714	4.0
249611205	249611205	0
249614761	249611205	2.0
249618251	249611205	4.0
249618436	249611205	4.0
241824892	249611205	4.0
241824895	249611205	4.0
249615571	249611205	3.0
249537667	249611205	3.0
362124559	249611205	4.0
249614761	249614761	0
249618251	249614761	4.0
249618436	249614761	3.0
241824892	249614761	4.0
241824895	249614761	4.0
249615571	249614761	3.0
249537667	249614761	4.0
362124559	249614761	3.0
249618251	249618251	0
249618436	249618251	1.0
241824892	249618251	3.0
241824895	249618251	3.0
249615571	249618251	3.0
249537667	249618251	4.0
362124559	249618251	2.0
249618436	249618436	0
241824892	249618436	3.0
241824895	249618436	2.0
249615571	249618436	2.0
249537667	249618436	4.0
362124559	249618436	2.0
241824892	241824892	0
241824895	241824892	0.0
249615571	241824892	3.0
249537667	241824892	4.0
362124559	241824892	2.0
241824895	241824895	0
249615571	241824895	3.0
249537667	241824895	4.0
362124559	241824895	2.0
249615571	249615571	0
249537667	249615571	4.0
362124559	249615571	2.0
249537667	249537667	0
362124559	249537667	4.0
362124559	362124559	0
