241847343	[-35,7.0,28.0]	40.64120403333333	-73.96283235833333	0.08314300609449125	0.472858991853956	0.22713908022771853	0.009420813411780376	0.6666666666666666	0.26116674192320294
241847348	[-37,10.0,27.0]	40.64109936428571	-73.96322020000001	0.08314300609449125	0.472858991853956	0.22713908022771853	0.009420813411780376	0.6666666666666666	0.26116674192320294
249788521	[-59,3.0,56.0]	40.63587312	-73.96211530000001	0.08314300609449125	0.472858991853956	0.22713908022771853	0.009420813411780376	0.6666666666666666	0.26116674192320294
510871542	[-49,25.0,24.0]	40.64025896	-73.96594016	0.08314300609449125	0.472858991853956	0.22713908022771853	0.009420813411780376	0.6666666666666666	0.26116674192320294
108179447	[-5,11.0,-6.0]	40.6478060625	-73.9634406	0.08314300609449125	0.472858991853956	0.22713908022771853	0.009420813411780376	0.6666666666666666	0.26116674192320294
118509583	[-21,53.0,-32.0]	40.6488461	-73.97087927999999	0.08314300609449125	0.472858991853956	0.22713908022771853	0.009420813411780376	0.6666666666666666	0.26116674192320294
59660399	[1,37.0,-38.0]	40.651760780000004	-73.96816034	0.08314300609449125	0.472858991853956	0.22713908022771853	0.009420813411780376	0.6666666666666666	0.26116674192320294
59660401	[-9,41.0,-32.0]	40.650076379999994	-73.96878564	0.08314300609449125	0.472858991853956	0.22713908022771853	0.009420813411780376	0.6666666666666666	0.26116674192320294
118509550	[-12,45.0,-33.0]	40.64978498	-73.9696036	0.08314300609449125	0.472858991853956	0.22713908022771853	0.009420813411780376	0.6666666666666666	0.26116674192320294
118509572	[-11,49.0,-38.0]	40.650437	-73.97036449999999	0.08314300609449125	0.472858991853956	0.22713908022771853	0.009420813411780376	0.6666666666666666	0.26116674192320294
118509573	[-6,44.0,-38.0]	40.65103088	-73.96935117999999	0.08314300609449125	0.472858991853956	0.22713908022771853	0.009420813411780376	0.6666666666666666	0.26116674192320294
118509580	[-3,34.0,-31.0]	40.65054808	-73.96769306000002	0.08314300609449125	0.472858991853956	0.22713908022771853	0.009420813411780376	0.6666666666666666	0.26116674192320294
118509586	[3,27.0,-30.0]	40.65108164000001	-73.96639934	0.08314300609449125	0.472858991853956	0.22713908022771853	0.009420813411780376	0.6666666666666666	0.26116674192320294
118509589	[10,27.0,-37.0]	40.652484300000005	-73.96647032000001	0.08314300609449125	0.472858991853956	0.22713908022771853	0.009420813411780376	0.6666666666666666	0.26116674192320294
118509599	[6,32.0,-38.0]	40.65221018	-73.96722034	0.08314300609449125	0.472858991853956	0.22713908022771853	0.009420813411780376	0.6666666666666666	0.26116674192320294
241816249	[-6,48.0,-42.0]	40.651308019999995	-73.97008303999999	0.08314300609449125	0.472858991853956	0.22713908022771853	0.009420813411780376	0.6666666666666666	0.26116674192320294
415705929	[-6,47.0,-41.0]	40.651369280000004	-73.96992852000001	0.08314300609449125	0.472858991853956	0.22713908022771853	0.009420813411780376	0.6666666666666666	0.26116674192320294
415705931	[-5,46.0,-41.0]	40.65142918	-73.96977784	0.08314300609449125	0.472858991853956	0.22713908022771853	0.009420813411780376	0.6666666666666666	0.26116674192320294
415705933	[-4,45.0,-41.0]	40.651487519999996	-73.96961884	0.08314300609449125	0.472858991853956	0.22713908022771853	0.009420813411780376	0.6666666666666666	0.26116674192320294
415705936	[-3,44.0,-41.0]	40.65154748	-73.96947023999999	0.08314300609449125	0.472858991853956	0.22713908022771853	0.009420813411780376	0.6666666666666666	0.26116674192320294
415705938	[-3,44.0,-41.0]	40.65160578	-73.96932474	0.08314300609449125	0.472858991853956	0.22713908022771853	0.009420813411780376	0.6666666666666666	0.26116674192320294
415705940	[-8,50.0,-42.0]	40.651169800000005	-73.97044494	0.08314300609449125	0.472858991853956	0.22713908022771853	0.009420813411780376	0.6666666666666666	0.26116674192320294
415705943	[-9,51.0,-42.0]	40.65111382	-73.97059774000002	0.08314300609449125	0.472858991853956	0.22713908022771853	0.009420813411780376	0.6666666666666666	0.26116674192320294
415705945	[-9,51.0,-42.0]	40.65105312000001	-73.97075154	0.08314300609449125	0.472858991853956	0.22713908022771853	0.009420813411780376	0.6666666666666666	0.26116674192320294
415705947	[-10,53.0,-43.0]	40.65097668	-73.97093754	0.08314300609449125	0.472858991853956	0.22713908022771853	0.009420813411780376	0.6666666666666666	0.26116674192320294
415705949	[-11,54.0,-43.0]	40.65092068	-73.97108094	0.08314300609449125	0.472858991853956	0.22713908022771853	0.009420813411780376	0.6666666666666666	0.26116674192320294
415709613	[7,22.0,-29.0]	40.651384840000006	-73.96548524	0.08314300609449125	0.472858991853956	0.22713908022771853	0.009420813411780376	0.6666666666666666	0.26116674192320294
415709614	[8,26.0,-34.0]	40.65196666	-73.96612002	0.08314300609449125	0.472858991853956	0.22713908022771853	0.009420813411780376	0.6666666666666666	0.26116674192320294
292669127	[79,-79.0,0.0]	40.655740179999995	-73.947491	0.08314300609449125	0.472858991853956	0.22713908022771853	0.009420813411780376	0.6666666666666666	0.26116674192320294
241832191	[-43,24.0,19.0]	40.64127116086955	-73.96577309130434	0.08314300609449125	0.472858991853956	0.22713908022771853	0.009420813411780376	0.6666666666666666	0.26116674192320294
241842003	[-17,7.0,10.0]	40.644922837500005	-73.96282859374999	0.08314300609449125	0.472858991853956	0.22713908022771853	0.009420813411780376	0.6666666666666666	0.26116674192320294
241811883	[-5,27.0,-22.0]	40.649435159375	-73.96637465625001	0.08314300609449125	0.472858991853956	0.22713908022771853	0.009420813411780376	0.6666666666666666	0.26116674192320294
250124019	[-3,-73.0,76.0]	40.639497992307696	-73.94865727692307	0.08314300609449125	0.472858991853956	0.22713908022771853	0.009420813411780376	0.6666666666666666	0.26116674192320294
250124020	[-7,-65.0,72.0]	40.63963421818182	-73.95007416363637	0.08314300609449125	0.472858991853956	0.22713908022771853	0.009420813411780376	0.6666666666666666	0.26116674192320294
250127295	[5,-82.0,77.0]	40.64033190000001	-73.947036752	0.08314300609449125	0.472858991853956	0.22713908022771853	0.009420813411780376	0.6666666666666666	0.26116674192320294
250141775	[44,-49.0,5.0]	40.651680479999996	-73.95287417	0.08314300609449125	0.472858991853956	0.22713908022771853	0.009420813411780376	0.6666666666666666	0.26116674192320294
253898026	[-11,-4.0,15.0]	40.64501625	-73.96083358333333	0.08314300609449125	0.472858991853956	0.22713908022771853	0.009420813411780376	0.6666666666666666	0.26116674192320294
253898030	[-10,-6.0,16.0]	40.6450464	-73.96057623333333	0.08314300609449125	0.472858991853956	0.22713908022771853	0.009420813411780376	0.6666666666666666	0.26116674192320294
347320346	[0,9.0,-9.0]	40.6485436375	-73.9632299625	0.08314300609449125	0.472858991853956	0.22713908022771853	0.009420813411780376	0.6666666666666666	0.26116674192320294
347320347	[-2,10.0,-8.0]	40.648214833333334	-73.96333738333333	0.08314300609449125	0.472858991853956	0.22713908022771853	0.009420813411780376	0.6666666666666666	0.26116674192320294
347320680	[-9,12.0,-3.0]	40.647152750000004	-73.96372385000001	0.08314300609449125	0.472858991853956	0.22713908022771853	0.009420813411780376	0.6666666666666666	0.26116674192320294
309154406	[32,-9.0,-23.0]	40.65324495714286	-73.95995034285714	0.08314300609449125	0.472858991853956	0.22713908022771853	0.009420813411780376	0.6666666666666666	0.26116674192320294
344684256	[29,2.0,-31.0]	40.653768925	-73.961942525	0.08314300609449125	0.472858991853956	0.22713908022771853	0.009420813411780376	0.6666666666666666	0.26116674192320294
309154409	[6,-31.0,25.0]	40.6457309	-73.95609884285714	0.08314300609449125	0.472858991853956	0.22713908022771853	0.009420813411780376	0.6666666666666666	0.26116674192320294
315402216	[22,-51.0,29.0]	40.647049300000006	-73.9525551	0.08314300609449125	0.472858991853956	0.22713908022771853	0.009420813411780376	0.6666666666666666	0.26116674192320294
241832434	[-46,25.0,21.0]	40.640764275	-73.9659353	0.08314300609449125	0.472858991853956	0.22713908022771853	0.009420813411780376	0.6666666666666666	0.26116674192320294
250132955	[4,-24.0,20.0]	40.64598794444446	-73.95735407777778	0.08314300609449125	0.472858991853956	0.22713908022771853	0.009420813411780376	0.6666666666666666	0.26116674192320294
248135895	[30,-19.0,-11.0]	40.65193723157895	-73.95824483157894	0.08314300609449125	0.472858991853956	0.22713908022771853	0.009420813411780376	0.6666666666666666	0.26116674192320294
241850577	[-65,13.0,52.0]	40.635587853846154	-73.96391153076925	0.08314300609449125	0.472858991853956	0.22713908022771853	0.009420813411780376	0.6666666666666666	0.26116674192320294
241841127	[-36,13.0,23.0]	40.64172188333334	-73.96384735	0.08314300609449125	0.472858991853956	0.22713908022771853	0.009420813411780376	0.6666666666666666	0.26116674192320294
250171930	[40,-6.0,-34.0]	40.6552365125	-73.960433825	0.08314300609449125	0.472858991853956	0.22713908022771853	0.009420813411780376	0.6666666666666666	0.26116674192320294
250171979	[35,-9.0,-26.0]	40.65400448571428	-73.9599009	0.08314300609449125	0.472858991853956	0.22713908022771853	0.009420813411780376	0.6666666666666666	0.26116674192320294
249794769	[-25,-23.0,48.0]	40.640216555555554	-73.95755323333334	0.08314300609449125	0.472858991853956	0.22713908022771853	0.009420813411780376	0.6666666666666666	0.26116674192320294
249788635	[-58,1.0,57.0]	40.635816588888886	-73.96168417222222	0.08314300609449125	0.472858991853956	0.22713908022771853	0.009420813411780376	0.6666666666666666	0.26116674192320294
241841005	[-19,5.0,14.0]	40.64421553076924	-73.96250940769231	0.08314300609449125	0.472858991853956	0.22713908022771853	0.009420813411780376	0.6666666666666666	0.26116674192320294
241842322	[-22,-2.0,24.0]	40.64297952727273	-73.96114999090909	0.08314300609449125	0.472858991853956	0.22713908022771853	0.009420813411780376	0.6666666666666666	0.26116674192320294
241843174	[-12,-3.0,15.0]	40.6449624875	-73.960981725	0.08314300609449125	0.472858991853956	0.22713908022771853	0.009420813411780376	0.6666666666666666	0.26116674192320294
241843246	[-17,-8.0,25.0]	40.64340386153846	-73.96011912307692	0.08314300609449125	0.472858991853956	0.22713908022771853	0.009420813411780376	0.6666666666666666	0.26116674192320294
241822209	[11,3.0,-14.0]	40.65029580666666	-73.96214221	0.08314300609449125	0.472858991853956	0.22713908022771853	0.009420813411780376	0.6666666666666666	0.26116674192320294
249794353	[-24,-41.0,65.0]	40.6385629	-73.95419914285715	0.08314300609449125	0.472858991853956	0.22713908022771853	0.009420813411780376	0.6666666666666666	0.26116674192320294
249794355	[-33,-31.0,64.0]	40.63772218333333	-73.95604385833332	0.08314300609449125	0.472858991853956	0.22713908022771853	0.009420813411780376	0.6666666666666666	0.26116674192320294
250123923	[-3,-72.0,75.0]	40.6397811368421	-73.94878446315789	0.08314300609449125	0.472858991853956	0.22713908022771853	0.009420813411780376	0.6666666666666666	0.26116674192320294
250124021	[-8,-64.0,72.0]	40.639460400000004	-73.95007657	0.08314300609449125	0.472858991853956	0.22713908022771853	0.009420813411780376	0.6666666666666666	0.26116674192320294
249795452	[-16,-20.0,36.0]	40.64240861428571	-73.9579376	0.08314300609449125	0.472858991853956	0.22713908022771853	0.009420813411780376	0.6666666666666666	0.26116674192320294
249798154	[7,-14.0,7.0]	40.64767840816326	-73.95904298367347	0.08314300609449125	0.472858991853956	0.22713908022771853	0.009420813411780376	0.6666666666666666	0.26116674192320294
250127054	[16,-79.0,63.0]	40.64277504374999	-73.9475168375	0.08314300609449125	0.472858991853956	0.22713908022771853	0.009420813411780376	0.6666666666666666	0.26116674192320294
250132627	[22,-55.0,33.0]	40.646645283333335	-73.95178226666665	0.08314300609449125	0.472858991853956	0.22713908022771853	0.009420813411780376	0.6666666666666666	0.26116674192320294
250132954	[10,-22.0,12.0]	40.64750751999999	-73.95764317333332	0.08314300609449125	0.472858991853956	0.22713908022771853	0.009420813411780376	0.6666666666666666	0.26116674192320294
250140961	[34,-71.0,37.0]	40.647431	-73.94894422	0.08314300609449125	0.472858991853956	0.22713908022771853	0.009420813411780376	0.6666666666666666	0.26116674192320294
250141256	[42,-70.0,28.0]	40.64917466000001	-73.94917597999999	0.08314300609449125	0.472858991853956	0.22713908022771853	0.009420813411780376	0.6666666666666666	0.26116674192320294
250141966	[48,-32.0,-16.0]	40.65417044545455	-73.95588874545454	0.08314300609449125	0.472858991853956	0.22713908022771853	0.009420813411780376	0.6666666666666666	0.26116674192320294
250172394	[19,-14.0,-5.0]	40.65011659333334	-73.95901376666667	0.08314300609449125	0.472858991853956	0.22713908022771853	0.009420813411780376	0.6666666666666666	0.26116674192320294
241822177	[4,10.0,-14.0]	40.649578764285714	-73.9632775857143	0.08314300609449125	0.472858991853956	0.22713908022771853	0.009420813411780376	0.6666666666666666	0.26116674192320294
241822675	[15,6.0,-21.0]	40.6513767	-73.96274088333332	0.08314300609449125	0.472858991853956	0.22713908022771853	0.009420813411780376	0.6666666666666666	0.26116674192320294
250142457	[52,-70.0,18.0]	40.651095119999994	-73.94918978	0.08314300609449125	0.472858991853956	0.22713908022771853	0.009420813411780376	0.6666666666666666	0.26116674192320294
250172022	[33,-11.0,-22.0]	40.653391299999996	-73.95965608000002	0.08314300609449125	0.472858991853956	0.22713908022771853	0.009420813411780376	0.6666666666666666	0.26116674192320294
241847343	241847343	0
241847348	241847343	1.0
249788521	241847343	2.0
510871542	241847343	3.0
108179447	241847343	3.0
118509583	241847343	3.0
59660399	241847343	4.0
59660401	241847343	3.0
118509550	241847343	4.0
118509572	241847343	4.0
118509573	241847343	4.0
118509580	241847343	3.0
118509586	241847343	3.0
118509589	241847343	4.0
118509599	241847343	4.0
241816249	241847343	4.0
415705929	241847343	4.0
415705931	241847343	4.0
415705933	241847343	4.0
415705936	241847343	4.0
415705938	241847343	4.0
415705940	241847343	4.0
415705943	241847343	4.0
415705945	241847343	4.0
415705947	241847343	4.0
415705949	241847343	4.0
415709613	241847343	4.0
415709614	241847343	4.0
292669127	241847343	4.0
241832191	241847343	3.0
241842003	241847343	2.0
241811883	241847343	3.0
250124019	241847343	4.0
250124020	241847343	3.0
250127295	241847343	4.0
250141775	241847343	4.0
253898026	241847343	2.0
253898030	241847343	2.0
347320346	241847343	3.0
347320347	241847343	3.0
347320680	241847343	2.0
309154406	241847343	3.0
344684256	241847343	3.0
309154409	241847343	3.0
315402216	241847343	3.0
241832434	241847343	1.0
250132955	241847343	3.0
248135895	241847343	3.0
241850577	241847343	2.0
241841127	241847343	2.0
250171930	241847343	4.0
250171979	241847343	4.0
249794769	241847343	3.0
249788635	241847343	2.0
241841005	241847343	2.0
241842322	241847343	1.0
241843174	241847343	2.0
241843246	241847343	1.0
241822209	241847343	3.0
249794353	241847343	3.0
249794355	241847343	3.0
250123923	241847343	4.0
250124021	241847343	3.0
249795452	241847343	2.0
249798154	241847343	3.0
250127054	241847343	3.0
250132627	241847343	4.0
250132954	241847343	3.0
250140961	241847343	4.0
250141256	241847343	4.0
250141966	241847343	4.0
250172394	241847343	3.0
241822177	241847343	3.0
241822675	241847343	3.0
250142457	241847343	4.0
250172022	241847343	4.0
241847348	241847348	0
249788521	241847348	2.0
510871542	241847348	1.0
108179447	241847348	3.0
118509583	241847348	3.0
59660399	241847348	4.0
59660401	241847348	3.0
118509550	241847348	4.0
118509572	241847348	4.0
118509573	241847348	4.0
118509580	241847348	3.0
118509586	241847348	3.0
118509589	241847348	4.0
118509599	241847348	4.0
241816249	241847348	4.0
415705929	241847348	4.0
415705931	241847348	4.0
415705933	241847348	4.0
415705936	241847348	4.0
415705938	241847348	4.0
415705940	241847348	4.0
415705943	241847348	4.0
415705945	241847348	4.0
415705947	241847348	4.0
415705949	241847348	4.0
415709613	241847348	4.0
415709614	241847348	4.0
292669127	241847348	4.0
241832191	241847348	1.0
241842003	241847348	3.0
241811883	241847348	3.0
250124019	241847348	4.0
250124020	241847348	4.0
250127295	241847348	4.0
250141775	241847348	4.0
253898026	241847348	2.0
253898030	241847348	2.0
347320346	241847348	3.0
347320347	241847348	3.0
347320680	241847348	3.0
309154406	241847348	4.0
344684256	241847348	4.0
309154409	241847348	3.0
315402216	241847348	3.0
241832434	241847348	1.0
250132955	241847348	3.0
248135895	241847348	4.0
241850577	241847348	3.0
241841127	241847348	0.0
250171930	241847348	4.0
250171979	241847348	4.0
249794769	241847348	3.0
249788635	241847348	3.0
241841005	241847348	2.0
241842322	241847348	3.0
241843174	241847348	2.0
241843246	241847348	2.0
241822209	241847348	4.0
249794353	241847348	3.0
249794355	241847348	3.0
250123923	241847348	4.0
250124021	241847348	4.0
249795452	241847348	3.0
249798154	241847348	3.0
250127054	241847348	4.0
250132627	241847348	3.0
250132954	241847348	3.0
250140961	241847348	4.0
250141256	241847348	4.0
250141966	241847348	4.0
250172394	241847348	3.0
241822177	241847348	3.0
241822675	241847348	4.0
250142457	241847348	4.0
250172022	241847348	4.0
249788521	249788521	0
510871542	249788521	3.0
108179447	249788521	4.0
118509583	249788521	4.0
59660399	249788521	4.0
59660401	249788521	4.0
118509550	249788521	4.0
118509572	249788521	4.0
118509573	249788521	4.0
118509580	249788521	4.0
118509586	249788521	4.0
118509589	249788521	4.0
118509599	249788521	4.0
241816249	249788521	4.0
415705929	249788521	4.0
415705931	249788521	4.0
415705933	249788521	4.0
415705936	249788521	4.0
415705938	249788521	4.0
415705940	249788521	4.0
415705943	249788521	4.0
415705945	249788521	4.0
415705947	249788521	4.0
415705949	249788521	4.0
415709613	249788521	4.0
415709614	249788521	4.0
292669127	249788521	5.0
241832191	249788521	3.0
241842003	249788521	3.0
241811883	249788521	4.0
250124019	249788521	3.0
250124020	249788521	3.0
250127295	249788521	3.0
250141775	249788521	4.0
253898026	249788521	3.0
253898030	249788521	3.0
347320346	249788521	4.0
347320347	249788521	4.0
347320680	249788521	4.0
309154406	249788521	4.0
344684256	249788521	4.0
309154409	249788521	3.0
315402216	249788521	4.0
241832434	249788521	3.0
250132955	249788521	3.0
248135895	249788521	4.0
241850577	249788521	0.0
241841127	249788521	2.0
250171930	249788521	4.0
250171979	249788521	4.0
249794769	249788521	2.0
249788635	249788521	2.0
241841005	249788521	3.0
241842322	249788521	3.0
241843174	249788521	3.0
241843246	249788521	3.0
241822209	249788521	4.0
249794353	249788521	3.0
249794355	249788521	2.0
250123923	249788521	3.0
250124021	249788521	3.0
249795452	249788521	3.0
249798154	249788521	3.0
250127054	249788521	4.0
250132627	249788521	4.0
250132954	249788521	4.0
250140961	249788521	4.0
250141256	249788521	4.0
250141966	249788521	4.0
250172394	249788521	4.0
241822177	249788521	4.0
241822675	249788521	4.0
250142457	249788521	4.0
250172022	249788521	4.0
510871542	510871542	0
108179447	510871542	3.0
118509583	510871542	3.0
59660399	510871542	4.0
59660401	510871542	3.0
118509550	510871542	3.0
118509572	510871542	4.0
118509573	510871542	4.0
118509580	510871542	3.0
118509586	510871542	3.0
118509589	510871542	4.0
118509599	510871542	4.0
241816249	510871542	4.0
415705929	510871542	4.0
415705931	510871542	4.0
415705933	510871542	4.0
415705936	510871542	4.0
415705938	510871542	4.0
415705940	510871542	4.0
415705943	510871542	4.0
415705945	510871542	4.0
415705947	510871542	4.0
415705949	510871542	4.0
415709613	510871542	4.0
415709614	510871542	4.0
292669127	510871542	4.0
241832191	510871542	2.0
241842003	510871542	2.0
241811883	510871542	3.0
250124019	510871542	4.0
250124020	510871542	4.0
250127295	510871542	4.0
250141775	510871542	4.0
253898026	510871542	3.0
253898030	510871542	3.0
347320346	510871542	3.0
347320347	510871542	3.0
347320680	510871542	3.0
309154406	510871542	4.0
344684256	510871542	4.0
309154409	510871542	3.0
315402216	510871542	4.0
241832434	510871542	0.0
250132955	510871542	3.0
248135895	510871542	4.0
241850577	510871542	3.0
241841127	510871542	2.0
250171930	510871542	4.0
250171979	510871542	4.0
249794769	510871542	3.0
249788635	510871542	3.0
241841005	510871542	3.0
241842322	510871542	2.0
241843174	510871542	3.0
241843246	510871542	2.0
241822209	510871542	3.0
249794353	510871542	3.0
249794355	510871542	4.0
250123923	510871542	4.0
250124021	510871542	4.0
249795452	510871542	3.0
249798154	510871542	3.0
250127054	510871542	4.0
250132627	510871542	4.0
250132954	510871542	3.0
250140961	510871542	4.0
250141256	510871542	4.0
250141966	510871542	4.0
250172394	510871542	3.0
241822177	510871542	4.0
241822675	510871542	4.0
250142457	510871542	4.0
250172022	510871542	4.0
108179447	108179447	0
118509583	108179447	3.0
59660399	108179447	3.0
59660401	108179447	3.0
118509550	108179447	3.0
118509572	108179447	3.0
118509573	108179447	4.0
118509580	108179447	2.0
118509586	108179447	2.0
118509589	108179447	2.0
118509599	108179447	3.0
241816249	108179447	4.0
415705929	108179447	4.0
415705931	108179447	4.0
415705933	108179447	4.0
415705936	108179447	4.0
415705938	108179447	4.0
415705940	108179447	4.0
415705943	108179447	4.0
415705945	108179447	4.0
415705947	108179447	4.0
415705949	108179447	3.0
415709613	108179447	2.0
415709614	108179447	2.0
292669127	108179447	4.0
241832191	108179447	3.0
241842003	108179447	2.0
241811883	108179447	2.0
250124019	108179447	4.0
250124020	108179447	4.0
250127295	108179447	4.0
250141775	108179447	3.0
253898026	108179447	2.0
253898030	108179447	2.0
347320346	108179447	0.0
347320347	108179447	0.0
347320680	108179447	1.0
309154406	108179447	3.0
344684256	108179447	3.0
309154409	108179447	3.0
315402216	108179447	3.0
241832434	108179447	3.0
250132955	108179447	3.0
248135895	108179447	3.0
241850577	108179447	4.0
241841127	108179447	3.0
250171930	108179447	3.0
250171979	108179447	3.0
249794769	108179447	3.0
249788635	108179447	4.0
241841005	108179447	2.0
241842322	108179447	3.0
241843174	108179447	2.0
241843246	108179447	3.0
241822209	108179447	2.0
249794353	108179447	4.0
249794355	108179447	4.0
250123923	108179447	4.0
250124021	108179447	4.0
249795452	108179447	3.0
249798154	108179447	2.0
250127054	108179447	4.0
250132627	108179447	3.0
250132954	108179447	3.0
250140961	108179447	4.0
250141256	108179447	3.0
250141966	108179447	3.0
250172394	108179447	2.0
241822177	108179447	1.0
241822675	108179447	2.0
250142457	108179447	3.0
250172022	108179447	3.0
118509583	118509583	0
59660399	118509583	2.0
59660401	118509583	1.0
118509550	118509583	0.0
118509572	118509583	1.0
118509573	118509583	2.0
118509580	118509583	1.0
118509586	118509583	2.0
118509589	118509583	2.0
118509599	118509583	2.0
241816249	118509583	2.0
415705929	118509583	2.0
415705931	118509583	2.0
415705933	118509583	2.0
415705936	118509583	2.0
415705938	118509583	2.0
415705940	118509583	2.0
415705943	118509583	2.0
415705945	118509583	2.0
415705947	118509583	2.0
415705949	118509583	1.0
415709613	118509583	2.0
415709614	118509583	2.0
292669127	118509583	4.0
241832191	118509583	3.0
241842003	118509583	3.0
241811883	118509583	2.0
250124019	118509583	4.0
250124020	118509583	4.0
250127295	118509583	4.0
250141775	118509583	4.0
253898026	118509583	3.0
253898030	118509583	3.0
347320346	118509583	3.0
347320347	118509583	3.0
347320680	118509583	3.0
309154406	118509583	4.0
344684256	118509583	3.0
309154409	118509583	4.0
315402216	118509583	4.0
241832434	118509583	3.0
250132955	118509583	4.0
248135895	118509583	4.0
241850577	118509583	4.0
241841127	118509583	3.0
250171930	118509583	3.0
250171979	118509583	4.0
249794769	118509583	4.0
249788635	118509583	4.0
241841005	118509583	3.0
241842322	118509583	3.0
241843174	118509583	3.0
241843246	118509583	4.0
241822209	118509583	3.0
249794353	118509583	4.0
249794355	118509583	4.0
250123923	118509583	4.0
250124021	118509583	4.0
249795452	118509583	4.0
249798154	118509583	4.0
250127054	118509583	4.0
250132627	118509583	4.0
250132954	118509583	4.0
250140961	118509583	4.0
250141256	118509583	4.0
250141966	118509583	4.0
250172394	118509583	3.0
241822177	118509583	3.0
241822675	118509583	2.0
250142457	118509583	4.0
250172022	118509583	4.0
59660399	59660399	0
59660401	59660399	3.0
118509550	59660399	3.0
118509572	59660399	3.0
118509573	59660399	0.0
118509580	59660399	2.0
118509586	59660399	2.0
118509589	59660399	1.0
118509599	59660399	0.0
241816249	59660399	0.0
415705929	59660399	0.0
415705931	59660399	0.0
415705933	59660399	0.0
415705936	59660399	0.0
415705938	59660399	0.0
415705940	59660399	1.0
415705943	59660399	1.0
415705945	59660399	1.0
415705947	59660399	1.0
415705949	59660399	3.0
415709613	59660399	2.0
415709614	59660399	1.0
292669127	59660399	4.0
241832191	59660399	4.0
241842003	59660399	4.0
241811883	59660399	3.0
250124019	59660399	5.0
250124020	59660399	4.0
250127295	59660399	5.0
250141775	59660399	4.0
253898026	59660399	4.0
253898030	59660399	4.0
347320346	59660399	3.0
347320347	59660399	3.0
347320680	59660399	4.0
309154406	59660399	3.0
344684256	59660399	2.0
309154409	59660399	4.0
315402216	59660399	4.0
241832434	59660399	4.0
250132955	59660399	4.0
248135895	59660399	3.0
241850577	59660399	4.0
241841127	59660399	4.0
250171930	59660399	2.0
250171979	59660399	3.0
249794769	59660399	4.0
249788635	59660399	4.0
241841005	59660399	4.0
241842322	59660399	4.0
241843174	59660399	4.0
241843246	59660399	4.0
241822209	59660399	3.0
249794353	59660399	4.0
249794355	59660399	4.0
250123923	59660399	4.0
250124021	59660399	4.0
249795452	59660399	4.0
249798154	59660399	4.0
250127054	59660399	4.0
250132627	59660399	4.0
250132954	59660399	4.0
250140961	59660399	4.0
250141256	59660399	4.0
250141966	59660399	3.0
250172394	59660399	3.0
241822177	59660399	3.0
241822675	59660399	2.0
250142457	59660399	4.0
250172022	59660399	3.0
59660401	59660401	0
118509550	59660401	0.0
118509572	59660401	1.0
118509573	59660401	2.0
118509580	59660401	0.0
118509586	59660401	1.0
118509589	59660401	2.0
118509599	59660401	2.0
241816249	59660401	2.0
415705929	59660401	2.0
415705931	59660401	2.0
415705933	59660401	2.0
415705936	59660401	2.0
415705938	59660401	3.0
415705940	59660401	2.0
415705943	59660401	2.0
415705945	59660401	2.0
415705947	59660401	2.0
415705949	59660401	2.0
415709613	59660401	2.0
415709614	59660401	2.0
292669127	59660401	4.0
241832191	59660401	3.0
241842003	59660401	3.0
241811883	59660401	1.0
250124019	59660401	4.0
250124020	59660401	4.0
250127295	59660401	4.0
250141775	59660401	3.0
253898026	59660401	3.0
253898030	59660401	3.0
347320346	59660401	3.0
347320347	59660401	3.0
347320680	59660401	3.0
309154406	59660401	3.0
344684256	59660401	3.0
309154409	59660401	4.0
315402216	59660401	4.0
241832434	59660401	4.0
250132955	59660401	3.0
248135895	59660401	3.0
241850577	59660401	4.0
241841127	59660401	3.0
250171930	59660401	3.0
250171979	59660401	3.0
249794769	59660401	4.0
249788635	59660401	4.0
241841005	59660401	3.0
241842322	59660401	4.0
241843174	59660401	3.0
241843246	59660401	4.0
241822209	59660401	2.0
249794353	59660401	4.0
249794355	59660401	4.0
250123923	59660401	4.0
250124021	59660401	4.0
249795452	59660401	4.0
249798154	59660401	3.0
250127054	59660401	4.0
250132627	59660401	4.0
250132954	59660401	4.0
250140961	59660401	4.0
250141256	59660401	4.0
250141966	59660401	3.0
250172394	59660401	3.0
241822177	59660401	2.0
241822675	59660401	2.0
250142457	59660401	4.0
250172022	59660401	3.0
118509550	118509550	0
118509572	118509550	1.0
118509573	118509550	2.0
118509580	118509550	0.0
118509586	118509550	1.0
118509589	118509550	2.0
118509599	118509550	3.0
241816249	118509550	2.0
415705929	118509550	2.0
415705931	118509550	2.0
415705933	118509550	2.0
415705936	118509550	2.0
415705938	118509550	2.0
415705940	118509550	2.0
415705943	118509550	2.0
415705945	118509550	2.0
415705947	118509550	2.0
415705949	118509550	1.0
415709613	118509550	2.0
415709614	118509550	2.0
292669127	118509550	4.0
241832191	118509550	3.0
241842003	118509550	3.0
241811883	118509550	1.0
250124019	118509550	4.0
250124020	118509550	4.0
250127295	118509550	5.0
250141775	118509550	4.0
253898026	118509550	3.0
253898030	118509550	3.0
347320346	118509550	3.0
347320347	118509550	3.0
347320680	118509550	3.0
309154406	118509550	3.0
344684256	118509550	3.0
309154409	118509550	4.0
315402216	118509550	4.0
241832434	118509550	3.0
250132955	118509550	4.0
248135895	118509550	3.0
241850577	118509550	4.0
241841127	118509550	3.0
250171930	118509550	3.0
250171979	118509550	3.0
249794769	118509550	4.0
249788635	118509550	4.0
241841005	118509550	3.0
241842322	118509550	4.0
241843174	118509550	3.0
241843246	118509550	4.0
241822209	118509550	2.0
249794353	118509550	4.0
249794355	118509550	4.0
250123923	118509550	4.0
250124021	118509550	4.0
249795452	118509550	4.0
249798154	118509550	3.0
250127054	118509550	4.0
250132627	118509550	4.0
250132954	118509550	4.0
250140961	118509550	4.0
250141256	118509550	4.0
250141966	118509550	3.0
250172394	118509550	3.0
241822177	118509550	2.0
241822675	118509550	2.0
250142457	118509550	4.0
250172022	118509550	3.0
118509572	118509572	0
118509573	118509572	3.0
118509580	118509572	2.0
118509586	118509572	2.0
118509589	118509572	3.0
118509599	118509572	3.0
241816249	118509572	2.0
415705929	118509572	2.0
415705931	118509572	3.0
415705933	118509572	3.0
415705936	118509572	3.0
415705938	118509572	3.0
415705940	118509572	2.0
415705943	118509572	2.0
415705945	118509572	2.0
415705947	118509572	2.0
415705949	118509572	0.0
415709613	118509572	3.0
415709614	118509572	3.0
292669127	118509572	4.0
241832191	118509572	3.0
241842003	118509572	3.0
241811883	118509572	2.0
250124019	118509572	5.0
250124020	118509572	4.0
250127295	118509572	5.0
250141775	118509572	4.0
253898026	118509572	4.0
253898030	118509572	4.0
347320346	118509572	3.0
347320347	118509572	3.0
347320680	118509572	3.0
309154406	118509572	3.0
344684256	118509572	3.0
309154409	118509572	4.0
315402216	118509572	4.0
241832434	118509572	4.0
250132955	118509572	4.0
248135895	118509572	4.0
241850577	118509572	4.0
241841127	118509572	4.0
250171930	118509572	4.0
250171979	118509572	3.0
249794769	118509572	4.0
249788635	118509572	4.0
241841005	118509572	3.0
241842322	118509572	4.0
241843174	118509572	4.0
241843246	118509572	4.0
241822209	118509572	3.0
249794353	118509572	4.0
249794355	118509572	4.0
250123923	118509572	4.0
250124021	118509572	4.0
249795452	118509572	4.0
249798154	118509572	4.0
250127054	118509572	5.0
250132627	118509572	4.0
250132954	118509572	4.0
250140961	118509572	4.0
250141256	118509572	4.0
250141966	118509572	4.0
250172394	118509572	3.0
241822177	118509572	3.0
241822675	118509572	3.0
250142457	118509572	4.0
250172022	118509572	3.0
118509573	118509573	0
118509580	118509573	3.0
118509586	118509573	2.0
118509589	118509573	2.0
118509599	118509573	1.0
241816249	118509573	0.0
415705929	118509573	0.0
415705931	118509573	0.0
415705933	118509573	0.0
415705936	118509573	0.0
415705938	118509573	0.0
415705940	118509573	0.0
415705943	118509573	0.0
415705945	118509573	0.0
415705947	118509573	0.0
415705949	118509573	3.0
415709613	118509573	2.0
415709614	118509573	2.0
292669127	118509573	4.0
241832191	118509573	4.0
241842003	118509573	4.0
241811883	118509573	3.0
250124019	118509573	5.0
250124020	118509573	4.0
250127295	118509573	5.0
250141775	118509573	4.0
253898026	118509573	4.0
253898030	118509573	4.0
347320346	118509573	4.0
347320347	118509573	4.0
347320680	118509573	4.0
309154406	118509573	3.0
344684256	118509573	3.0
309154409	118509573	4.0
315402216	118509573	4.0
241832434	118509573	4.0
250132955	118509573	4.0
248135895	118509573	3.0
241850577	118509573	4.0
241841127	118509573	4.0
250171930	118509573	3.0
250171979	118509573	3.0
249794769	118509573	4.0
249788635	118509573	4.0
241841005	118509573	4.0
241842322	118509573	4.0
241843174	118509573	4.0
241843246	118509573	4.0
241822209	118509573	3.0
249794353	118509573	4.0
249794355	118509573	4.0
250123923	118509573	5.0
250124021	118509573	4.0
249795452	118509573	4.0
249798154	118509573	4.0
250127054	118509573	5.0
250132627	118509573	4.0
250132954	118509573	4.0
250140961	118509573	4.0
250141256	118509573	4.0
250141966	118509573	3.0
250172394	118509573	3.0
241822177	118509573	3.0
241822675	118509573	3.0
250142457	118509573	4.0
250172022	118509573	3.0
118509580	118509580	0
118509586	118509580	0.0
118509589	118509580	2.0
118509599	118509580	2.0
241816249	118509580	3.0
415705929	118509580	3.0
415705931	118509580	3.0
415705933	118509580	3.0
415705936	118509580	3.0
415705938	118509580	3.0
415705940	118509580	3.0
415705943	118509580	2.0
415705945	118509580	2.0
415705947	118509580	2.0
415705949	118509580	2.0
415709613	118509580	1.0
415709614	118509580	2.0
292669127	118509580	4.0
241832191	118509580	3.0
241842003	118509580	3.0
241811883	118509580	0.0
250124019	118509580	4.0
250124020	118509580	4.0
250127295	118509580	4.0
250141775	118509580	3.0
253898026	118509580	3.0
253898030	118509580	3.0
347320346	118509580	2.0
347320347	118509580	2.0
347320680	118509580	3.0
309154406	118509580	2.0
344684256	118509580	2.0
309154409	118509580	4.0
315402216	118509580	4.0
241832434	118509580	3.0
250132955	118509580	3.0
248135895	118509580	3.0
241850577	118509580	4.0
241841127	118509580	3.0
250171930	118509580	3.0
250171979	118509580	3.0
249794769	118509580	4.0
249788635	118509580	4.0
241841005	118509580	3.0
241842322	118509580	4.0
241843174	118509580	3.0
241843246	118509580	3.0
241822209	118509580	2.0
249794353	118509580	4.0
249794355	118509580	4.0
250123923	118509580	4.0
250124021	118509580	4.0
249795452	118509580	4.0
249798154	118509580	3.0
250127054	118509580	4.0
250132627	118509580	4.0
250132954	118509580	4.0
250140961	118509580	4.0
250141256	118509580	4.0
250141966	118509580	3.0
250172394	118509580	3.0
241822177	118509580	2.0
241822675	118509580	2.0
250142457	118509580	4.0
250172022	118509580	3.0
118509586	118509586	0
118509589	118509586	1.0
118509599	118509586	2.0
241816249	118509586	2.0
415705929	118509586	2.0
415705931	118509586	2.0
415705933	118509586	2.0
415705936	118509586	2.0
415705938	118509586	2.0
415705940	118509586	3.0
415705943	118509586	3.0
415705945	118509586	3.0
415705947	118509586	3.0
415705949	118509586	2.0
415709613	118509586	1.0
415709614	118509586	1.0
292669127	118509586	4.0
241832191	118509586	3.0
241842003	118509586	3.0
241811883	118509586	0.0
250124019	118509586	4.0
250124020	118509586	4.0
250127295	118509586	4.0
250141775	118509586	3.0
253898026	118509586	3.0
253898030	118509586	3.0
347320346	118509586	2.0
347320347	118509586	2.0
347320680	118509586	3.0
309154406	118509586	2.0
344684256	118509586	2.0
309154409	118509586	4.0
315402216	118509586	4.0
241832434	118509586	3.0
250132955	118509586	3.0
248135895	118509586	3.0
241850577	118509586	4.0
241841127	118509586	3.0
250171930	118509586	3.0
250171979	118509586	2.0
249794769	118509586	4.0
249788635	118509586	4.0
241841005	118509586	3.0
241842322	118509586	3.0
241843174	118509586	3.0
241843246	118509586	3.0
241822209	118509586	2.0
249794353	118509586	4.0
249794355	118509586	4.0
250123923	118509586	4.0
250124021	118509586	4.0
249795452	118509586	4.0
249798154	118509586	3.0
250127054	118509586	4.0
250132627	118509586	4.0
250132954	118509586	4.0
250140961	118509586	4.0
250141256	118509586	4.0
250141966	118509586	3.0
250172394	118509586	3.0
241822177	118509586	2.0
241822675	118509586	1.0
250142457	118509586	4.0
250172022	118509586	2.0
118509589	118509589	0
118509599	118509589	0.0
241816249	118509589	2.0
415705929	118509589	2.0
415705931	118509589	2.0
415705933	118509589	2.0
415705936	118509589	1.0
415705938	118509589	1.0
415705940	118509589	2.0
415705943	118509589	2.0
415705945	118509589	2.0
415705947	118509589	2.0
415705949	118509589	3.0
415709613	118509589	0.0
415709614	118509589	0.0
292669127	118509589	4.0
241832191	118509589	3.0
241842003	118509589	4.0
241811883	118509589	2.0
250124019	118509589	4.0
250124020	118509589	4.0
250127295	118509589	4.0
250141775	118509589	4.0
253898026	118509589	3.0
253898030	118509589	3.0
347320346	118509589	2.0
347320347	118509589	2.0
347320680	118509589	3.0
309154406	118509589	2.0
344684256	118509589	2.0
309154409	118509589	4.0
315402216	118509589	4.0
241832434	118509589	3.0
250132955	118509589	3.0
248135895	118509589	3.0
241850577	118509589	4.0
241841127	118509589	4.0
250171930	118509589	2.0
250171979	118509589	3.0
249794769	118509589	4.0
249788635	118509589	4.0
241841005	118509589	3.0
241842322	118509589	4.0
241843174	118509589	3.0
241843246	118509589	3.0
241822209	118509589	2.0
249794353	118509589	4.0
249794355	118509589	4.0
250123923	118509589	4.0
250124021	118509589	4.0
249795452	118509589	4.0
249798154	118509589	3.0
250127054	118509589	4.0
250132627	118509589	4.0
250132954	118509589	4.0
250140961	118509589	4.0
250141256	118509589	4.0
250141966	118509589	3.0
250172394	118509589	3.0
241822177	118509589	2.0
241822675	118509589	2.0
250142457	118509589	4.0
250172022	118509589	2.0
118509599	118509599	0
241816249	118509599	1.0
415705929	118509599	1.0
415705931	118509599	1.0
415705933	118509599	1.0
415705936	118509599	1.0
415705938	118509599	0.0
415705940	118509599	1.0
415705943	118509599	1.0
415705945	118509599	1.0
415705947	118509599	1.0
415705949	118509599	3.0
415709613	118509599	1.0
415709614	118509599	1.0
292669127	118509599	4.0
241832191	118509599	4.0
241842003	118509599	4.0
241811883	118509599	3.0
250124019	118509599	5.0
250124020	118509599	4.0
250127295	118509599	5.0
250141775	118509599	4.0
253898026	118509599	4.0
253898030	118509599	4.0
347320346	118509599	3.0
347320347	118509599	3.0
347320680	118509599	4.0
309154406	118509599	3.0
344684256	118509599	2.0
309154409	118509599	4.0
315402216	118509599	4.0
241832434	118509599	4.0
250132955	118509599	4.0
248135895	118509599	3.0
241850577	118509599	4.0
241841127	118509599	4.0
250171930	118509599	2.0
250171979	118509599	3.0
249794769	118509599	4.0
249788635	118509599	4.0
241841005	118509599	4.0
241842322	118509599	4.0
241843174	118509599	4.0
241843246	118509599	4.0
241822209	118509599	2.0
249794353	118509599	4.0
249794355	118509599	4.0
250123923	118509599	4.0
250124021	118509599	4.0
249795452	118509599	4.0
249798154	118509599	3.0
250127054	118509599	4.0
250132627	118509599	4.0
250132954	118509599	4.0
250140961	118509599	4.0
250141256	118509599	4.0
250141966	118509599	3.0
250172394	118509599	3.0
241822177	118509599	2.0
241822675	118509599	2.0
250142457	118509599	4.0
250172022	118509599	3.0
241816249	241816249	0
415705929	241816249	0.0
415705931	241816249	0.0
415705933	241816249	0.0
415705936	241816249	0.0
415705938	241816249	0.0
415705940	241816249	0.0
415705943	241816249	0.0
415705945	241816249	0.0
415705947	241816249	0.0
415705949	241816249	3.0
415709613	241816249	2.0
415709614	241816249	2.0
292669127	241816249	4.0
241832191	241816249	4.0
241842003	241816249	4.0
241811883	241816249	3.0
250124019	241816249	5.0
250124020	241816249	5.0
250127295	241816249	5.0
250141775	241816249	4.0
253898026	241816249	4.0
253898030	241816249	4.0
347320346	241816249	4.0
347320347	241816249	4.0
347320680	241816249	4.0
309154406	241816249	3.0
344684256	241816249	3.0
309154409	241816249	4.0
315402216	241816249	4.0
241832434	241816249	4.0
250132955	241816249	4.0
248135895	241816249	4.0
241850577	241816249	4.0
241841127	241816249	4.0
250171930	241816249	3.0
250171979	241816249	3.0
249794769	241816249	4.0
249788635	241816249	4.0
241841005	241816249	4.0
241842322	241816249	4.0
241843174	241816249	4.0
241843246	241816249	4.0
241822209	241816249	3.0
249794353	241816249	4.0
249794355	241816249	4.0
250123923	241816249	5.0
250124021	241816249	5.0
249795452	241816249	4.0
249798154	241816249	4.0
250127054	241816249	5.0
250132627	241816249	4.0
250132954	241816249	4.0
250140961	241816249	4.0
250141256	241816249	4.0
250141966	241816249	3.0
250172394	241816249	3.0
241822177	241816249	3.0
241822675	241816249	3.0
250142457	241816249	4.0
250172022	241816249	3.0
415705929	415705929	0
415705931	415705929	0.0
415705933	415705929	0.0
415705936	415705929	0.0
415705938	415705929	0.0
415705940	415705929	0.0
415705943	415705929	0.0
415705945	415705929	0.0
415705947	415705929	0.0
415705949	415705929	3.0
415709613	415705929	2.0
415709614	415705929	2.0
292669127	415705929	4.0
241832191	415705929	4.0
241842003	415705929	4.0
241811883	415705929	3.0
250124019	415705929	5.0
250124020	415705929	4.0
250127295	415705929	5.0
250141775	415705929	4.0
253898026	415705929	4.0
253898030	415705929	4.0
347320346	415705929	4.0
347320347	415705929	4.0
347320680	415705929	4.0
309154406	415705929	3.0
344684256	415705929	3.0
309154409	415705929	4.0
315402216	415705929	4.0
241832434	415705929	4.0
250132955	415705929	4.0
248135895	415705929	4.0
241850577	415705929	4.0
241841127	415705929	4.0
250171930	415705929	3.0
250171979	415705929	3.0
249794769	415705929	4.0
249788635	415705929	4.0
241841005	415705929	4.0
241842322	415705929	4.0
241843174	415705929	4.0
241843246	415705929	4.0
241822209	415705929	3.0
249794353	415705929	4.0
249794355	415705929	4.0
250123923	415705929	5.0
250124021	415705929	5.0
249795452	415705929	4.0
249798154	415705929	4.0
250127054	415705929	5.0
250132627	415705929	4.0
250132954	415705929	4.0
250140961	415705929	4.0
250141256	415705929	4.0
250141966	415705929	3.0
250172394	415705929	3.0
241822177	415705929	3.0
241822675	415705929	3.0
250142457	415705929	4.0
250172022	415705929	3.0
415705931	415705931	0
415705933	415705931	0.0
415705936	415705931	0.0
415705938	415705931	0.0
415705940	415705931	0.0
415705943	415705931	0.0
415705945	415705931	0.0
415705947	415705931	0.0
415705949	415705931	3.0
415709613	415705931	2.0
415709614	415705931	2.0
292669127	415705931	4.0
241832191	415705931	4.0
241842003	415705931	4.0
241811883	415705931	3.0
250124019	415705931	5.0
250124020	415705931	4.0
250127295	415705931	5.0
250141775	415705931	4.0
253898026	415705931	4.0
253898030	415705931	4.0
347320346	415705931	4.0
347320347	415705931	4.0
347320680	415705931	4.0
309154406	415705931	3.0
344684256	415705931	3.0
309154409	415705931	4.0
315402216	415705931	4.0
241832434	415705931	4.0
250132955	415705931	4.0
248135895	415705931	3.0
241850577	415705931	4.0
241841127	415705931	4.0
250171930	415705931	3.0
250171979	415705931	3.0
249794769	415705931	4.0
249788635	415705931	4.0
241841005	415705931	4.0
241842322	415705931	4.0
241843174	415705931	4.0
241843246	415705931	4.0
241822209	415705931	3.0
249794353	415705931	4.0
249794355	415705931	4.0
250123923	415705931	5.0
250124021	415705931	5.0
249795452	415705931	4.0
249798154	415705931	4.0
250127054	415705931	5.0
250132627	415705931	4.0
250132954	415705931	4.0
250140961	415705931	4.0
250141256	415705931	4.0
250141966	415705931	3.0
250172394	415705931	3.0
241822177	415705931	3.0
241822675	415705931	3.0
250142457	415705931	4.0
250172022	415705931	3.0
415705933	415705933	0
415705936	415705933	0.0
415705938	415705933	0.0
415705940	415705933	0.0
415705943	415705933	0.0
415705945	415705933	0.0
415705947	415705933	0.0
415705949	415705933	3.0
415709613	415705933	2.0
415709614	415705933	2.0
292669127	415705933	4.0
241832191	415705933	4.0
241842003	415705933	4.0
241811883	415705933	3.0
250124019	415705933	5.0
250124020	415705933	4.0
250127295	415705933	5.0
250141775	415705933	4.0
253898026	415705933	4.0
253898030	415705933	4.0
347320346	415705933	4.0
347320347	415705933	4.0
347320680	415705933	4.0
309154406	415705933	3.0
344684256	415705933	3.0
309154409	415705933	4.0
315402216	415705933	4.0
241832434	415705933	4.0
250132955	415705933	4.0
248135895	415705933	3.0
241850577	415705933	4.0
241841127	415705933	4.0
250171930	415705933	3.0
250171979	415705933	3.0
249794769	415705933	4.0
249788635	415705933	4.0
241841005	415705933	4.0
241842322	415705933	4.0
241843174	415705933	4.0
241843246	415705933	4.0
241822209	415705933	3.0
249794353	415705933	4.0
249794355	415705933	4.0
250123923	415705933	5.0
250124021	415705933	4.0
249795452	415705933	4.0
249798154	415705933	4.0
250127054	415705933	5.0
250132627	415705933	4.0
250132954	415705933	4.0
250140961	415705933	4.0
250141256	415705933	4.0
250141966	415705933	3.0
250172394	415705933	3.0
241822177	415705933	3.0
241822675	415705933	3.0
250142457	415705933	4.0
250172022	415705933	3.0
415705936	415705936	0
415705938	415705936	0.0
415705940	415705936	0.0
415705943	415705936	0.0
415705945	415705936	0.0
415705947	415705936	0.0
415705949	415705936	3.0
415709613	415705936	2.0
415709614	415705936	2.0
292669127	415705936	4.0
241832191	415705936	4.0
241842003	415705936	4.0
241811883	415705936	3.0
250124019	415705936	5.0
250124020	415705936	4.0
250127295	415705936	5.0
250141775	415705936	4.0
253898026	415705936	4.0
253898030	415705936	4.0
347320346	415705936	3.0
347320347	415705936	4.0
347320680	415705936	4.0
309154406	415705936	3.0
344684256	415705936	3.0
309154409	415705936	4.0
315402216	415705936	4.0
241832434	415705936	4.0
250132955	415705936	4.0
248135895	415705936	3.0
241850577	415705936	4.0
241841127	415705936	4.0
250171930	415705936	3.0
250171979	415705936	3.0
249794769	415705936	4.0
249788635	415705936	4.0
241841005	415705936	4.0
241842322	415705936	4.0
241843174	415705936	4.0
241843246	415705936	4.0
241822209	415705936	3.0
249794353	415705936	4.0
249794355	415705936	4.0
250123923	415705936	5.0
250124021	415705936	4.0
249795452	415705936	4.0
249798154	415705936	4.0
250127054	415705936	5.0
250132627	415705936	4.0
250132954	415705936	4.0
250140961	415705936	4.0
250141256	415705936	4.0
250141966	415705936	3.0
250172394	415705936	3.0
241822177	415705936	3.0
241822675	415705936	3.0
250142457	415705936	4.0
250172022	415705936	3.0
415705938	415705938	0
415705940	415705938	0.0
415705943	415705938	0.0
415705945	415705938	0.0
415705947	415705938	0.0
415705949	415705938	3.0
415709613	415705938	2.0
415709614	415705938	2.0
292669127	415705938	4.0
241832191	415705938	4.0
241842003	415705938	4.0
241811883	415705938	3.0
250124019	415705938	5.0
250124020	415705938	4.0
250127295	415705938	5.0
250141775	415705938	4.0
253898026	415705938	4.0
253898030	415705938	4.0
347320346	415705938	3.0
347320347	415705938	4.0
347320680	415705938	4.0
309154406	415705938	3.0
344684256	415705938	3.0
309154409	415705938	4.0
315402216	415705938	4.0
241832434	415705938	4.0
250132955	415705938	4.0
248135895	415705938	3.0
241850577	415705938	4.0
241841127	415705938	4.0
250171930	415705938	3.0
250171979	415705938	3.0
249794769	415705938	4.0
249788635	415705938	4.0
241841005	415705938	4.0
241842322	415705938	4.0
241843174	415705938	4.0
241843246	415705938	4.0
241822209	415705938	3.0
249794353	415705938	4.0
249794355	415705938	4.0
250123923	415705938	5.0
250124021	415705938	4.0
249795452	415705938	4.0
249798154	415705938	4.0
250127054	415705938	5.0
250132627	415705938	4.0
250132954	415705938	4.0
250140961	415705938	4.0
250141256	415705938	4.0
250141966	415705938	3.0
250172394	415705938	3.0
241822177	415705938	3.0
241822675	415705938	3.0
250142457	415705938	4.0
250172022	415705938	3.0
415705940	415705940	0
415705943	415705940	0.0
415705945	415705940	0.0
415705947	415705940	0.0
415705949	415705940	2.0
415709613	415705940	2.0
415709614	415705940	2.0
292669127	415705940	4.0
241832191	415705940	4.0
241842003	415705940	4.0
241811883	415705940	3.0
250124019	415705940	5.0
250124020	415705940	5.0
250127295	415705940	5.0
250141775	415705940	4.0
253898026	415705940	4.0
253898030	415705940	4.0
347320346	415705940	4.0
347320347	415705940	4.0
347320680	415705940	4.0
309154406	415705940	3.0
344684256	415705940	3.0
309154409	415705940	4.0
315402216	415705940	4.0
241832434	415705940	4.0
250132955	415705940	4.0
248135895	415705940	4.0
241850577	415705940	4.0
241841127	415705940	4.0
250171930	415705940	3.0
250171979	415705940	3.0
249794769	415705940	4.0
249788635	415705940	4.0
241841005	415705940	4.0
241842322	415705940	4.0
241843174	415705940	4.0
241843246	415705940	4.0
241822209	415705940	3.0
249794353	415705940	4.0
249794355	415705940	5.0
250123923	415705940	5.0
250124021	415705940	5.0
249795452	415705940	4.0
249798154	415705940	4.0
250127054	415705940	5.0
250132627	415705940	4.0
250132954	415705940	4.0
250140961	415705940	4.0
250141256	415705940	4.0
250141966	415705940	3.0
250172394	415705940	3.0
241822177	415705940	3.0
241822675	415705940	3.0
250142457	415705940	4.0
250172022	415705940	3.0
415705943	415705943	0
415705945	415705943	0.0
415705947	415705943	0.0
415705949	415705943	2.0
415709613	415705943	2.0
415709614	415705943	2.0
292669127	415705943	4.0
241832191	415705943	4.0
241842003	415705943	4.0
241811883	415705943	3.0
250124019	415705943	5.0
250124020	415705943	5.0
250127295	415705943	5.0
250141775	415705943	4.0
253898026	415705943	4.0
253898030	415705943	4.0
347320346	415705943	4.0
347320347	415705943	4.0
347320680	415705943	4.0
309154406	415705943	3.0
344684256	415705943	3.0
309154409	415705943	4.0
315402216	415705943	4.0
241832434	415705943	4.0
250132955	415705943	4.0
248135895	415705943	4.0
241850577	415705943	4.0
241841127	415705943	4.0
250171930	415705943	3.0
250171979	415705943	3.0
249794769	415705943	4.0
249788635	415705943	4.0
241841005	415705943	4.0
241842322	415705943	4.0
241843174	415705943	4.0
241843246	415705943	4.0
241822209	415705943	3.0
249794353	415705943	4.0
249794355	415705943	5.0
250123923	415705943	5.0
250124021	415705943	5.0
249795452	415705943	4.0
249798154	415705943	4.0
250127054	415705943	5.0
250132627	415705943	4.0
250132954	415705943	4.0
250140961	415705943	4.0
250141256	415705943	4.0
250141966	415705943	3.0
250172394	415705943	3.0
241822177	415705943	3.0
241822675	415705943	3.0
250142457	415705943	4.0
250172022	415705943	3.0
415705945	415705945	0
415705947	415705945	0.0
415705949	415705945	2.0
415709613	415705945	2.0
415709614	415705945	2.0
292669127	415705945	4.0
241832191	415705945	4.0
241842003	415705945	4.0
241811883	415705945	3.0
250124019	415705945	5.0
250124020	415705945	4.0
250127295	415705945	5.0
250141775	415705945	4.0
253898026	415705945	4.0
253898030	415705945	4.0
347320346	415705945	4.0
347320347	415705945	4.0
347320680	415705945	4.0
309154406	415705945	3.0
344684256	415705945	3.0
309154409	415705945	4.0
315402216	415705945	4.0
241832434	415705945	4.0
250132955	415705945	4.0
248135895	415705945	4.0
241850577	415705945	4.0
241841127	415705945	4.0
250171930	415705945	3.0
250171979	415705945	3.0
249794769	415705945	4.0
249788635	415705945	4.0
241841005	415705945	4.0
241842322	415705945	4.0
241843174	415705945	4.0
241843246	415705945	4.0
241822209	415705945	3.0
249794353	415705945	4.0
249794355	415705945	4.0
250123923	415705945	5.0
250124021	415705945	4.0
249795452	415705945	4.0
249798154	415705945	4.0
250127054	415705945	5.0
250132627	415705945	4.0
250132954	415705945	4.0
250140961	415705945	4.0
250141256	415705945	4.0
250141966	415705945	3.0
250172394	415705945	3.0
241822177	415705945	3.0
241822675	415705945	3.0
250142457	415705945	4.0
250172022	415705945	3.0
415705947	415705947	0
415705949	415705947	2.0
415709613	415705947	2.0
415709614	415705947	2.0
292669127	415705947	4.0
241832191	415705947	4.0
241842003	415705947	4.0
241811883	415705947	3.0
250124019	415705947	5.0
250124020	415705947	4.0
250127295	415705947	5.0
250141775	415705947	4.0
253898026	415705947	4.0
253898030	415705947	4.0
347320346	415705947	3.0
347320347	415705947	4.0
347320680	415705947	4.0
309154406	415705947	3.0
344684256	415705947	3.0
309154409	415705947	4.0
315402216	415705947	4.0
241832434	415705947	4.0
250132955	415705947	4.0
248135895	415705947	4.0
241850577	415705947	4.0
241841127	415705947	4.0
250171930	415705947	3.0
250171979	415705947	3.0
249794769	415705947	4.0
249788635	415705947	4.0
241841005	415705947	4.0
241842322	415705947	4.0
241843174	415705947	4.0
241843246	415705947	4.0
241822209	415705947	3.0
249794353	415705947	4.0
249794355	415705947	4.0
250123923	415705947	5.0
250124021	415705947	4.0
249795452	415705947	4.0
249798154	415705947	4.0
250127054	415705947	5.0
250132627	415705947	4.0
250132954	415705947	4.0
250140961	415705947	4.0
250141256	415705947	4.0
250141966	415705947	3.0
250172394	415705947	3.0
241822177	415705947	3.0
241822675	415705947	3.0
250142457	415705947	4.0
250172022	415705947	3.0
415705949	415705949	0
415709613	415705949	3.0
415709614	415705949	3.0
292669127	415705949	4.0
241832191	415705949	3.0
241842003	415705949	3.0
241811883	415705949	2.0
250124019	415705949	5.0
250124020	415705949	4.0
250127295	415705949	5.0
250141775	415705949	4.0
253898026	415705949	4.0
253898030	415705949	4.0
347320346	415705949	3.0
347320347	415705949	3.0
347320680	415705949	3.0
309154406	415705949	3.0
344684256	415705949	3.0
309154409	415705949	4.0
315402216	415705949	4.0
241832434	415705949	4.0
250132955	415705949	4.0
248135895	415705949	4.0
241850577	415705949	4.0
241841127	415705949	4.0
250171930	415705949	4.0
250171979	415705949	3.0
249794769	415705949	4.0
249788635	415705949	4.0
241841005	415705949	4.0
241842322	415705949	4.0
241843174	415705949	4.0
241843246	415705949	4.0
241822209	415705949	3.0
249794353	415705949	4.0
249794355	415705949	4.0
250123923	415705949	4.0
250124021	415705949	4.0
249795452	415705949	4.0
249798154	415705949	4.0
250127054	415705949	5.0
250132627	415705949	4.0
250132954	415705949	4.0
250140961	415705949	4.0
250141256	415705949	4.0
250141966	415705949	4.0
250172394	415705949	3.0
241822177	415705949	3.0
241822675	415705949	3.0
250142457	415705949	4.0
250172022	415705949	3.0
415709613	415709613	0
415709614	415709613	0.0
292669127	415709613	4.0
241832191	415709613	3.0
241842003	415709613	3.0
241811883	415709613	2.0
250124019	415709613	4.0
250124020	415709613	4.0
250127295	415709613	4.0
250141775	415709613	3.0
253898026	415709613	3.0
253898030	415709613	3.0
347320346	415709613	2.0
347320347	415709613	2.0
347320680	415709613	3.0
309154406	415709613	2.0
344684256	415709613	2.0
309154409	415709613	4.0
315402216	415709613	4.0
241832434	415709613	3.0
250132955	415709613	3.0
248135895	415709613	3.0
241850577	415709613	4.0
241841127	415709613	4.0
250171930	415709613	2.0
250171979	415709613	2.0
249794769	415709613	4.0
249788635	415709613	4.0
241841005	415709613	3.0
241842322	415709613	3.0
241843174	415709613	3.0
241843246	415709613	3.0
241822209	415709613	2.0
249794353	415709613	4.0
249794355	415709613	4.0
250123923	415709613	4.0
250124021	415709613	4.0
249795452	415709613	4.0
249798154	415709613	3.0
250127054	415709613	4.0
250132627	415709613	4.0
250132954	415709613	3.0
250140961	415709613	4.0
250141256	415709613	4.0
250141966	415709613	3.0
250172394	415709613	2.0
241822177	415709613	1.0
241822675	415709613	1.0
250142457	415709613	4.0
250172022	415709613	2.0
415709614	415709614	0
292669127	415709614	4.0
241832191	415709614	3.0
241842003	415709614	4.0
241811883	415709614	2.0
250124019	415709614	4.0
250124020	415709614	4.0
250127295	415709614	4.0
250141775	415709614	3.0
253898026	415709614	3.0
253898030	415709614	3.0
347320346	415709614	2.0
347320347	415709614	2.0
347320680	415709614	3.0
309154406	415709614	2.0
344684256	415709614	2.0
309154409	415709614	4.0
315402216	415709614	4.0
241832434	415709614	3.0
250132955	415709614	3.0
248135895	415709614	3.0
241850577	415709614	4.0
241841127	415709614	4.0
250171930	415709614	2.0
250171979	415709614	2.0
249794769	415709614	4.0
249788635	415709614	4.0
241841005	415709614	3.0
241842322	415709614	3.0
241843174	415709614	3.0
241843246	415709614	3.0
241822209	415709614	2.0
249794353	415709614	4.0
249794355	415709614	4.0
250123923	415709614	4.0
250124021	415709614	4.0
249795452	415709614	4.0
249798154	415709614	3.0
250127054	415709614	4.0
250132627	415709614	4.0
250132954	415709614	4.0
250140961	415709614	4.0
250141256	415709614	4.0
250141966	415709614	3.0
250172394	415709614	3.0
241822177	415709614	2.0
241822675	415709614	2.0
250142457	415709614	4.0
250172022	415709614	2.0
292669127	292669127	0
241832191	292669127	4.0
241842003	292669127	4.0
241811883	292669127	4.0
250124019	292669127	4.0
250124020	292669127	4.0
250127295	292669127	4.0
250141775	292669127	3.0
253898026	292669127	4.0
253898030	292669127	4.0
347320346	292669127	4.0
347320347	292669127	4.0
347320680	292669127	4.0
309154406	292669127	3.0
344684256	292669127	4.0
309154409	292669127	4.0
315402216	292669127	3.0
241832434	292669127	4.0
250132955	292669127	4.0
248135895	292669127	3.0
241850577	292669127	5.0
241841127	292669127	4.0
250171930	292669127	4.0
250171979	292669127	3.0
249794769	292669127	4.0
249788635	292669127	5.0
241841005	292669127	4.0
241842322	292669127	4.0
241843174	292669127	4.0
241843246	292669127	4.0
241822209	292669127	4.0
249794353	292669127	4.0
249794355	292669127	4.0
250123923	292669127	4.0
250124021	292669127	4.0
249795452	292669127	4.0
249798154	292669127	4.0
250127054	292669127	4.0
250132627	292669127	3.0
250132954	292669127	4.0
250140961	292669127	3.0
250141256	292669127	3.0
250141966	292669127	3.0
250172394	292669127	3.0
241822177	292669127	4.0
241822675	292669127	4.0
250142457	292669127	2.0
250172022	292669127	3.0
241832191	241832191	0
241842003	241832191	2.0
241811883	241832191	3.0
250124019	241832191	4.0
250124020	241832191	4.0
250127295	241832191	4.0
250141775	241832191	4.0
253898026	241832191	2.0
253898030	241832191	3.0
347320346	241832191	3.0
347320347	241832191	3.0
347320680	241832191	3.0
309154406	241832191	4.0
344684256	241832191	4.0
309154409	241832191	3.0
315402216	241832191	4.0
241832434	241832191	0.0
250132955	241832191	3.0
248135895	241832191	4.0
241850577	241832191	2.0
241841127	241832191	3.0
250171930	241832191	4.0
250171979	241832191	4.0
249794769	241832191	3.0
249788635	241832191	3.0
241841005	241832191	2.0
241842322	241832191	2.0
241843174	241832191	2.0
241843246	241832191	2.0
241822209	241832191	3.0
249794353	241832191	3.0
249794355	241832191	4.0
250123923	241832191	4.0
250124021	241832191	4.0
249795452	241832191	3.0
249798154	241832191	3.0
250127054	241832191	4.0
250132627	241832191	4.0
250132954	241832191	3.0
250140961	241832191	4.0
250141256	241832191	4.0
250141966	241832191	4.0
250172394	241832191	3.0
241822177	241832191	3.0
241822675	241832191	4.0
250142457	241832191	4.0
250172022	241832191	4.0
241842003	241842003	0
241811883	241842003	3.0
250124019	241842003	4.0
250124020	241842003	4.0
250127295	241842003	4.0
250141775	241842003	4.0
253898026	241842003	1.0
253898030	241842003	1.0
347320346	241842003	2.0
347320347	241842003	2.0
347320680	241842003	1.0
309154406	241842003	3.0
344684256	241842003	3.0
309154409	241842003	3.0
315402216	241842003	3.0
241832434	241842003	2.0
250132955	241842003	2.0
248135895	241842003	3.0
241850577	241842003	4.0
241841127	241842003	2.0
250171930	241842003	3.0
250171979	241842003	3.0
249794769	241842003	3.0
249788635	241842003	3.0
241841005	241842003	2.0
241842322	241842003	1.0
241843174	241842003	1.0
241843246	241842003	2.0
241822209	241842003	3.0
249794353	241842003	3.0
249794355	241842003	3.0
250123923	241842003	4.0
250124021	241842003	4.0
249795452	241842003	3.0
249798154	241842003	2.0
250127054	241842003	4.0
250132627	241842003	3.0
250132954	241842003	3.0
250140961	241842003	3.0
250141256	241842003	4.0
250141966	241842003	4.0
250172394	241842003	3.0
241822177	241842003	3.0
241822675	241842003	3.0
250142457	241842003	4.0
250172022	241842003	3.0
241811883	241811883	0
250124019	241811883	4.0
250124020	241811883	4.0
250127295	241811883	4.0
250141775	241811883	3.0
253898026	241811883	3.0
253898030	241811883	3.0
347320346	241811883	2.0
347320347	241811883	2.0
347320680	241811883	3.0
309154406	241811883	2.0
344684256	241811883	2.0
309154409	241811883	4.0
315402216	241811883	4.0
241832434	241811883	3.0
250132955	241811883	3.0
248135895	241811883	3.0
241850577	241811883	4.0
241841127	241811883	3.0
250171930	241811883	3.0
250171979	241811883	3.0
249794769	241811883	4.0
249788635	241811883	4.0
241841005	241811883	3.0
241842322	241811883	3.0
241843174	241811883	3.0
241843246	241811883	3.0
241822209	241811883	2.0
249794353	241811883	4.0
249794355	241811883	4.0
250123923	241811883	4.0
250124021	241811883	4.0
249795452	241811883	4.0
249798154	241811883	3.0
250127054	241811883	4.0
250132627	241811883	4.0
250132954	241811883	3.0
250140961	241811883	4.0
250141256	241811883	4.0
250141966	241811883	3.0
250172394	241811883	2.0
241822177	241811883	1.0
241822675	241811883	2.0
250142457	241811883	3.0
250172022	241811883	2.0
250124019	250124019	0
250124020	250124019	1.0
250127295	250124019	2.0
250141775	250124019	4.0
253898026	250124019	3.0
253898030	250124019	3.0
347320346	250124019	4.0
347320347	250124019	4.0
347320680	250124019	4.0
309154406	250124019	4.0
344684256	250124019	4.0
309154409	250124019	3.0
315402216	250124019	3.0
241832434	250124019	4.0
250132955	250124019	3.0
248135895	250124019	4.0
241850577	250124019	3.0
241841127	250124019	4.0
250171930	250124019	4.0
250171979	250124019	4.0
249794769	250124019	3.0
249788635	250124019	3.0
241841005	250124019	4.0
241842322	250124019	3.0
241843174	250124019	3.0
241843246	250124019	3.0
241822209	250124019	4.0
249794353	250124019	2.0
249794355	250124019	2.0
250123923	250124019	0.0
250124021	250124019	1.0
249795452	250124019	3.0
249798154	250124019	4.0
250127054	250124019	2.0
250132627	250124019	3.0
250132954	250124019	3.0
250140961	250124019	3.0
250141256	250124019	3.0
250141966	250124019	4.0
250172394	250124019	4.0
241822177	250124019	4.0
241822675	250124019	4.0
250142457	250124019	4.0
250172022	250124019	4.0
250124020	250124020	0
250127295	250124020	2.0
250141775	250124020	4.0
253898026	250124020	3.0
253898030	250124020	3.0
347320346	250124020	4.0
347320347	250124020	4.0
347320680	250124020	4.0
309154406	250124020	4.0
344684256	250124020	4.0
309154409	250124020	3.0
315402216	250124020	3.0
241832434	250124020	4.0
250132955	250124020	3.0
248135895	250124020	4.0
241850577	250124020	3.0
241841127	250124020	3.0
250171930	250124020	4.0
250171979	250124020	4.0
249794769	250124020	2.0
249788635	250124020	3.0
241841005	250124020	3.0
241842322	250124020	3.0
241843174	250124020	3.0
241843246	250124020	3.0
241822209	250124020	4.0
249794353	250124020	2.0
249794355	250124020	2.0
250123923	250124020	2.0
250124021	250124020	0.0
249795452	250124020	3.0
249798154	250124020	3.0
250127054	250124020	2.0
250132627	250124020	3.0
250132954	250124020	3.0
250140961	250124020	3.0
250141256	250124020	3.0
250141966	250124020	4.0
250172394	250124020	4.0
241822177	250124020	4.0
241822675	250124020	4.0
250142457	250124020	3.0
250172022	250124020	4.0
250127295	250127295	0
250141775	250127295	4.0
253898026	250127295	4.0
253898030	250127295	3.0
347320346	250127295	4.0
347320347	250127295	4.0
347320680	250127295	4.0
309154406	250127295	4.0
344684256	250127295	4.0
309154409	250127295	3.0
315402216	250127295	3.0
241832434	250127295	4.0
250132955	250127295	3.0
248135895	250127295	4.0
241850577	250127295	4.0
241841127	250127295	4.0
250171930	250127295	4.0
250171979	250127295	4.0
249794769	250127295	3.0
249788635	250127295	3.0
241841005	250127295	4.0
241842322	250127295	3.0
241843174	250127295	4.0
241843246	250127295	3.0
241822209	250127295	4.0
249794353	250127295	3.0
249794355	250127295	3.0
250123923	250127295	1.0
250124021	250127295	2.0
249795452	250127295	3.0
249798154	250127295	4.0
250127054	250127295	1.0
250132627	250127295	3.0
250132954	250127295	3.0
250140961	250127295	3.0
250141256	250127295	3.0
250141966	250127295	4.0
250172394	250127295	4.0
241822177	250127295	4.0
241822675	250127295	4.0
250142457	250127295	3.0
250172022	250127295	4.0
250141775	250141775	0
253898026	250141775	3.0
253898030	250141775	3.0
347320346	250141775	3.0
347320347	250141775	3.0
347320680	250141775	3.0
309154406	250141775	3.0
344684256	250141775	3.0
309154409	250141775	3.0
315402216	250141775	3.0
241832434	250141775	4.0
250132955	250141775	3.0
248135895	250141775	2.0
241850577	250141775	4.0
241841127	250141775	4.0
250171930	250141775	3.0
250171979	250141775	3.0
249794769	250141775	4.0
249788635	250141775	4.0
241841005	250141775	3.0
241842322	250141775	4.0
241843174	250141775	3.0
241843246	250141775	3.0
241822209	250141775	3.0
249794353	250141775	4.0
249794355	250141775	4.0
250123923	250141775	4.0
250124021	250141775	4.0
249795452	250141775	3.0
249798154	250141775	3.0
250127054	250141775	3.0
250132627	250141775	2.0
250132954	250141775	3.0
250140961	250141775	3.0
250141256	250141775	2.0
250141966	250141775	2.0
250172394	250141775	2.0
241822177	250141775	3.0
241822675	250141775	3.0
250142457	250141775	2.0
250172022	250141775	2.0
253898026	253898026	0
253898030	253898026	0.0
347320346	253898026	2.0
347320347	253898026	2.0
347320680	253898026	2.0
309154406	253898026	3.0
344684256	253898026	3.0
309154409	253898026	2.0
315402216	253898026	3.0
241832434	253898026	3.0
250132955	253898026	1.0
248135895	253898026	3.0
241850577	253898026	3.0
241841127	253898026	2.0
250171930	253898026	3.0
250171979	253898026	3.0
249794769	253898026	3.0
249788635	253898026	3.0
241841005	253898026	0.0
241842322	253898026	1.0
241843174	253898026	0.0
241843246	253898026	1.0
241822209	253898026	3.0
249794353	253898026	3.0
249794355	253898026	3.0
250123923	253898026	3.0
250124021	253898026	3.0
249795452	253898026	2.0
249798154	253898026	2.0
250127054	253898026	3.0
250132627	253898026	3.0
250132954	253898026	2.0
250140961	253898026	3.0
250141256	253898026	4.0
250141966	253898026	3.0
250172394	253898026	3.0
241822177	253898026	3.0
241822675	253898026	3.0
250142457	253898026	4.0
250172022	253898026	3.0
253898030	253898030	0
347320346	253898030	2.0
347320347	253898030	2.0
347320680	253898030	2.0
309154406	253898030	3.0
344684256	253898030	3.0
309154409	253898030	2.0
315402216	253898030	3.0
241832434	253898030	3.0
250132955	253898030	1.0
248135895	253898030	3.0
241850577	253898030	3.0
241841127	253898030	2.0
250171930	253898030	3.0
250171979	253898030	3.0
249794769	253898030	3.0
249788635	253898030	3.0
241841005	253898030	1.0
241842322	253898030	1.0
241843174	253898030	0.0
241843246	253898030	1.0
241822209	253898030	3.0
249794353	253898030	3.0
249794355	253898030	3.0
250123923	253898030	3.0
250124021	253898030	3.0
249795452	253898030	2.0
249798154	253898030	2.0
250127054	253898030	3.0
250132627	253898030	3.0
250132954	253898030	2.0
250140961	253898030	3.0
250141256	253898030	4.0
250141966	253898030	3.0
250172394	253898030	3.0
241822177	253898030	3.0
241822675	253898030	3.0
250142457	253898030	4.0
250172022	253898030	3.0
347320346	347320346	0
347320347	347320346	0.0
347320680	347320346	1.0
309154406	347320346	2.0
344684256	347320346	2.0
309154409	347320346	3.0
315402216	347320346	3.0
241832434	347320346	3.0
250132955	347320346	2.0
248135895	347320346	3.0
241850577	347320346	4.0
241841127	347320346	3.0
250171930	347320346	3.0
250171979	347320346	3.0
249794769	347320346	3.0
249788635	347320346	4.0
241841005	347320346	2.0
241842322	347320346	3.0
241843174	347320346	2.0
241843246	347320346	3.0
241822209	347320346	2.0
249794353	347320346	4.0
249794355	347320346	4.0
250123923	347320346	4.0
250124021	347320346	4.0
249795452	347320346	3.0
249798154	347320346	2.0
250127054	347320346	4.0
250132627	347320346	3.0
250132954	347320346	3.0
250140961	347320346	4.0
250141256	347320346	3.0
250141966	347320346	3.0
250172394	347320346	2.0
241822177	347320346	0.0
241822675	347320346	2.0
250142457	347320346	3.0
250172022	347320346	2.0
347320347	347320347	0
347320680	347320347	1.0
309154406	347320347	2.0
344684256	347320347	2.0
309154409	347320347	3.0
315402216	347320347	3.0
241832434	347320347	3.0
250132955	347320347	2.0
248135895	347320347	3.0
241850577	347320347	4.0
241841127	347320347	3.0
250171930	347320347	3.0
250171979	347320347	3.0
249794769	347320347	3.0
249788635	347320347	4.0
241841005	347320347	2.0
241842322	347320347	3.0
241843174	347320347	2.0
241843246	347320347	3.0
241822209	347320347	2.0
249794353	347320347	4.0
249794355	347320347	4.0
250123923	347320347	4.0
250124021	347320347	4.0
249795452	347320347	3.0
249798154	347320347	2.0
250127054	347320347	4.0
250132627	347320347	3.0
250132954	347320347	3.0
250140961	347320347	4.0
250141256	347320347	3.0
250141966	347320347	3.0
250172394	347320347	2.0
241822177	347320347	0.0
241822675	347320347	2.0
250142457	347320347	3.0
250172022	347320347	3.0
347320680	347320680	0
309154406	347320680	3.0
344684256	347320680	3.0
309154409	347320680	3.0
315402216	347320680	3.0
241832434	347320680	3.0
250132955	347320680	2.0
248135895	347320680	3.0
241850577	347320680	4.0
241841127	347320680	2.0
250171930	347320680	3.0
250171979	347320680	3.0
249794769	347320680	3.0
249788635	347320680	4.0
241841005	347320680	2.0
241842322	347320680	2.0
241843174	347320680	2.0
241843246	347320680	2.0
241822209	347320680	2.0
249794353	347320680	3.0
249794355	347320680	4.0
250123923	347320680	4.0
250124021	347320680	4.0
249795452	347320680	3.0
249798154	347320680	2.0
250127054	347320680	4.0
250132627	347320680	3.0
250132954	347320680	3.0
250140961	347320680	4.0
250141256	347320680	4.0
250141966	347320680	3.0
250172394	347320680	2.0
241822177	347320680	2.0
241822675	347320680	2.0
250142457	347320680	4.0
250172022	347320680	3.0
309154406	309154406	0
344684256	309154406	1.0
309154409	309154406	3.0
315402216	309154406	3.0
241832434	309154406	4.0
250132955	309154406	3.0
248135895	309154406	2.0
241850577	309154406	4.0
241841127	309154406	4.0
250171930	309154406	2.0
250171979	309154406	1.0
249794769	309154406	4.0
249788635	309154406	4.0
241841005	309154406	3.0
241842322	309154406	3.0
241843174	309154406	3.0
241843246	309154406	3.0
241822209	309154406	2.0
249794353	309154406	4.0
249794355	309154406	4.0
250123923	309154406	4.0
250124021	309154406	4.0
249795452	309154406	3.0
249798154	309154406	2.0
250127054	309154406	4.0
250132627	309154406	3.0
250132954	309154406	3.0
250140961	309154406	3.0
250141256	309154406	3.0
250141966	309154406	2.0
250172394	309154406	2.0
241822177	309154406	2.0
241822675	309154406	1.0
250142457	309154406	3.0
250172022	309154406	0.0
344684256	344684256	0
309154409	344684256	3.0
315402216	344684256	3.0
241832434	344684256	4.0
250132955	344684256	3.0
248135895	344684256	2.0
241850577	344684256	4.0
241841127	344684256	3.0
250171930	344684256	1.0
250171979	344684256	2.0
249794769	344684256	4.0
249788635	344684256	4.0
241841005	344684256	3.0
241842322	344684256	3.0
241843174	344684256	3.0
241843246	344684256	3.0
241822209	344684256	2.0
249794353	344684256	4.0
249794355	344684256	4.0
250123923	344684256	4.0
250124021	344684256	4.0
249795452	344684256	3.0
249798154	344684256	3.0
250127054	344684256	4.0
250132627	344684256	4.0
250132954	344684256	3.0
250140961	344684256	4.0
250141256	344684256	4.0
250141966	344684256	3.0
250172394	344684256	2.0
241822177	344684256	2.0
241822675	344684256	1.0
250142457	344684256	3.0
250172022	344684256	2.0
309154409	309154409	0
315402216	309154409	2.0
241832434	309154409	3.0
250132955	309154409	2.0
248135895	309154409	3.0
241850577	309154409	4.0
241841127	309154409	3.0
250171930	309154409	3.0
250171979	309154409	3.0
249794769	309154409	3.0
249788635	309154409	3.0
241841005	309154409	2.0
241842322	309154409	2.0
241843174	309154409	2.0
241843246	309154409	2.0
241822209	309154409	3.0
249794353	309154409	3.0
249794355	309154409	3.0
250123923	309154409	3.0
250124021	309154409	3.0
249795452	309154409	2.0
249798154	309154409	2.0
250127054	309154409	3.0
250132627	309154409	2.0
250132954	309154409	2.0
250140961	309154409	2.0
250141256	309154409	3.0
250141966	309154409	3.0
250172394	309154409	3.0
241822177	309154409	3.0
241822675	309154409	3.0
250142457	309154409	3.0
250172022	309154409	3.0
315402216	315402216	0
241832434	315402216	3.0
250132955	315402216	2.0
248135895	315402216	3.0
241850577	315402216	4.0
241841127	315402216	3.0
250171930	315402216	3.0
250171979	315402216	3.0
249794769	315402216	3.0
249788635	315402216	4.0
241841005	315402216	3.0
241842322	315402216	3.0
241843174	315402216	3.0
241843246	315402216	3.0
241822209	315402216	3.0
249794353	315402216	3.0
249794355	315402216	3.0
250123923	315402216	3.0
250124021	315402216	3.0
249795452	315402216	3.0
249798154	315402216	2.0
250127054	315402216	3.0
250132627	315402216	2.0
250132954	315402216	2.0
250140961	315402216	2.0
250141256	315402216	2.0
250141966	315402216	3.0
250172394	315402216	3.0
241822177	315402216	3.0
241822675	315402216	3.0
250142457	315402216	2.0
250172022	315402216	3.0
241832434	241832434	0
250132955	241832434	3.0
248135895	241832434	4.0
241850577	241832434	2.0
241841127	241832434	1.0
250171930	241832434	4.0
250171979	241832434	4.0
249794769	241832434	3.0
249788635	241832434	3.0
241841005	241832434	2.0
241842322	241832434	2.0
241843174	241832434	3.0
241843246	241832434	2.0
241822209	241832434	3.0
249794353	241832434	3.0
249794355	241832434	4.0
250123923	241832434	4.0
250124021	241832434	4.0
249795452	241832434	3.0
249798154	241832434	3.0
250127054	241832434	4.0
250132627	241832434	4.0
250132954	241832434	3.0
250140961	241832434	4.0
250141256	241832434	4.0
250141966	241832434	4.0
250172394	241832434	3.0
241822177	241832434	3.0
241822675	241832434	4.0
250142457	241832434	4.0
250172022	241832434	4.0
250132955	250132955	0
248135895	250132955	2.0
241850577	250132955	3.0
241841127	250132955	3.0
250171930	250132955	3.0
250171979	250132955	3.0
249794769	250132955	3.0
249788635	250132955	3.0
241841005	250132955	2.0
241842322	250132955	2.0
241843174	250132955	1.0
241843246	250132955	2.0
241822209	250132955	3.0
249794353	250132955	3.0
249794355	250132955	3.0
250123923	250132955	3.0
250124021	250132955	3.0
249795452	250132955	2.0
249798154	250132955	1.0
250127054	250132955	3.0
250132627	250132955	2.0
250132954	250132955	1.0
250140961	250132955	3.0
250141256	250132955	3.0
250141966	250132955	3.0
250172394	250132955	2.0
241822177	250132955	3.0
241822675	250132955	3.0
250142457	250132955	3.0
250172022	250132955	3.0
248135895	248135895	0
241850577	248135895	4.0
241841127	248135895	3.0
250171930	248135895	2.0
250171979	248135895	2.0
249794769	248135895	3.0
249788635	248135895	4.0
241841005	248135895	3.0
241842322	248135895	3.0
241843174	248135895	3.0
241843246	248135895	3.0
241822209	248135895	3.0
249794353	248135895	4.0
249794355	248135895	4.0
250123923	248135895	4.0
250124021	248135895	4.0
249795452	248135895	3.0
249798154	248135895	2.0
250127054	248135895	4.0
250132627	248135895	3.0
250132954	248135895	3.0
250140961	248135895	3.0
250141256	248135895	3.0
250141966	248135895	2.0
250172394	248135895	1.0
241822177	248135895	2.0
241822675	248135895	2.0
250142457	248135895	3.0
250172022	248135895	1.0
241850577	241850577	0
241841127	241850577	3.0
250171930	241850577	4.0
250171979	241850577	4.0
249794769	241850577	3.0
249788635	241850577	2.0
241841005	241850577	3.0
241842322	241850577	3.0
241843174	241850577	3.0
241843246	241850577	3.0
241822209	241850577	4.0
249794353	241850577	3.0
249794355	241850577	3.0
250123923	241850577	3.0
250124021	241850577	3.0
249795452	241850577	3.0
249798154	241850577	4.0
250127054	241850577	4.0
250132627	241850577	4.0
250132954	241850577	4.0
250140961	241850577	4.0
250141256	241850577	4.0
250141966	241850577	4.0
250172394	241850577	4.0
241822177	241850577	4.0
241822675	241850577	4.0
250142457	241850577	4.0
250172022	241850577	4.0
241841127	241841127	0
250171930	241841127	4.0
250171979	241841127	4.0
249794769	241841127	3.0
249788635	241841127	3.0
241841005	241841127	2.0
241842322	241841127	1.0
241843174	241841127	2.0
241843246	241841127	1.0
241822209	241841127	3.0
249794353	241841127	3.0
249794355	241841127	3.0
250123923	241841127	4.0
250124021	241841127	3.0
249795452	241841127	3.0
249798154	241841127	3.0
250127054	241841127	4.0
250132627	241841127	3.0
250132954	241841127	3.0
250140961	241841127	4.0
250141256	241841127	4.0
250141966	241841127	4.0
250172394	241841127	3.0
241822177	241841127	3.0
241822675	241841127	3.0
250142457	241841127	4.0
250172022	241841127	4.0
250171930	250171930	0
250171979	250171930	1.0
249794769	250171930	4.0
249788635	250171930	4.0
241841005	250171930	3.0
241842322	250171930	3.0
241843174	250171930	3.0
241843246	250171930	3.0
241822209	250171930	2.0
249794353	250171930	4.0
249794355	250171930	4.0
250123923	250171930	4.0
250124021	250171930	4.0
249795452	250171930	3.0
249798154	250171930	3.0
250127054	250171930	4.0
250132627	250171930	4.0
250132954	250171930	3.0
250140961	250171930	4.0
250141256	250171930	4.0
250141966	250171930	2.0
250172394	250171930	2.0
241822177	250171930	3.0
241822675	250171930	2.0
250142457	250171930	3.0
250172022	250171930	1.0
250171979	250171979	0
249794769	250171979	4.0
249788635	250171979	4.0
241841005	250171979	3.0
241842322	250171979	3.0
241843174	250171979	3.0
241843246	250171979	3.0
241822209	250171979	2.0
249794353	250171979	4.0
249794355	250171979	4.0
250123923	250171979	4.0
250124021	250171979	4.0
249795452	250171979	3.0
249798154	250171979	3.0
250127054	250171979	4.0
250132627	250171979	3.0
250132954	250171979	3.0
250140961	250171979	3.0
250141256	250171979	3.0
250141966	250171979	1.0
250172394	250171979	2.0
241822177	250171979	2.0
241822675	250171979	2.0
250142457	250171979	3.0
250172022	250171979	0.0
249794769	249794769	0
249788635	249794769	2.0
241841005	249794769	3.0
241842322	249794769	2.0
241843174	249794769	3.0
241843246	249794769	2.0
241822209	249794769	3.0
249794353	249794769	2.0
249794355	249794769	2.0
250123923	249794769	2.0
250124021	249794769	2.0
249795452	249794769	2.0
249798154	249794769	3.0
250127054	249794769	3.0
250132627	249794769	3.0
250132954	249794769	3.0
250140961	249794769	3.0
250141256	249794769	4.0
250141966	249794769	4.0
250172394	249794769	3.0
241822177	249794769	3.0
241822675	249794769	4.0
250142457	249794769	4.0
250172022	249794769	4.0
249788635	249788635	0
241841005	249788635	3.0
241842322	249788635	3.0
241843174	249788635	3.0
241843246	249788635	3.0
241822209	249788635	4.0
249794353	249788635	3.0
249794355	249788635	2.0
250123923	249788635	3.0
250124021	249788635	3.0
249795452	249788635	3.0
249798154	249788635	3.0
250127054	249788635	4.0
250132627	249788635	4.0
250132954	249788635	4.0
250140961	249788635	4.0
250141256	249788635	4.0
250141966	249788635	4.0
250172394	249788635	4.0
241822177	249788635	4.0
241822675	249788635	4.0
250142457	249788635	4.0
250172022	249788635	4.0
241841005	241841005	0
241842322	241841005	1.0
241843174	241841005	0.0
241843246	241841005	1.0
241822209	241841005	3.0
249794353	241841005	3.0
249794355	241841005	3.0
250123923	241841005	4.0
250124021	241841005	3.0
249795452	241841005	2.0
249798154	241841005	2.0
250127054	241841005	3.0
250132627	241841005	3.0
250132954	241841005	3.0
250140961	241841005	3.0
250141256	241841005	4.0
250141966	241841005	4.0
250172394	241841005	3.0
241822177	241841005	3.0
241822675	241841005	3.0
250142457	241841005	4.0
250172022	241841005	3.0
241842322	241842322	0
241843174	241842322	1.0
241843246	241842322	0.0
241822209	241842322	3.0
249794353	241842322	3.0
249794355	241842322	3.0
250123923	241842322	4.0
250124021	241842322	3.0
249795452	241842322	2.0
249798154	241842322	2.0
250127054	241842322	3.0
250132627	241842322	3.0
250132954	241842322	3.0
250140961	241842322	3.0
250141256	241842322	4.0
250141966	241842322	4.0
250172394	241842322	3.0
241822177	241842322	3.0
241822675	241842322	3.0
250142457	241842322	4.0
250172022	241842322	3.0
241843174	241843174	0
241843246	241843174	1.0
241822209	241843174	3.0
249794353	241843174	3.0
249794355	241843174	3.0
250123923	241843174	3.0
250124021	241843174	3.0
249795452	241843174	2.0
249798154	241843174	2.0
250127054	241843174	3.0
250132627	241843174	3.0
250132954	241843174	2.0
250140961	241843174	3.0
250141256	241843174	4.0
250141966	241843174	3.0
250172394	241843174	3.0
241822177	241843174	3.0
241822675	241843174	3.0
250142457	241843174	4.0
250172022	241843174	3.0
241843246	241843246	0
241822209	241843246	3.0
249794353	241843246	3.0
249794355	241843246	3.0
250123923	241843246	3.0
250124021	241843246	3.0
249795452	241843246	1.0
249798154	241843246	2.0
250127054	241843246	3.0
250132627	241843246	3.0
250132954	241843246	3.0
250140961	241843246	3.0
250141256	241843246	4.0
250141966	241843246	4.0
250172394	241843246	3.0
241822177	241843246	3.0
241822675	241843246	3.0
250142457	241843246	4.0
250172022	241843246	3.0
241822209	241822209	0
249794353	241822209	4.0
249794355	241822209	4.0
250123923	241822209	4.0
250124021	241822209	4.0
249795452	241822209	3.0
249798154	241822209	2.0
250127054	241822209	4.0
250132627	241822209	3.0
250132954	241822209	3.0
250140961	241822209	4.0
250141256	241822209	3.0
250141966	241822209	3.0
250172394	241822209	1.0
241822177	241822209	0.0
241822675	241822209	0.0
250142457	241822209	3.0
250172022	241822209	2.0
249794353	249794353	0
249794355	249794353	1.0
250123923	249794353	2.0
250124021	249794353	2.0
249795452	249794353	2.0
249798154	249794353	3.0
250127054	249794353	3.0
250132627	249794353	3.0
250132954	249794353	3.0
250140961	249794353	3.0
250141256	249794353	4.0
250141966	249794353	4.0
250172394	249794353	3.0
241822177	249794353	4.0
241822675	249794353	4.0
250142457	249794353	4.0
250172022	249794353	4.0
249794355	249794355	0
250123923	249794355	3.0
250124021	249794355	2.0
249795452	249794355	2.0
249798154	249794355	3.0
250127054	249794355	3.0
250132627	249794355	3.0
250132954	249794355	3.0
250140961	249794355	4.0
250141256	249794355	4.0
250141966	249794355	4.0
250172394	249794355	4.0
241822177	249794355	4.0
241822675	249794355	4.0
250142457	249794355	4.0
250172022	249794355	4.0
250123923	250123923	0
250124021	250123923	1.0
249795452	250123923	3.0
249798154	250123923	3.0
250127054	250123923	2.0
250132627	250123923	3.0
250132954	250123923	3.0
250140961	250123923	3.0
250141256	250123923	3.0
250141966	250123923	4.0
250172394	250123923	4.0
241822177	250123923	4.0
241822675	250123923	4.0
250142457	250123923	3.0
250172022	250123923	4.0
250124021	250124021	0
249795452	250124021	3.0
249798154	250124021	3.0
250127054	250124021	2.0
250132627	250124021	3.0
250132954	250124021	3.0
250140961	250124021	3.0
250141256	250124021	3.0
250141966	250124021	4.0
250172394	250124021	4.0
241822177	250124021	4.0
241822675	250124021	4.0
250142457	250124021	3.0
250172022	250124021	4.0
249795452	249795452	0
249798154	249795452	2.0
250127054	249795452	3.0
250132627	249795452	3.0
250132954	249795452	3.0
250140961	249795452	3.0
250141256	249795452	4.0
250141966	249795452	3.0
250172394	249795452	3.0
241822177	249795452	3.0
241822675	249795452	3.0
250142457	249795452	4.0
250172022	249795452	3.0
249798154	249798154	0
250127054	249798154	3.0
250132627	249798154	2.0
250132954	249798154	2.0
250140961	249798154	3.0
250141256	249798154	3.0
250141966	249798154	3.0
250172394	249798154	2.0
241822177	249798154	2.0
241822675	249798154	2.0
250142457	249798154	3.0
250172022	249798154	2.0
250127054	250127054	0
250132627	250127054	2.0
250132954	250127054	3.0
250140961	250127054	3.0
250141256	250127054	3.0
250141966	250127054	4.0
250172394	250127054	4.0
241822177	250127054	4.0
241822675	250127054	4.0
250142457	250127054	3.0
250172022	250127054	4.0
250132627	250132627	0
250132954	250132627	2.0
250140961	250132627	1.0
250141256	250132627	2.0
250141966	250132627	3.0
250172394	250132627	3.0
241822177	250132627	4.0
241822675	250132627	3.0
250142457	250132627	2.0
250172022	250132627	3.0
250132954	250132954	0
250140961	250132954	3.0
250141256	250132954	3.0
250141966	250132954	3.0
250172394	250132954	3.0
241822177	250132954	3.0
241822675	250132954	3.0
250142457	250132954	3.0
250172022	250132954	3.0
250140961	250140961	0
250141256	250140961	0.0
250141966	250140961	3.0
250172394	250140961	3.0
241822177	250140961	3.0
241822675	250140961	4.0
250142457	250140961	2.0
250172022	250140961	3.0
250141256	250141256	0
250141966	250141256	3.0
250172394	250141256	3.0
241822177	250141256	3.0
241822675	250141256	3.0
250142457	250141256	1.0
250172022	250141256	3.0
250141966	250141966	0
250172394	250141966	2.0
241822177	250141966	3.0
241822675	250141966	3.0
250142457	250141966	3.0
250172022	250141966	2.0
250172394	250172394	0
241822177	250172394	1.0
241822675	250172394	2.0
250142457	250172394	3.0
250172022	250172394	1.0
241822177	241822177	0
241822675	241822177	1.0
250142457	241822177	3.0
250172022	241822177	2.0
241822675	241822675	0
250142457	241822675	3.0
250172022	241822675	2.0
250142457	250142457	0
250172022	250142457	3.0
250172022	250172022	0
