266879719	[-7,5.0,2.0]	40.76960324	-73.9613896	0.022142298865735544	0.8183070466626662	0.11393623135926541	0.4086694818886575	0.8580645161290322	0.668207212232286
266887472	[-20,41.0,-21.0]	40.77064219310344	-73.96783110344829	0.022142298865735544	0.8183070466626662	0.11393623135926541	0.4086694818886575	0.8580645161290322	0.668207212232286
266887475	[-18,40.0,-22.0]	40.770877983333335	-73.96773968333333	0.022142298865735544	0.8183070466626662	0.11393623135926541	0.4086694818886575	0.8580645161290322	0.668207212232286
266887801	[-5,22.0,-17.0]	40.771668590909094	-73.96450774545455	0.022142298865735544	0.8183070466626662	0.11393623135926541	0.4086694818886575	0.8580645161290322	0.668207212232286
266887835	[-9,18.0,-9.0]	40.77046692307692	-73.96369708461538	0.022142298865735544	0.8183070466626662	0.11393623135926541	0.4086694818886575	0.8580645161290322	0.668207212232286
266887837	[-4,11.0,-7.0]	40.77084307222222	-73.96244420000001	0.022142298865735544	0.8183070466626662	0.11393623135926541	0.4086694818886575	0.8580645161290322	0.668207212232286
266887847	[-3,14.0,-11.0]	40.771263327272735	-73.96314625000001	0.022142298865735544	0.8183070466626662	0.11393623135926541	0.4086694818886575	0.8580645161290322	0.668207212232286
266887854	[-12,20.0,-8.0]	40.770049300000004	-73.96410065	0.022142298865735544	0.8183070466626662	0.11393623135926541	0.4086694818886575	0.8580645161290322	0.668207212232286
266894239	[-12,35.0,-23.0]	40.77163392222222	-73.9666967	0.022142298865735544	0.8183070466626662	0.11393623135926541	0.4086694818886575	0.8580645161290322	0.668207212232286
266894245	[-9,33.0,-24.0]	40.77193476428572	-73.96648561428572	0.022142298865735544	0.8183070466626662	0.11393623135926541	0.4086694818886575	0.8580645161290322	0.668207212232286
266894272	[-7,33.0,-26.0]	40.772514785714286	-73.9663963357143	0.022142298865735544	0.8183070466626662	0.11393623135926541	0.4086694818886575	0.8580645161290322	0.668207212232286
266894273	[-14,25.0,-11.0]	40.770214068749986	-73.9650689	0.022142298865735544	0.8183070466626662	0.11393623135926541	0.4086694818886575	0.8580645161290322	0.668207212232286
266894276	[-6,33.0,-27.0]	40.77267215	-73.96643206249999	0.022142298865735544	0.8183070466626662	0.11393623135926541	0.4086694818886575	0.8580645161290322	0.668207212232286
266894278	[-10,24.0,-14.0]	40.770888929411775	-73.9647436117647	0.022142298865735544	0.8183070466626662	0.11393623135926541	0.4086694818886575	0.8580645161290322	0.668207212232286
266894280	[-13,25.0,-12.0]	40.770418199999995	-73.96490976470588	0.022142298865735544	0.8183070466626662	0.11393623135926541	0.4086694818886575	0.8580645161290322	0.668207212232286
266894281	[-6,28.0,-22.0]	40.77218600952381	-73.96559037142859	0.022142298865735544	0.8183070466626662	0.11393623135926541	0.4086694818886575	0.8580645161290322	0.668207212232286
266894286	[-12,37.0,-25.0]	40.77183378064515	-73.96714282258066	0.022142298865735544	0.8183070466626662	0.11393623135926541	0.4086694818886575	0.8580645161290322	0.668207212232286
266899054	[8,24.0,-32.0]	40.77462455	-73.96485235	0.022142298865735544	0.8183070466626662	0.11393623135926541	0.4086694818886575	0.8580645161290322	0.668207212232286
266869648	[1,-46.0,45.0]	40.76590526666667	-73.95246193333334	0.022142298865735544	0.8183070466626662	0.11393623135926541	0.4086694818886575	0.8580645161290322	0.668207212232286
266869641	[7,-52.0,45.0]	40.766490184999995	-73.951328055	0.022142298865735544	0.8183070466626662	0.11393623135926541	0.4086694818886575	0.8580645161290322	0.668207212232286
266874001	[5,-26.0,21.0]	40.768892449999996	-73.955996515	0.022142298865735544	0.8183070466626662	0.11393623135926541	0.4086694818886575	0.8580645161290322	0.668207212232286
266879934	[13,-8.0,-5.0]	40.772332872727276	-73.95922523636364	0.022142298865735544	0.8183070466626662	0.11393623135926541	0.4086694818886575	0.8580645161290322	0.668207212232286
266879938	[11,-7.0,-4.0]	40.77201358076923	-73.95936193846153	0.022142298865735544	0.8183070466626662	0.11393623135926541	0.4086694818886575	0.8580645161290322	0.668207212232286
266866281	[-12,-21.0,33.0]	40.765882579999996	-73.95695496	0.022142298865735544	0.8183070466626662	0.11393623135926541	0.4086694818886575	0.8580645161290322	0.668207212232286
265615922	[16,-46.0,30.0]	40.76912872857143	-73.95241724285714	0.022142298865735544	0.8183070466626662	0.11393623135926541	0.4086694818886575	0.8580645161290322	0.668207212232286
266877338	[4,-15.0,11.0]	40.7697346	-73.95797266	0.022142298865735544	0.8183070466626662	0.11393623135926541	0.4086694818886575	0.8580645161290322	0.668207212232286
266900833	[19,-39.0,20.0]	40.770374116666666	-73.95374604999999	0.022142298865735544	0.8183070466626662	0.11393623135926541	0.4086694818886575	0.8580645161290322	0.668207212232286
266901293	[18,-26.0,8.0]	40.77156385	-73.9559734	0.022142298865735544	0.8183070466626662	0.11393623135926541	0.4086694818886575	0.8580645161290322	0.668207212232286
417593856	[-12,-5.0,17.0]	40.767479599999994	-73.95961186000001	0.022142298865735544	0.8183070466626662	0.11393623135926541	0.4086694818886575	0.8580645161290322	0.668207212232286
375719858	[12,-15.0,3.0]	40.77137286	-73.95780832	0.022142298865735544	0.8183070466626662	0.11393623135926541	0.4086694818886575	0.8580645161290322	0.668207212232286
265616034	[17,-55.0,38.0]	40.76827833750001	-73.94977613750001	0.022142298865735544	0.8183070466626662	0.11393623135926541	0.4086694818886575	0.8580645161290322	0.668207212232286
266873611	[-8,-19.0,27.0]	40.766920725	-73.95715055	0.022142298865735544	0.8183070466626662	0.11393623135926541	0.4086694818886575	0.8580645161290322	0.668207212232286
266876503	[13,-14.0,1.0]	40.771658775000006	-73.958077145	0.022142298865735544	0.8183070466626662	0.11393623135926541	0.4086694818886575	0.8580645161290322	0.668207212232286
266877325	[3,-7.0,4.0]	40.77046407333333	-73.95929216666667	0.022142298865735544	0.8183070466626662	0.11393623135926541	0.4086694818886575	0.8580645161290322	0.668207212232286
266900463	[18,-16.0,-2.0]	40.77247436666667	-73.95767615333332	0.022142298865735544	0.8183070466626662	0.11393623135926541	0.4086694818886575	0.8580645161290322	0.668207212232286
266900771	[20,-41.0,21.0]	40.770308722222225	-73.95328763333333	0.022142298865735544	0.8183070466626662	0.11393623135926541	0.4086694818886575	0.8580645161290322	0.668207212232286
375719859	[12,-18.0,6.0]	40.77118752	-73.95735722	0.022142298865735544	0.8183070466626662	0.11393623135926541	0.4086694818886575	0.8580645161290322	0.668207212232286
567716805	[6,-50.0,44.0]	40.76666024	-73.95169560000001	0.022142298865735544	0.8183070466626662	0.11393623135926541	0.4086694818886575	0.8580645161290322	0.668207212232286
266887387	[-18,21.0,-3.0]	40.76900957777778	-73.96433607777777	0.022142298865735544	0.8183070466626662	0.11393623135926541	0.4086694818886575	0.8580645161290322	0.668207212232286
266887412	[-19,31.0,-12.0]	40.769770012500004	-73.96603999999999	0.022142298865735544	0.8183070466626662	0.11393623135926541	0.4086694818886575	0.8580645161290322	0.668207212232286
266894235	[-4,28.0,-24.0]	40.772428644444446	-73.96557787777778	0.022142298865735544	0.8183070466626662	0.11393623135926541	0.4086694818886575	0.8580645161290322	0.668207212232286
266894764	[3,28.0,-31.0]	40.77399618888889	-73.96546236666667	0.022142298865735544	0.8183070466626662	0.11393623135926541	0.4086694818886575	0.8580645161290322	0.668207212232286
266898917	[13,19.0,-32.0]	40.77511676249999	-73.9640455875	0.022142298865735544	0.8183070466626662	0.11393623135926541	0.4086694818886575	0.8580645161290322	0.668207212232286
266899004	[13,20.0,-33.0]	40.775179200000004	-73.9642054625	0.022142298865735544	0.8183070466626662	0.11393623135926541	0.4086694818886575	0.8580645161290322	0.668207212232286
266894445	[1,8.0,-9.0]	40.77146155555556	-73.96195362222223	0.022142298865735544	0.8183070466626662	0.11393623135926541	0.4086694818886575	0.8580645161290322	0.668207212232286
266900829	[20,-48.0,28.0]	40.769710333333336	-73.95202093333334	0.022142298865735544	0.8183070466626662	0.11393623135926541	0.4086694818886575	0.8580645161290322	0.668207212232286
266894288	[-9,27.0,-18.0]	40.771490724242426	-73.96540792727271	0.022142298865735544	0.8183070466626662	0.11393623135926541	0.4086694818886575	0.8580645161290322	0.668207212232286
266894295	[-10,30.0,-20.0]	40.77158683333334	-73.96584436666666	0.022142298865735544	0.8183070466626662	0.11393623135926541	0.4086694818886575	0.8580645161290322	0.668207212232286
266876479	[12,-14.0,2.0]	40.771474620000006	-73.95812614	0.022142298865735544	0.8183070466626662	0.11393623135926541	0.4086694818886575	0.8580645161290322	0.668207212232286
562361553	[14,3.0,-17.0]	40.77364546	-73.96102348	0.022142298865735544	0.8183070466626662	0.11393623135926541	0.4086694818886575	0.8580645161290322	0.668207212232286
266879939	[12,-3.0,-9.0]	40.772642435294124	-73.9599960147059	0.022142298865735544	0.8183070466626662	0.11393623135926541	0.4086694818886575	0.8580645161290322	0.668207212232286
266894275	[-10,27.0,-17.0]	40.7711500375	-73.96532048124999	0.022142298865735544	0.8183070466626662	0.11393623135926541	0.4086694818886575	0.8580645161290322	0.668207212232286
266894421	[6,7.0,-13.0]	40.772513419999996	-73.96182539000002	0.022142298865735544	0.8183070466626662	0.11393623135926541	0.4086694818886575	0.8580645161290322	0.668207212232286
266894428	[5,8.0,-13.0]	40.77224814166666	-73.961949425	0.022142298865735544	0.8183070466626662	0.11393623135926541	0.4086694818886575	0.8580645161290322	0.668207212232286
295242013	[-1,22.0,-21.0]	40.77251353333333	-73.96459423333334	0.022142298865735544	0.8183070466626662	0.11393623135926541	0.4086694818886575	0.8580645161290322	0.668207212232286
264622283	[12,-43.0,31.0]	40.768487185714285	-73.9529593857143	0.022142298865735544	0.8183070466626662	0.11393623135926541	0.4086694818886575	0.8580645161290322	0.668207212232286
266874645	[9,-25.0,16.0]	40.76975932727273	-73.95611607272727	0.022142298865735544	0.8183070466626662	0.11393623135926541	0.4086694818886575	0.8580645161290322	0.668207212232286
266874646	[10,-29.0,19.0]	40.769622774999995	-73.95541653333333	0.022142298865735544	0.8183070466626662	0.11393623135926541	0.4086694818886575	0.8580645161290322	0.668207212232286
266877908	[-4,-9.0,13.0]	40.76870101111111	-73.95899294444445	0.022142298865735544	0.8183070466626662	0.11393623135926541	0.4086694818886575	0.8580645161290322	0.668207212232286
266879719	266879719	0
266887472	266879719	2.0
266887475	266879719	2.0
266887801	266879719	2.0
266887835	266879719	1.0
266887837	266879719	2.0
266887847	266879719	1.0
266887854	266879719	2.0
266894239	266879719	2.0
266894245	266879719	2.0
266894272	266879719	2.0
266894273	266879719	2.0
266894276	266879719	2.0
266894278	266879719	1.0
266894280	266879719	1.0
266894281	266879719	2.0
266894286	266879719	2.0
266899054	266879719	3.0
266869648	266879719	3.0
266869641	266879719	3.0
266874001	266879719	2.0
266879934	266879719	3.0
266879938	266879719	2.0
266866281	266879719	2.0
265615922	266879719	3.0
266877338	266879719	3.0
266900833	266879719	3.0
266901293	266879719	2.0
417593856	266879719	2.0
375719858	266879719	3.0
265616034	266879719	3.0
266873611	266879719	2.0
266876503	266879719	3.0
266877325	266879719	2.0
266900463	266879719	3.0
266900771	266879719	3.0
375719859	266879719	3.0
567716805	266879719	3.0
266887387	266879719	1.0
266887412	266879719	2.0
266894235	266879719	2.0
266894764	266879719	3.0
266898917	266879719	3.0
266899004	266879719	3.0
266894445	266879719	2.0
266900829	266879719	3.0
266894288	266879719	2.0
266894295	266879719	2.0
266876479	266879719	3.0
562361553	266879719	2.0
266879939	266879719	3.0
266894275	266879719	1.0
266894421	266879719	3.0
266894428	266879719	2.0
295242013	266879719	2.0
264622283	266879719	3.0
266874645	266879719	3.0
266874646	266879719	3.0
266877908	266879719	1.0
266887472	266887472	0
266887475	266887472	2.0
266887801	266887472	2.0
266887835	266887472	2.0
266887837	266887472	2.0
266887847	266887472	2.0
266887854	266887472	2.0
266894239	266887472	2.0
266894245	266887472	2.0
266894272	266887472	2.0
266894273	266887472	1.0
266894276	266887472	3.0
266894278	266887472	3.0
266894280	266887472	3.0
266894281	266887472	2.0
266894286	266887472	2.0
266899054	266887472	3.0
266869648	266887472	4.0
266869641	266887472	4.0
266874001	266887472	3.0
266879934	266887472	3.0
266879938	266887472	3.0
266866281	266887472	3.0
265615922	266887472	4.0
266877338	266887472	3.0
266900833	266887472	4.0
266901293	266887472	3.0
417593856	266887472	3.0
375719858	266887472	3.0
265616034	266887472	4.0
266873611	266887472	3.0
266876503	266887472	3.0
266877325	266887472	3.0
266900463	266887472	3.0
266900771	266887472	4.0
375719859	266887472	3.0
567716805	266887472	4.0
266887387	266887472	1.0
266887412	266887472	0.0
266894235	266887472	2.0
266894764	266887472	3.0
266898917	266887472	3.0
266899004	266887472	3.0
266894445	266887472	2.0
266900829	266887472	4.0
266894288	266887472	2.0
266894295	266887472	2.0
266876479	266887472	3.0
562361553	266887472	3.0
266879939	266887472	3.0
266894275	266887472	2.0
266894421	266887472	3.0
266894428	266887472	3.0
295242013	266887472	3.0
264622283	266887472	4.0
266874645	266887472	3.0
266874646	266887472	4.0
266877908	266887472	3.0
266887475	266887475	0
266887801	266887475	1.0
266887835	266887475	2.0
266887837	266887475	2.0
266887847	266887475	2.0
266887854	266887475	1.0
266894239	266887475	0.0
266894245	266887475	1.0
266894272	266887475	1.0
266894273	266887475	1.0
266894276	266887475	1.0
266894278	266887475	1.0
266894280	266887475	1.0
266894281	266887475	1.0
266894286	266887475	0.0
266899054	266887475	3.0
266869648	266887475	3.0
266869641	266887475	4.0
266874001	266887475	3.0
266879934	266887475	3.0
266879938	266887475	3.0
266866281	266887475	3.0
265615922	266887475	4.0
266877338	266887475	3.0
266900833	266887475	3.0
266901293	266887475	3.0
417593856	266887475	2.0
375719858	266887475	3.0
265616034	266887475	4.0
266873611	266887475	3.0
266876503	266887475	3.0
266877325	266887475	3.0
266900463	266887475	3.0
266900771	266887475	3.0
375719859	266887475	3.0
567716805	266887475	4.0
266887387	266887475	2.0
266887412	266887475	2.0
266894235	266887475	1.0
266894764	266887475	2.0
266898917	266887475	2.0
266899004	266887475	2.0
266894445	266887475	2.0
266900829	266887475	4.0
266894288	266887475	1.0
266894295	266887475	1.0
266876479	266887475	3.0
562361553	266887475	3.0
266879939	266887475	3.0
266894275	266887475	1.0
266894421	266887475	3.0
266894428	266887475	2.0
295242013	266887475	2.0
264622283	266887475	3.0
266874645	266887475	3.0
266874646	266887475	3.0
266877908	266887475	3.0
266887801	266887801	0
266887835	266887801	1.0
266887837	266887801	0.0
266887847	266887801	0.0
266887854	266887801	1.0
266894239	266887801	1.0
266894245	266887801	0.0
266894272	266887801	0.0
266894273	266887801	1.0
266894276	266887801	1.0
266894278	266887801	1.0
266894280	266887801	0.0
266894281	266887801	0.0
266894286	266887801	2.0
266899054	266887801	2.0
266869648	266887801	3.0
266869641	266887801	3.0
266874001	266887801	3.0
266879934	266887801	2.0
266879938	266887801	2.0
266866281	266887801	3.0
265615922	266887801	3.0
266877338	266887801	2.0
266900833	266887801	3.0
266901293	266887801	3.0
417593856	266887801	2.0
375719858	266887801	2.0
265616034	266887801	4.0
266873611	266887801	3.0
266876503	266887801	3.0
266877325	266887801	2.0
266900463	266887801	3.0
266900771	266887801	3.0
375719859	266887801	3.0
567716805	266887801	3.0
266887387	266887801	2.0
266887412	266887801	1.0
266894235	266887801	1.0
266894764	266887801	2.0
266898917	266887801	2.0
266899004	266887801	2.0
266894445	266887801	1.0
266900829	266887801	3.0
266894288	266887801	0.0
266894295	266887801	0.0
266876479	266887801	2.0
562361553	266887801	2.0
266879939	266887801	2.0
266894275	266887801	1.0
266894421	266887801	2.0
266894428	266887801	1.0
295242013	266887801	1.0
264622283	266887801	3.0
266874645	266887801	3.0
266874646	266887801	3.0
266877908	266887801	2.0
266887835	266887835	0
266887837	266887835	1.0
266887847	266887835	0.0
266887854	266887835	1.0
266894239	266887835	1.0
266894245	266887835	1.0
266894272	266887835	1.0
266894273	266887835	2.0
266894276	266887835	2.0
266894278	266887835	0.0
266894280	266887835	0.0
266894281	266887835	1.0
266894286	266887835	1.0
266899054	266887835	3.0
266869648	266887835	3.0
266869641	266887835	3.0
266874001	266887835	3.0
266879934	266887835	2.0
266879938	266887835	2.0
266866281	266887835	3.0
265615922	266887835	3.0
266877338	266887835	2.0
266900833	266887835	3.0
266901293	266887835	3.0
417593856	266887835	2.0
375719858	266887835	2.0
265616034	266887835	4.0
266873611	266887835	3.0
266876503	266887835	3.0
266877325	266887835	2.0
266900463	266887835	3.0
266900771	266887835	3.0
375719859	266887835	2.0
567716805	266887835	3.0
266887387	266887835	2.0
266887412	266887835	1.0
266894235	266887835	2.0
266894764	266887835	2.0
266898917	266887835	2.0
266899004	266887835	2.0
266894445	266887835	2.0
266900829	266887835	3.0
266894288	266887835	1.0
266894295	266887835	1.0
266876479	266887835	2.0
562361553	266887835	2.0
266879939	266887835	2.0
266894275	266887835	0.0
266894421	266887835	2.0
266894428	266887835	1.0
295242013	266887835	1.0
264622283	266887835	3.0
266874645	266887835	3.0
266874646	266887835	3.0
266877908	266887835	2.0
266887837	266887837	0
266887847	266887837	0.0
266887854	266887837	1.0
266894239	266887837	2.0
266894245	266887837	1.0
266894272	266887837	1.0
266894273	266887837	1.0
266894276	266887837	2.0
266894278	266887837	1.0
266894280	266887837	1.0
266894281	266887837	1.0
266894286	266887837	2.0
266899054	266887837	2.0
266869648	266887837	3.0
266869641	266887837	3.0
266874001	266887837	2.0
266879934	266887837	2.0
266879938	266887837	2.0
266866281	266887837	3.0
265615922	266887837	3.0
266877338	266887837	2.0
266900833	266887837	3.0
266901293	266887837	2.0
417593856	266887837	2.0
375719858	266887837	2.0
265616034	266887837	3.0
266873611	266887837	2.0
266876503	266887837	2.0
266877325	266887837	1.0
266900463	266887837	2.0
266900771	266887837	3.0
375719859	266887837	2.0
567716805	266887837	3.0
266887387	266887837	1.0
266887412	266887837	2.0
266894235	266887837	2.0
266894764	266887837	2.0
266898917	266887837	2.0
266899004	266887837	2.0
266894445	266887837	1.0
266900829	266887837	3.0
266894288	266887837	1.0
266894295	266887837	1.0
266876479	266887837	2.0
562361553	266887837	2.0
266879939	266887837	2.0
266894275	266887837	1.0
266894421	266887837	2.0
266894428	266887837	1.0
295242013	266887837	1.0
264622283	266887837	3.0
266874645	266887837	2.0
266874646	266887837	2.0
266877908	266887837	1.0
266887847	266887847	0
266887854	266887847	0.0
266894239	266887847	2.0
266894245	266887847	1.0
266894272	266887847	1.0
266894273	266887847	1.0
266894276	266887847	2.0
266894278	266887847	1.0
266894280	266887847	1.0
266894281	266887847	1.0
266894286	266887847	2.0
266899054	266887847	2.0
266869648	266887847	3.0
266869641	266887847	3.0
266874001	266887847	3.0
266879934	266887847	2.0
266879938	266887847	2.0
266866281	266887847	3.0
265615922	266887847	3.0
266877338	266887847	2.0
266900833	266887847	3.0
266901293	266887847	3.0
417593856	266887847	3.0
375719858	266887847	2.0
265616034	266887847	4.0
266873611	266887847	3.0
266876503	266887847	3.0
266877325	266887847	2.0
266900463	266887847	3.0
266900771	266887847	3.0
375719859	266887847	2.0
567716805	266887847	3.0
266887387	266887847	1.0
266887412	266887847	2.0
266894235	266887847	1.0
266894764	266887847	2.0
266898917	266887847	2.0
266899004	266887847	2.0
266894445	266887847	1.0
266900829	266887847	3.0
266894288	266887847	1.0
266894295	266887847	1.0
266876479	266887847	2.0
562361553	266887847	1.0
266879939	266887847	2.0
266894275	266887847	1.0
266894421	266887847	1.0
266894428	266887847	0.0
295242013	266887847	0.0
264622283	266887847	3.0
266874645	266887847	3.0
266874646	266887847	3.0
266877908	266887847	2.0
266887854	266887854	0
266894239	266887854	1.0
266894245	266887854	1.0
266894272	266887854	1.0
266894273	266887854	0.0
266894276	266887854	2.0
266894278	266887854	0.0
266894280	266887854	0.0
266894281	266887854	1.0
266894286	266887854	1.0
266899054	266887854	3.0
266869648	266887854	3.0
266869641	266887854	3.0
266874001	266887854	3.0
266879934	266887854	2.0
266879938	266887854	2.0
266866281	266887854	3.0
265615922	266887854	3.0
266877338	266887854	3.0
266900833	266887854	3.0
266901293	266887854	3.0
417593856	266887854	2.0
375719858	266887854	3.0
265616034	266887854	4.0
266873611	266887854	3.0
266876503	266887854	3.0
266877325	266887854	2.0
266900463	266887854	3.0
266900771	266887854	3.0
375719859	266887854	3.0
567716805	266887854	3.0
266887387	266887854	0.0
266887412	266887854	1.0
266894235	266887854	2.0
266894764	266887854	2.0
266898917	266887854	2.0
266899004	266887854	2.0
266894445	266887854	2.0
266900829	266887854	3.0
266894288	266887854	1.0
266894295	266887854	1.0
266876479	266887854	3.0
562361553	266887854	2.0
266879939	266887854	2.0
266894275	266887854	0.0
266894421	266887854	2.0
266894428	266887854	1.0
295242013	266887854	1.0
264622283	266887854	3.0
266874645	266887854	3.0
266874646	266887854	3.0
266877908	266887854	2.0
266894239	266894239	0
266894245	266894239	2.0
266894272	266894239	2.0
266894273	266894239	1.0
266894276	266894239	2.0
266894278	266894239	0.0
266894280	266894239	0.0
266894281	266894239	2.0
266894286	266894239	0.0
266899054	266894239	3.0
266869648	266894239	3.0
266869641	266894239	4.0
266874001	266894239	3.0
266879934	266894239	3.0
266879938	266894239	3.0
266866281	266894239	3.0
265615922	266894239	3.0
266877338	266894239	3.0
266900833	266894239	4.0
266901293	266894239	3.0
417593856	266894239	3.0
375719858	266894239	3.0
265616034	266894239	4.0
266873611	266894239	3.0
266876503	266894239	3.0
266877325	266894239	2.0
266900463	266894239	3.0
266900771	266894239	4.0
375719859	266894239	3.0
567716805	266894239	3.0
266887387	266894239	2.0
266887412	266894239	1.0
266894235	266894239	2.0
266894764	266894239	2.0
266898917	266894239	3.0
266899004	266894239	3.0
266894445	266894239	2.0
266900829	266894239	4.0
266894288	266894239	2.0
266894295	266894239	2.0
266876479	266894239	3.0
562361553	266894239	3.0
266879939	266894239	3.0
266894275	266894239	0.0
266894421	266894239	2.0
266894428	266894239	2.0
295242013	266894239	2.0
264622283	266894239	3.0
266874645	266894239	3.0
266874646	266894239	3.0
266877908	266894239	3.0
266894245	266894245	0
266894272	266894245	0.0
266894273	266894245	2.0
266894276	266894245	0.0
266894278	266894245	1.0
266894280	266894245	1.0
266894281	266894245	0.0
266894286	266894245	2.0
266899054	266894245	2.0
266869648	266894245	3.0
266869641	266894245	3.0
266874001	266894245	3.0
266879934	266894245	3.0
266879938	266894245	2.0
266866281	266894245	3.0
265615922	266894245	3.0
266877338	266894245	3.0
266900833	266894245	3.0
266901293	266894245	3.0
417593856	266894245	3.0
375719858	266894245	3.0
265616034	266894245	4.0
266873611	266894245	3.0
266876503	266894245	3.0
266877325	266894245	2.0
266900463	266894245	3.0
266900771	266894245	3.0
375719859	266894245	3.0
567716805	266894245	3.0
266887387	266894245	2.0
266887412	266894245	1.0
266894235	266894245	1.0
266894764	266894245	1.0
266898917	266894245	2.0
266899004	266894245	2.0
266894445	266894245	2.0
266900829	266894245	3.0
266894288	266894245	0.0
266894295	266894245	0.0
266876479	266894245	3.0
562361553	266894245	2.0
266879939	266894245	2.0
266894275	266894245	1.0
266894421	266894245	2.0
266894428	266894245	2.0
295242013	266894245	1.0
264622283	266894245	3.0
266874645	266894245	3.0
266874646	266894245	3.0
266877908	266894245	2.0
266894272	266894272	0
266894273	266894272	2.0
266894276	266894272	0.0
266894278	266894272	1.0
266894280	266894272	1.0
266894281	266894272	0.0
266894286	266894272	2.0
266899054	266894272	2.0
266869648	266894272	3.0
266869641	266894272	3.0
266874001	266894272	3.0
266879934	266894272	3.0
266879938	266894272	2.0
266866281	266894272	3.0
265615922	266894272	3.0
266877338	266894272	3.0
266900833	266894272	3.0
266901293	266894272	3.0
417593856	266894272	3.0
375719858	266894272	3.0
265616034	266894272	4.0
266873611	266894272	3.0
266876503	266894272	3.0
266877325	266894272	2.0
266900463	266894272	3.0
266900771	266894272	3.0
375719859	266894272	3.0
567716805	266894272	3.0
266887387	266894272	2.0
266887412	266894272	2.0
266894235	266894272	1.0
266894764	266894272	1.0
266898917	266894272	2.0
266899004	266894272	2.0
266894445	266894272	2.0
266900829	266894272	3.0
266894288	266894272	0.0
266894295	266894272	0.0
266876479	266894272	3.0
562361553	266894272	2.0
266879939	266894272	2.0
266894275	266894272	1.0
266894421	266894272	2.0
266894428	266894272	2.0
295242013	266894272	1.0
264622283	266894272	3.0
266874645	266894272	3.0
266874646	266894272	3.0
266877908	266894272	2.0
266894273	266894273	0
266894276	266894273	2.0
266894278	266894273	1.0
266894280	266894273	0.0
266894281	266894273	2.0
266894286	266894273	1.0
266899054	266894273	3.0
266869648	266894273	3.0
266869641	266894273	3.0
266874001	266894273	3.0
266879934	266894273	3.0
266879938	266894273	2.0
266866281	266894273	4.0
265615922	266894273	3.0
266877338	266894273	3.0
266900833	266894273	3.0
266901293	266894273	3.0
417593856	266894273	2.0
375719858	266894273	3.0
265616034	266894273	4.0
266873611	266894273	3.0
266876503	266894273	3.0
266877325	266894273	3.0
266900463	266894273	3.0
266900771	266894273	3.0
375719859	266894273	3.0
567716805	266894273	3.0
266887387	266894273	1.0
266887412	266894273	0.0
266894235	266894273	2.0
266894764	266894273	2.0
266898917	266894273	3.0
266899004	266894273	3.0
266894445	266894273	2.0
266900829	266894273	3.0
266894288	266894273	1.0
266894295	266894273	1.0
266876479	266894273	3.0
562361553	266894273	2.0
266879939	266894273	2.0
266894275	266894273	1.0
266894421	266894273	3.0
266894428	266894273	2.0
295242013	266894273	2.0
264622283	266894273	3.0
266874645	266894273	3.0
266874646	266894273	3.0
266877908	266894273	2.0
266894276	266894276	0
266894278	266894276	2.0
266894280	266894276	2.0
266894281	266894276	0.0
266894286	266894276	2.0
266899054	266894276	2.0
266869648	266894276	3.0
266869641	266894276	4.0
266874001	266894276	3.0
266879934	266894276	3.0
266879938	266894276	3.0
266866281	266894276	3.0
265615922	266894276	4.0
266877338	266894276	3.0
266900833	266894276	3.0
266901293	266894276	3.0
417593856	266894276	3.0
375719858	266894276	3.0
265616034	266894276	4.0
266873611	266894276	3.0
266876503	266894276	3.0
266877325	266894276	3.0
266900463	266894276	3.0
266900771	266894276	3.0
375719859	266894276	3.0
567716805	266894276	3.0
266887387	266894276	2.0
266887412	266894276	2.0
266894235	266894276	0.0
266894764	266894276	1.0
266898917	266894276	2.0
266899004	266894276	2.0
266894445	266894276	2.0
266900829	266894276	4.0
266894288	266894276	1.0
266894295	266894276	1.0
266876479	266894276	3.0
562361553	266894276	2.0
266879939	266894276	3.0
266894275	266894276	2.0
266894421	266894276	2.0
266894428	266894276	2.0
295242013	266894276	1.0
264622283	266894276	3.0
266874645	266894276	3.0
266874646	266894276	3.0
266877908	266894276	3.0
266894278	266894278	0
266894280	266894278	0.0
266894281	266894278	1.0
266894286	266894278	1.0
266899054	266894278	2.0
266869648	266894278	3.0
266869641	266894278	3.0
266874001	266894278	3.0
266879934	266894278	3.0
266879938	266894278	2.0
266866281	266894278	3.0
265615922	266894278	3.0
266877338	266894278	2.0
266900833	266894278	3.0
266901293	266894278	3.0
417593856	266894278	3.0
375719858	266894278	3.0
265616034	266894278	4.0
266873611	266894278	3.0
266876503	266894278	3.0
266877325	266894278	2.0
266900463	266894278	3.0
266900771	266894278	3.0
375719859	266894278	3.0
567716805	266894278	3.0
266887387	266894278	1.0
266887412	266894278	2.0
266894235	266894278	1.0
266894764	266894278	2.0
266898917	266894278	2.0
266899004	266894278	2.0
266894445	266894278	1.0
266900829	266894278	3.0
266894288	266894278	0.0
266894295	266894278	0.0
266876479	266894278	2.0
562361553	266894278	2.0
266879939	266894278	3.0
266894275	266894278	0.0
266894421	266894278	2.0
266894428	266894278	2.0
295242013	266894278	2.0
264622283	266894278	3.0
266874645	266894278	3.0
266874646	266894278	3.0
266877908	266894278	2.0
266894280	266894280	0
266894281	266894280	1.0
266894286	266894280	1.0
266899054	266894280	2.0
266869648	266894280	3.0
266869641	266894280	3.0
266874001	266894280	3.0
266879934	266894280	3.0
266879938	266894280	2.0
266866281	266894280	3.0
265615922	266894280	3.0
266877338	266894280	2.0
266900833	266894280	3.0
266901293	266894280	3.0
417593856	266894280	3.0
375719858	266894280	3.0
265616034	266894280	4.0
266873611	266894280	3.0
266876503	266894280	3.0
266877325	266894280	2.0
266900463	266894280	3.0
266900771	266894280	3.0
375719859	266894280	3.0
567716805	266894280	3.0
266887387	266894280	1.0
266887412	266894280	2.0
266894235	266894280	1.0
266894764	266894280	2.0
266898917	266894280	2.0
266899004	266894280	2.0
266894445	266894280	1.0
266900829	266894280	3.0
266894288	266894280	0.0
266894295	266894280	0.0
266876479	266894280	2.0
562361553	266894280	2.0
266879939	266894280	3.0
266894275	266894280	0.0
266894421	266894280	2.0
266894428	266894280	2.0
295242013	266894280	2.0
264622283	266894280	3.0
266874645	266894280	3.0
266874646	266894280	3.0
266877908	266894280	2.0
266894281	266894281	0
266894286	266894281	2.0
266899054	266894281	2.0
266869648	266894281	3.0
266869641	266894281	3.0
266874001	266894281	3.0
266879934	266894281	2.0
266879938	266894281	2.0
266866281	266894281	3.0
265615922	266894281	3.0
266877338	266894281	2.0
266900833	266894281	3.0
266901293	266894281	3.0
417593856	266894281	3.0
375719858	266894281	3.0
265616034	266894281	4.0
266873611	266894281	3.0
266876503	266894281	3.0
266877325	266894281	2.0
266900463	266894281	3.0
266900771	266894281	3.0
375719859	266894281	3.0
567716805	266894281	3.0
266887387	266894281	2.0
266887412	266894281	1.0
266894235	266894281	0.0
266894764	266894281	2.0
266898917	266894281	2.0
266899004	266894281	2.0
266894445	266894281	1.0
266900829	266894281	3.0
266894288	266894281	0.0
266894295	266894281	0.0
266876479	266894281	3.0
562361553	266894281	2.0
266879939	266894281	2.0
266894275	266894281	0.0
266894421	266894281	2.0
266894428	266894281	2.0
295242013	266894281	1.0
264622283	266894281	3.0
266874645	266894281	3.0
266874646	266894281	3.0
266877908	266894281	2.0
266894286	266894286	0
266899054	266894286	3.0
266869648	266894286	3.0
266869641	266894286	4.0
266874001	266894286	3.0
266879934	266894286	3.0
266879938	266894286	3.0
266866281	266894286	3.0
265615922	266894286	4.0
266877338	266894286	3.0
266900833	266894286	4.0
266901293	266894286	3.0
417593856	266894286	3.0
375719858	266894286	3.0
265616034	266894286	4.0
266873611	266894286	3.0
266876503	266894286	3.0
266877325	266894286	3.0
266900463	266894286	3.0
266900771	266894286	4.0
375719859	266894286	3.0
567716805	266894286	4.0
266887387	266894286	2.0
266887412	266894286	1.0
266894235	266894286	2.0
266894764	266894286	2.0
266898917	266894286	3.0
266899004	266894286	3.0
266894445	266894286	2.0
266900829	266894286	4.0
266894288	266894286	1.0
266894295	266894286	1.0
266876479	266894286	3.0
562361553	266894286	3.0
266879939	266894286	3.0
266894275	266894286	0.0
266894421	266894286	2.0
266894428	266894286	2.0
295242013	266894286	2.0
264622283	266894286	3.0
266874645	266894286	3.0
266874646	266894286	3.0
266877908	266894286	3.0
266899054	266899054	0
266869648	266899054	4.0
266869641	266899054	4.0
266874001	266899054	3.0
266879934	266899054	2.0
266879938	266899054	3.0
266866281	266899054	4.0
265615922	266899054	4.0
266877338	266899054	3.0
266900833	266899054	4.0
266901293	266899054	3.0
417593856	266899054	3.0
375719858	266899054	3.0
265616034	266899054	4.0
266873611	266899054	3.0
266876503	266899054	2.0
266877325	266899054	3.0
266900463	266899054	3.0
266900771	266899054	4.0
375719859	266899054	3.0
567716805	266899054	4.0
266887387	266899054	3.0
266887412	266899054	3.0
266894235	266899054	2.0
266894764	266899054	2.0
266898917	266899054	1.0
266899004	266899054	0.0
266894445	266899054	2.0
266900829	266899054	4.0
266894288	266899054	2.0
266894295	266899054	2.0
266876479	266899054	3.0
562361553	266899054	1.0
266879939	266899054	2.0
266894275	266899054	2.0
266894421	266899054	2.0
266894428	266899054	2.0
295242013	266899054	2.0
264622283	266899054	4.0
266874645	266899054	3.0
266874646	266899054	3.0
266877908	266899054	3.0
266869648	266869648	0
266869641	266869648	2.0
266874001	266869648	2.0
266879934	266869648	3.0
266879938	266869648	3.0
266866281	266869648	2.0
265615922	266869648	2.0
266877338	266869648	2.0
266900833	266869648	2.0
266901293	266869648	3.0
417593856	266869648	2.0
375719858	266869648	3.0
265616034	266869648	3.0
266873611	266869648	2.0
266876503	266869648	3.0
266877325	266869648	3.0
266900463	266869648	3.0
266900771	266869648	2.0
375719859	266869648	3.0
567716805	266869648	2.0
266887387	266869648	3.0
266887412	266869648	3.0
266894235	266869648	3.0
266894764	266869648	4.0
266898917	266869648	4.0
266899004	266869648	4.0
266894445	266869648	3.0
266900829	266869648	2.0
266894288	266869648	3.0
266894295	266869648	3.0
266876479	266869648	3.0
562361553	266869648	3.0
266879939	266869648	3.0
266894275	266869648	3.0
266894421	266869648	3.0
266894428	266869648	3.0
295242013	266869648	3.0
264622283	266869648	1.0
266874645	266869648	2.0
266874646	266869648	2.0
266877908	266869648	2.0
266869641	266869641	0
266874001	266869641	3.0
266879934	266869641	4.0
266879938	266869641	3.0
266866281	266869641	2.0
265615922	266869641	2.0
266877338	266869641	3.0
266900833	266869641	2.0
266901293	266869641	3.0
417593856	266869641	3.0
375719858	266869641	3.0
265616034	266869641	1.0
266873611	266869641	2.0
266876503	266869641	3.0
266877325	266869641	3.0
266900463	266869641	3.0
266900771	266869641	2.0
375719859	266869641	3.0
567716805	266869641	0.0
266887387	266869641	3.0
266887412	266869641	4.0
266894235	266869641	4.0
266894764	266869641	4.0
266898917	266869641	4.0
266899004	266869641	4.0
266894445	266869641	3.0
266900829	266869641	2.0
266894288	266869641	3.0
266894295	266869641	3.0
266876479	266869641	3.0
562361553	266869641	3.0
266879939	266869641	4.0
266894275	266869641	3.0
266894421	266869641	3.0
266894428	266869641	3.0
295242013	266869641	4.0
264622283	266869641	1.0
266874645	266869641	2.0
266874646	266869641	2.0
266877908	266869641	3.0
266874001	266874001	0
266879934	266874001	3.0
266879938	266874001	2.0
266866281	266874001	2.0
265615922	266874001	2.0
266877338	266874001	0.0
266900833	266874001	3.0
266901293	266874001	2.0
417593856	266874001	2.0
375719858	266874001	3.0
265616034	266874001	3.0
266873611	266874001	1.0
266876503	266874001	2.0
266877325	266874001	1.0
266900463	266874001	3.0
266900771	266874001	3.0
375719859	266874001	3.0
567716805	266874001	2.0
266887387	266874001	3.0
266887412	266874001	3.0
266894235	266874001	3.0
266894764	266874001	3.0
266898917	266874001	3.0
266899004	266874001	3.0
266894445	266874001	2.0
266900829	266874001	2.0
266894288	266874001	3.0
266894295	266874001	3.0
266876479	266874001	3.0
562361553	266874001	3.0
266879939	266874001	3.0
266894275	266874001	3.0
266894421	266874001	2.0
266894428	266874001	3.0
295242013	266874001	3.0
264622283	266874001	2.0
266874645	266874001	2.0
266874646	266874001	3.0
266877908	266874001	1.0
266879934	266879934	0
266879938	266879934	2.0
266866281	266879934	3.0
265615922	266879934	3.0
266877338	266879934	2.0
266900833	266879934	2.0
266901293	266879934	2.0
417593856	266879934	3.0
375719858	266879934	2.0
265616034	266879934	3.0
266873611	266879934	3.0
266876503	266879934	0.0
266877325	266879934	2.0
266900463	266879934	2.0
266900771	266879934	2.0
375719859	266879934	1.0
567716805	266879934	4.0
266887387	266879934	3.0
266887412	266879934	3.0
266894235	266879934	3.0
266894764	266879934	3.0
266898917	266879934	2.0
266899004	266879934	2.0
266894445	266879934	2.0
266900829	266879934	2.0
266894288	266879934	2.0
266894295	266879934	2.0
266876479	266879934	2.0
562361553	266879934	1.0
266879939	266879934	0.0
266894275	266879934	3.0
266894421	266879934	1.0
266894428	266879934	2.0
295242013	266879934	2.0
264622283	266879934	3.0
266874645	266879934	2.0
266874646	266879934	2.0
266877908	266879934	2.0
266879938	266879938	0
266866281	266879938	3.0
265615922	266879938	3.0
266877338	266879938	1.0
266900833	266879938	3.0
266901293	266879938	1.0
417593856	266879938	3.0
375719858	266879938	0.0
265616034	266879938	4.0
266873611	266879938	3.0
266876503	266879938	2.0
266877325	266879938	1.0
266900463	266879938	2.0
266900771	266879938	3.0
375719859	266879938	0.0
567716805	266879938	3.0
266887387	266879938	2.0
266887412	266879938	3.0
266894235	266879938	3.0
266894764	266879938	2.0
266898917	266879938	2.0
266899004	266879938	2.0
266894445	266879938	1.0
266900829	266879938	3.0
266894288	266879938	2.0
266894295	266879938	2.0
266876479	266879938	0.0
562361553	266879938	2.0
266879939	266879938	2.0
266894275	266879938	2.0
266894421	266879938	1.0
266894428	266879938	1.0
295242013	266879938	2.0
264622283	266879938	3.0
266874645	266879938	2.0
266874646	266879938	2.0
266877908	266879938	2.0
266866281	266866281	0
265615922	266866281	2.0
266877338	266866281	2.0
266900833	266866281	2.0
266901293	266866281	3.0
417593856	266866281	2.0
375719858	266866281	3.0
265616034	266866281	3.0
266873611	266866281	2.0
266876503	266866281	3.0
266877325	266866281	2.0
266900463	266866281	3.0
266900771	266866281	2.0
375719859	266866281	3.0
567716805	266866281	2.0
266887387	266866281	3.0
266887412	266866281	3.0
266894235	266866281	3.0
266894764	266866281	3.0
266898917	266866281	4.0
266899004	266866281	4.0
266894445	266866281	3.0
266900829	266866281	2.0
266894288	266866281	3.0
266894295	266866281	3.0
266876479	266866281	3.0
562361553	266866281	3.0
266879939	266866281	3.0
266894275	266866281	3.0
266894421	266866281	3.0
266894428	266866281	3.0
295242013	266866281	3.0
264622283	266866281	2.0
266874645	266866281	3.0
266874646	266866281	3.0
266877908	266866281	2.0
265615922	265615922	0
266877338	265615922	3.0
266900833	265615922	1.0
266901293	265615922	2.0
417593856	265615922	3.0
375719858	265615922	2.0
265616034	265615922	3.0
266873611	265615922	2.0
266876503	265615922	2.0
266877325	265615922	3.0
266900463	265615922	2.0
266900771	265615922	1.0
375719859	265615922	2.0
567716805	265615922	1.0
266887387	265615922	3.0
266887412	265615922	3.0
266894235	265615922	3.0
266894764	265615922	4.0
266898917	265615922	4.0
266899004	265615922	4.0
266894445	265615922	3.0
266900829	265615922	0.0
266894288	265615922	3.0
266894295	265615922	3.0
266876479	265615922	2.0
562361553	265615922	3.0
266879939	265615922	3.0
266894275	265615922	3.0
266894421	265615922	3.0
266894428	265615922	3.0
295242013	265615922	3.0
264622283	265615922	0.0
266874645	265615922	2.0
266874646	265615922	1.0
266877908	265615922	2.0
266877338	266877338	0
266900833	266877338	3.0
266901293	266877338	1.0
417593856	266877338	2.0
375719858	266877338	2.0
265616034	266877338	3.0
266873611	266877338	2.0
266876503	266877338	1.0
266877325	266877338	0.0
266900463	266877338	2.0
266900771	266877338	3.0
375719859	266877338	2.0
567716805	266877338	3.0
266887387	266877338	2.0
266887412	266877338	3.0
266894235	266877338	3.0
266894764	266877338	3.0
266898917	266877338	3.0
266899004	266877338	3.0
266894445	266877338	1.0
266900829	266877338	3.0
266894288	266877338	3.0
266894295	266877338	3.0
266876479	266877338	2.0
562361553	266877338	2.0
266879939	266877338	2.0
266894275	266877338	2.0
266894421	266877338	2.0
266894428	266877338	2.0
295242013	266877338	2.0
264622283	266877338	2.0
266874645	266877338	2.0
266874646	266877338	2.0
266877908	266877338	2.0
266900833	266900833	0
266901293	266900833	1.0
417593856	266900833	2.0
375719858	266900833	2.0
265616034	266900833	3.0
266873611	266900833	2.0
266876503	266900833	1.0
266877325	266900833	2.0
266900463	266900833	2.0
266900771	266900833	0.0
375719859	266900833	2.0
567716805	266900833	2.0
266887387	266900833	3.0
266887412	266900833	3.0
266894235	266900833	4.0
266894764	266900833	4.0
266898917	266900833	4.0
266899004	266900833	4.0
266894445	266900833	3.0
266900829	266900833	0.0
266894288	266900833	3.0
266894295	266900833	3.0
266876479	266900833	2.0
562361553	266900833	2.0
266879939	266900833	2.0
266894275	266900833	3.0
266894421	266900833	3.0
266894428	266900833	3.0
295242013	266900833	3.0
264622283	266900833	2.0
266874645	266900833	1.0
266874646	266900833	1.0
266877908	266900833	2.0
266901293	266901293	0
417593856	266901293	3.0
375719858	266901293	1.0
265616034	266901293	3.0
266873611	266901293	2.0
266876503	266901293	2.0
266877325	266901293	2.0
266900463	266901293	2.0
266900771	266901293	1.0
375719859	266901293	0.0
567716805	266901293	3.0
266887387	266901293	3.0
266887412	266901293	3.0
266894235	266901293	3.0
266894764	266901293	3.0
266898917	266901293	3.0
266899004	266901293	3.0
266894445	266901293	2.0
266900829	266901293	2.0
266894288	266901293	3.0
266894295	266901293	3.0
266876479	266901293	1.0
562361553	266901293	2.0
266879939	266901293	2.0
266894275	266901293	3.0
266894421	266901293	2.0
266894428	266901293	3.0
295242013	266901293	3.0
264622283	266901293	2.0
266874645	266901293	1.0
266874646	266901293	1.0
266877908	266901293	2.0
417593856	417593856	0
375719858	417593856	3.0
265616034	417593856	4.0
266873611	417593856	1.0
266876503	417593856	3.0
266877325	417593856	3.0
266900463	417593856	3.0
266900771	417593856	3.0
375719859	417593856	3.0
567716805	417593856	3.0
266887387	417593856	2.0
266887412	417593856	2.0
266894235	417593856	3.0
266894764	417593856	3.0
266898917	417593856	3.0
266899004	417593856	3.0
266894445	417593856	3.0
266900829	417593856	3.0
266894288	417593856	3.0
266894295	417593856	3.0
266876479	417593856	3.0
562361553	417593856	3.0
266879939	417593856	3.0
266894275	417593856	3.0
266894421	417593856	3.0
266894428	417593856	2.0
295242013	417593856	3.0
264622283	417593856	2.0
266874645	417593856	3.0
266874646	417593856	3.0
266877908	417593856	2.0
375719858	375719858	0
265616034	375719858	3.0
266873611	375719858	2.0
266876503	375719858	1.0
266877325	375719858	2.0
266900463	375719858	2.0
266900771	375719858	2.0
375719859	375719858	0.0
567716805	375719858	3.0
266887387	375719858	3.0
266887412	375719858	3.0
266894235	375719858	3.0
266894764	375719858	2.0
266898917	375719858	3.0
266899004	375719858	3.0
266894445	375719858	2.0
266900829	375719858	2.0
266894288	375719858	3.0
266894295	375719858	3.0
266876479	375719858	0.0
562361553	375719858	2.0
266879939	375719858	2.0
266894275	375719858	3.0
266894421	375719858	1.0
266894428	375719858	2.0
295242013	375719858	2.0
264622283	375719858	2.0
266874645	375719858	2.0
266874646	375719858	2.0
266877908	375719858	3.0
265616034	265616034	0
266873611	265616034	3.0
266876503	265616034	3.0
266877325	265616034	3.0
266900463	265616034	3.0
266900771	265616034	3.0
375719859	265616034	3.0
567716805	265616034	3.0
266887387	265616034	4.0
266887412	265616034	4.0
266894235	265616034	4.0
266894764	265616034	4.0
266898917	265616034	4.0
266899004	265616034	4.0
266894445	265616034	4.0
266900829	265616034	3.0
266894288	265616034	4.0
266894295	265616034	4.0
266876479	265616034	3.0
562361553	265616034	4.0
266879939	265616034	3.0
266894275	265616034	4.0
266894421	265616034	4.0
266894428	265616034	4.0
295242013	265616034	4.0
264622283	265616034	3.0
266874645	265616034	3.0
266874646	265616034	3.0
266877908	265616034	3.0
266873611	266873611	0
266876503	266873611	3.0
266877325	266873611	2.0
266900463	266873611	3.0
266900771	266873611	2.0
375719859	266873611	2.0
567716805	266873611	2.0
266887387	266873611	3.0
266887412	266873611	3.0
266894235	266873611	3.0
266894764	266873611	3.0
266898917	266873611	3.0
266899004	266873611	4.0
266894445	266873611	3.0
266900829	266873611	2.0
266894288	266873611	3.0
266894295	266873611	3.0
266876479	266873611	3.0
562361553	266873611	3.0
266879939	266873611	3.0
266894275	266873611	3.0
266894421	266873611	3.0
266894428	266873611	3.0
295242013	266873611	3.0
264622283	266873611	2.0
266874645	266873611	3.0
266874646	266873611	3.0
266877908	266873611	1.0
266876503	266876503	0
266877325	266876503	1.0
266900463	266876503	2.0
266900771	266876503	2.0
375719859	266876503	1.0
567716805	266876503	3.0
266887387	266876503	3.0
266887412	266876503	3.0
266894235	266876503	3.0
266894764	266876503	3.0
266898917	266876503	3.0
266899004	266876503	3.0
266894445	266876503	2.0
266900829	266876503	2.0
266894288	266876503	3.0
266894295	266876503	3.0
266876479	266876503	1.0
562361553	266876503	1.0
266879939	266876503	0.0
266894275	266876503	3.0
266894421	266876503	2.0
266894428	266876503	2.0
295242013	266876503	3.0
264622283	266876503	2.0
266874645	266876503	2.0
266874646	266876503	2.0
266877908	266876503	2.0
266877325	266877325	0
266900463	266877325	3.0
266900771	266877325	3.0
375719859	266877325	2.0
567716805	266877325	3.0
266887387	266877325	2.0
266887412	266877325	2.0
266894235	266877325	2.0
266894764	266877325	3.0
266898917	266877325	3.0
266899004	266877325	3.0
266894445	266877325	1.0
266900829	266877325	3.0
266894288	266877325	2.0
266894295	266877325	2.0
266876479	266877325	2.0
562361553	266877325	2.0
266879939	266877325	2.0
266894275	266877325	2.0
266894421	266877325	2.0
266894428	266877325	2.0
295242013	266877325	2.0
264622283	266877325	2.0
266874645	266877325	2.0
266874646	266877325	2.0
266877908	266877325	2.0
266900463	266900463	0
266900771	266900463	3.0
375719859	266900463	2.0
567716805	266900463	3.0
266887387	266900463	3.0
266887412	266900463	3.0
266894235	266900463	3.0
266894764	266900463	3.0
266898917	266900463	2.0
266899004	266900463	2.0
266894445	266900463	2.0
266900829	266900463	2.0
266894288	266900463	3.0
266894295	266900463	3.0
266876479	266900463	2.0
562361553	266900463	2.0
266879939	266900463	1.0
266894275	266900463	3.0
266894421	266900463	2.0
266894428	266900463	2.0
295242013	266900463	3.0
264622283	266900463	3.0
266874645	266900463	2.0
266874646	266900463	2.0
266877908	266900463	3.0
266900771	266900771	0
375719859	266900771	2.0
567716805	266900771	2.0
266887387	266900771	3.0
266887412	266900771	4.0
266894235	266900771	4.0
266894764	266900771	4.0
266898917	266900771	4.0
266899004	266900771	4.0
266894445	266900771	3.0
266900829	266900771	0.0
266894288	266900771	3.0
266894295	266900771	3.0
266876479	266900771	2.0
562361553	266900771	2.0
266879939	266900771	2.0
266894275	266900771	3.0
266894421	266900771	3.0
266894428	266900771	3.0
295242013	266900771	3.0
264622283	266900771	2.0
266874645	266900771	1.0
266874646	266900771	1.0
266877908	266900771	2.0
375719859	375719859	0
567716805	375719859	3.0
266887387	375719859	3.0
266887412	375719859	3.0
266894235	375719859	3.0
266894764	375719859	2.0
266898917	375719859	3.0
266899004	375719859	3.0
266894445	375719859	2.0
266900829	375719859	2.0
266894288	375719859	3.0
266894295	375719859	3.0
266876479	375719859	0.0
562361553	375719859	2.0
266879939	375719859	2.0
266894275	375719859	3.0
266894421	375719859	2.0
266894428	375719859	2.0
295242013	375719859	2.0
264622283	375719859	2.0
266874645	375719859	2.0
266874646	375719859	2.0
266877908	375719859	3.0
567716805	567716805	0
266887387	567716805	3.0
266887412	567716805	3.0
266894235	567716805	3.0
266894764	567716805	4.0
266898917	567716805	4.0
266899004	567716805	4.0
266894445	567716805	3.0
266900829	567716805	2.0
266894288	567716805	3.0
266894295	567716805	3.0
266876479	567716805	3.0
562361553	567716805	3.0
266879939	567716805	4.0
266894275	567716805	3.0
266894421	567716805	3.0
266894428	567716805	3.0
295242013	567716805	3.0
264622283	567716805	1.0
266874645	567716805	2.0
266874646	567716805	2.0
266877908	567716805	2.0
266887387	266887387	0
266887412	266887387	0.0
266894235	266887387	2.0
266894764	266887387	3.0
266898917	266887387	3.0
266899004	266887387	3.0
266894445	266887387	2.0
266900829	266887387	3.0
266894288	266887387	2.0
266894295	266887387	2.0
266876479	266887387	3.0
562361553	266887387	2.0
266879939	266887387	3.0
266894275	266887387	1.0
266894421	266887387	3.0
266894428	266887387	2.0
295242013	266887387	2.0
264622283	266887387	3.0
266874645	266887387	3.0
266874646	266887387	3.0
266877908	266887387	2.0
266887412	266887412	0
266894235	266887412	2.0
266894764	266887412	2.0
266898917	266887412	2.0
266899004	266887412	3.0
266894445	266887412	2.0
266900829	266887412	4.0
266894288	266887412	1.0
266894295	266887412	1.0
266876479	266887412	3.0
562361553	266887412	3.0
266879939	266887412	3.0
266894275	266887412	2.0
266894421	266887412	2.0
266894428	266887412	2.0
295242013	266887412	2.0
264622283	266887412	3.0
266874645	266887412	3.0
266874646	266887412	3.0
266877908	266887412	3.0
266894235	266894235	0
266894764	266894235	2.0
266898917	266894235	2.0
266899004	266894235	2.0
266894445	266894235	1.0
266900829	266894235	4.0
266894288	266894235	0.0
266894295	266894235	0.0
266876479	266894235	3.0
562361553	266894235	3.0
266879939	266894235	3.0
266894275	266894235	1.0
266894421	266894235	2.0
266894428	266894235	2.0
295242013	266894235	0.0
264622283	266894235	3.0
266874645	266894235	3.0
266874646	266894235	3.0
266877908	266894235	2.0
266894764	266894764	0
266898917	266894764	2.0
266899004	266894764	2.0
266894445	266894764	2.0
266900829	266894764	4.0
266894288	266894764	1.0
266894295	266894764	2.0
266876479	266894764	2.0
562361553	266894764	2.0
266879939	266894764	2.0
266894275	266894764	2.0
266894421	266894764	1.0
266894428	266894764	2.0
295242013	266894764	1.0
264622283	266894764	4.0
266874645	266894764	3.0
266874646	266894764	3.0
266877908	266894764	3.0
266898917	266898917	0
266899004	266898917	0.0
266894445	266898917	2.0
266900829	266898917	4.0
266894288	266898917	2.0
266894295	266898917	2.0
266876479	266898917	2.0
562361553	266898917	2.0
266879939	266898917	2.0
266894275	266898917	2.0
266894421	266898917	2.0
266894428	266898917	2.0
295242013	266898917	2.0
264622283	266898917	4.0
266874645	266898917	4.0
266874646	266898917	4.0
266877908	266898917	3.0
266899004	266899004	0
266894445	266899004	2.0
266900829	266899004	4.0
266894288	266899004	2.0
266894295	266899004	2.0
266876479	266899004	3.0
562361553	266899004	2.0
266879939	266899004	2.0
266894275	266899004	2.0
266894421	266899004	2.0
266894428	266899004	2.0
295242013	266899004	2.0
264622283	266899004	4.0
266874645	266899004	3.0
266874646	266899004	4.0
266877908	266899004	3.0
266894445	266894445	0
266900829	266894445	3.0
266894288	266894445	2.0
266894295	266894445	2.0
266876479	266894445	2.0
562361553	266894445	1.0
266879939	266894445	2.0
266894275	266894445	2.0
266894421	266894445	2.0
266894428	266894445	0.0
295242013	266894445	1.0
264622283	266894445	3.0
266874645	266894445	3.0
266874646	266894445	3.0
266877908	266894445	2.0
266900829	266900829	0
266894288	266900829	3.0
266894295	266900829	3.0
266876479	266900829	2.0
562361553	266900829	3.0
266879939	266900829	2.0
266894275	266900829	3.0
266894421	266900829	3.0
266894428	266900829	3.0
295242013	266900829	3.0
264622283	266900829	2.0
266874645	266900829	2.0
266874646	266900829	2.0
266877908	266900829	2.0
266894288	266894288	0
266894295	266894288	0.0
266876479	266894288	3.0
562361553	266894288	2.0
266879939	266894288	2.0
266894275	266894288	0.0
266894421	266894288	2.0
266894428	266894288	2.0
295242013	266894288	2.0
264622283	266894288	3.0
266874645	266894288	3.0
266874646	266894288	3.0
266877908	266894288	2.0
266894295	266894295	0
266876479	266894295	3.0
562361553	266894295	2.0
266879939	266894295	2.0
266894275	266894295	0.0
266894421	266894295	2.0
266894428	266894295	2.0
295242013	266894295	2.0
264622283	266894295	3.0
266874645	266894295	3.0
266874646	266894295	3.0
266877908	266894295	2.0
266876479	266876479	0
562361553	266876479	2.0
266879939	266876479	2.0
266894275	266876479	3.0
266894421	266876479	1.0
266894428	266876479	2.0
295242013	266876479	2.0
264622283	266876479	2.0
266874645	266876479	2.0
266874646	266876479	2.0
266877908	266876479	3.0
562361553	562361553	0
266879939	562361553	0.0
266894275	562361553	2.0
266894421	562361553	0.0
266894428	562361553	2.0
295242013	562361553	2.0
264622283	562361553	3.0
266874645	562361553	2.0
266874646	562361553	2.0
266877908	562361553	2.0
266879939	266879939	0
266894275	266879939	3.0
266894421	266879939	1.0
266894428	266879939	2.0
295242013	266879939	2.0
264622283	266879939	3.0
266874645	266879939	2.0
266874646	266879939	2.0
266877908	266879939	2.0
266894275	266894275	0
266894421	266894275	2.0
266894428	266894275	2.0
295242013	266894275	2.0
264622283	266894275	3.0
266874645	266894275	3.0
266874646	266894275	3.0
266877908	266894275	2.0
266894421	266894421	0
266894428	266894421	1.0
295242013	266894421	1.0
264622283	266894421	3.0
266874645	266894421	3.0
266874646	266894421	3.0
266877908	266894421	2.0
266894428	266894428	0
295242013	266894428	1.0
264622283	266894428	3.0
266874645	266894428	2.0
266874646	266894428	2.0
266877908	266894428	2.0
295242013	295242013	0
264622283	295242013	3.0
266874645	295242013	3.0
266874646	295242013	3.0
266877908	295242013	2.0
264622283	264622283	0
266874645	264622283	1.0
266874646	264622283	1.0
266877908	264622283	2.0
266874645	266874645	0
266874646	266874645	0.0
266877908	266874645	2.0
266874646	266874646	0
266877908	266874646	2.0
266877908	266877908	0
