250308980	[-48,16.0,32.0]	40.671874275	-73.9517696125	0.05586292529852792	0.39518683638614344	0.20998187594079235	0.03572348787398294	0.7010752688172043	0.22253800455080702
247912984	[16,-35.0,19.0]	40.67983068	-73.94281778	0.05586292529852792	0.39518683638614344	0.20998187594079235	0.03572348787398294	0.7010752688172043	0.22253800455080702
539558525	[30,-61.0,31.0]	40.680068125	-73.93815389999999	0.05586292529852792	0.39518683638614344	0.20998187594079235	0.03572348787398294	0.7010752688172043	0.22253800455080702
539558526	[28,-57.0,29.0]	40.680074860000005	-73.93887396	0.05586292529852792	0.39518683638614344	0.20998187594079235	0.03572348787398294	0.7010752688172043	0.22253800455080702
241855180	[-41,39.0,2.0]	40.67574593333333	-73.95589668333334	0.05586292529852792	0.39518683638614344	0.20998187594079235	0.03572348787398294	0.7010752688172043	0.22253800455080702
250332446	[14,44.0,-58.0]	40.687560749999996	-73.95671681666668	0.05586292529852792	0.39518683638614344	0.20998187594079235	0.03572348787398294	0.7010752688172043	0.22253800455080702
250372534	[25,-50.0,25.0]	40.68012558181818	-73.9401018181818	0.05586292529852792	0.39518683638614344	0.20998187594079235	0.03572348787398294	0.7010752688172043	0.22253800455080702
250372535	[25,-49.0,24.0]	40.68030473333333	-73.94020993333334	0.05586292529852792	0.39518683638614344	0.20998187594079235	0.03572348787398294	0.7010752688172043	0.22253800455080702
112168179	[51,-8.0,-43.0]	40.68988663333333	-73.94750633333335	0.05586292529852792	0.39518683638614344	0.20998187594079235	0.03572348787398294	0.7010752688172043	0.22253800455080702
538396185	[56,-14.0,-42.0]	40.69012001428572	-73.94645228571429	0.05586292529852792	0.39518683638614344	0.20998187594079235	0.03572348787398294	0.7010752688172043	0.22253800455080702
538396187	[55,-19.0,-36.0]	40.68945578	-73.945667	0.05586292529852792	0.39518683638614344	0.20998187594079235	0.03572348787398294	0.7010752688172043	0.22253800455080702
538396188	[54,-18.0,-36.0]	40.68943662	-73.94583967999999	0.05586292529852792	0.39518683638614344	0.20998187594079235	0.03572348787398294	0.7010752688172043	0.22253800455080702
538396189	[55,-18.0,-37.0]	40.68958936	-73.9458912	0.05586292529852792	0.39518683638614344	0.20998187594079235	0.03572348787398294	0.7010752688172043	0.22253800455080702
241825332	[-37,14.0,23.0]	40.673965441666674	-73.95137085277779	0.05586292529852792	0.39518683638614344	0.20998187594079235	0.03572348787398294	0.7010752688172043	0.22253800455080702
249986048	[-6,34.0,-28.0]	40.682372564	-73.95508154	0.05586292529852792	0.39518683638614344	0.20998187594079235	0.03572348787398294	0.7010752688172043	0.22253800455080702
250313061	[48,5.0,-53.0]	40.6904552	-73.94991062000001	0.05586292529852792	0.39518683638614344	0.20998187594079235	0.03572348787398294	0.7010752688172043	0.22253800455080702
250330006	[27,15.0,-42.0]	40.68725276428571	-73.95160844285714	0.05586292529852792	0.39518683638614344	0.20998187594079235	0.03572348787398294	0.7010752688172043	0.22253800455080702
250313062	[64,-17.0,-47.0]	40.691542864285715	-73.94607282142859	0.05586292529852792	0.39518683638614344	0.20998187594079235	0.03572348787398294	0.7010752688172043	0.22253800455080702
247914433	[34,-52.0,18.0]	40.681894953333334	-73.93971084	0.05586292529852792	0.39518683638614344	0.20998187594079235	0.03572348787398294	0.7010752688172043	0.22253800455080702
248177764	[19,-20.0,1.0]	40.68191134137931	-73.94537764482757	0.05586292529852792	0.39518683638614344	0.20998187594079235	0.03572348787398294	0.7010752688172043	0.22253800455080702
250318791	[-1,-20.0,21.0]	40.67791041428571	-73.94533812857142	0.05586292529852792	0.39518683638614344	0.20998187594079235	0.03572348787398294	0.7010752688172043	0.22253800455080702
250311258	[38,-22.0,-16.0]	40.685670625	-73.945056925	0.05586292529852792	0.39518683638614344	0.20998187594079235	0.03572348787398294	0.7010752688172043	0.22253800455080702
183618383	[-42,21.0,21.0]	40.67367804	-73.95268694	0.05586292529852792	0.39518683638614344	0.20998187594079235	0.03572348787398294	0.7010752688172043	0.22253800455080702
174017711	[-35,23.0,12.0]	40.67524952	-73.95303181999999	0.05586292529852792	0.39518683638614344	0.20998187594079235	0.03572348787398294	0.7010752688172043	0.22253800455080702
236930315	[10,-16.0,6.0]	40.680525173333336	-73.94611366	0.05586292529852792	0.39518683638614344	0.20998187594079235	0.03572348787398294	0.7010752688172043	0.22253800455080702
314005144	[-20,2.0,18.0]	40.67626684	-73.94919284	0.05586292529852792	0.39518683638614344	0.20998187594079235	0.03572348787398294	0.7010752688172043	0.22253800455080702
314366724	[-5,7.0,-2.0]	40.6799148875	-73.950172925	0.05586292529852792	0.39518683638614344	0.20998187594079235	0.03572348787398294	0.7010752688172043	0.22253800455080702
314367935	[-18,15.0,3.0]	40.67798098	-73.9515509	0.05586292529852792	0.39518683638614344	0.20998187594079235	0.03572348787398294	0.7010752688172043	0.22253800455080702
378581600	[-4,30.0,-26.0]	40.6823649	-73.95434368	0.05586292529852792	0.39518683638614344	0.20998187594079235	0.03572348787398294	0.7010752688172043	0.22253800455080702
484108927	[-46,41.0,5.0]	40.674862366666666	-73.95625055000001	0.05586292529852792	0.39518683638614344	0.20998187594079235	0.03572348787398294	0.7010752688172043	0.22253800455080702
497141981	[-29,22.0,7.0]	40.6764919	-73.9528021125	0.05586292529852792	0.39518683638614344	0.20998187594079235	0.03572348787398294	0.7010752688172043	0.22253800455080702
253908679	[35,-16.0,-19.0]	40.68565057777777	-73.94605744444442	0.05586292529852792	0.39518683638614344	0.20998187594079235	0.03572348787398294	0.7010752688172043	0.22253800455080702
271958255	[48,-3.0,-45.0]	40.68978370000001	-73.94839672	0.05586292529852792	0.39518683638614344	0.20998187594079235	0.03572348787398294	0.7010752688172043	0.22253800455080702
538396184	[51,-7.0,-44.0]	40.68985293571429	-73.94780000714286	0.05586292529852792	0.39518683638614344	0.20998187594079235	0.03572348787398294	0.7010752688172043	0.22253800455080702
118987685	[12,-37.0,25.0]	40.6788014	-73.94240032000002	0.05586292529852792	0.39518683638614344	0.20998187594079235	0.03572348787398294	0.7010752688172043	0.22253800455080702
539558528	[26,-52.0,26.0]	40.680076727272734	-73.93972665454545	0.05586292529852792	0.39518683638614344	0.20998187594079235	0.03572348787398294	0.7010752688172043	0.22253800455080702
253908681	[40,-18.0,-22.0]	40.68648661666667	-73.9458475	0.05586292529852792	0.39518683638614344	0.20998187594079235	0.03572348787398294	0.7010752688172043	0.22253800455080702
313985298	[31,-33.0,2.0]	40.6831048	-73.94306662000001	0.05586292529852792	0.39518683638614344	0.20998187594079235	0.03572348787398294	0.7010752688172043	0.22253800455080702
314363566	[41,-50.0,9.0]	40.68345263333333	-73.94011286666665	0.05586292529852792	0.39518683638614344	0.20998187594079235	0.03572348787398294	0.7010752688172043	0.22253800455080702
315346604	[40,-21.0,-19.0]	40.68623537	-73.94522893000001	0.05586292529852792	0.39518683638614344	0.20998187594079235	0.03572348787398294	0.7010752688172043	0.22253800455080702
241842529	[-51,32.0,19.0]	40.67296114444445	-73.95459313333333	0.05586292529852792	0.39518683638614344	0.20998187594079235	0.03572348787398294	0.7010752688172043	0.22253800455080702
299124710	[12,5.0,-17.0]	40.683092099999996	-73.94984910000001	0.05586292529852792	0.39518683638614344	0.20998187594079235	0.03572348787398294	0.7010752688172043	0.22253800455080702
538397563	[55,-15.0,-40.0]	40.689920162499995	-73.9462005625	0.05586292529852792	0.39518683638614344	0.20998187594079235	0.03572348787398294	0.7010752688172043	0.22253800455080702
250003197	[12,27.0,-39.0]	40.68531018947368	-73.95376728421051	0.05586292529852792	0.39518683638614344	0.20998187594079235	0.03572348787398294	0.7010752688172043	0.22253800455080702
484733729	[52,4.0,-56.0]	40.69117954	-73.94968781999998	0.05586292529852792	0.39518683638614344	0.20998187594079235	0.03572348787398294	0.7010752688172043	0.22253800455080702
516636281	[51,4.0,-55.0]	40.69112926	-73.94967138	0.05586292529852792	0.39518683638614344	0.20998187594079235	0.03572348787398294	0.7010752688172043	0.22253800455080702
516636282	[49,8.0,-57.0]	40.69101496	-73.95029290000001	0.05586292529852792	0.39518683638614344	0.20998187594079235	0.03572348787398294	0.7010752688172043	0.22253800455080702
241842516	[-49,41.0,8.0]	40.6743955625	-73.956290325	0.05586292529852792	0.39518683638614344	0.20998187594079235	0.03572348787398294	0.7010752688172043	0.22253800455080702
250318792	[-9,-2.0,11.0]	40.678129160000005	-73.94868048	0.05586292529852792	0.39518683638614344	0.20998187594079235	0.03572348787398294	0.7010752688172043	0.22253800455080702
248177415	[10,-17.0,7.0]	40.6804319	-73.94600489999999	0.05586292529852792	0.39518683638614344	0.20998187594079235	0.03572348787398294	0.7010752688172043	0.22253800455080702
250457005	[-25,23.0,2.0]	40.67730102962963	-73.95304176666667	0.05586292529852792	0.39518683638614344	0.20998187594079235	0.03572348787398294	0.7010752688172043	0.22253800455080702
241825463	[-38,10.0,28.0]	40.67329743333334	-73.95075888333334	0.05586292529852792	0.39518683638614344	0.20998187594079235	0.03572348787398294	0.7010752688172043	0.22253800455080702
250309133	[-48,21.0,27.0]	40.6725214	-73.95276019999999	0.05586292529852792	0.39518683638614344	0.20998187594079235	0.03572348787398294	0.7010752688172043	0.22253800455080702
178231165	[-19,3.0,16.0]	40.6765674	-73.9495045	0.05586292529852792	0.39518683638614344	0.20998187594079235	0.03572348787398294	0.7010752688172043	0.22253800455080702
241855005	[-30,24.0,6.0]	40.67649143333333	-73.95316945333335	0.05586292529852792	0.39518683638614344	0.20998187594079235	0.03572348787398294	0.7010752688172043	0.22253800455080702
248177396	[9,-13.0,4.0]	40.680634866666665	-73.94656454444446	0.05586292529852792	0.39518683638614344	0.20998187594079235	0.03572348787398294	0.7010752688172043	0.22253800455080702
250319580	[-13,-12.0,25.0]	40.676282570833344	-73.94689611666666	0.05586292529852792	0.39518683638614344	0.20998187594079235	0.03572348787398294	0.7010752688172043	0.22253800455080702
250003405	[26,12.0,-38.0]	40.68668259090908	-73.9511725878788	0.05586292529852792	0.39518683638614344	0.20998187594079235	0.03572348787398294	0.7010752688172043	0.22253800455080702
250310167	[28,-12.0,-16.0]	40.68471160714285	-73.94676131428572	0.05586292529852792	0.39518683638614344	0.20998187594079235	0.03572348787398294	0.7010752688172043	0.22253800455080702
250310884	[27,4.0,-31.0]	40.68612726666667	-73.94972683333333	0.05586292529852792	0.39518683638614344	0.20998187594079235	0.03572348787398294	0.7010752688172043	0.22253800455080702
250312871	[63,-16.0,-47.0]	40.691366259999995	-73.94613666000001	0.05586292529852792	0.39518683638614344	0.20998187594079235	0.03572348787398294	0.7010752688172043	0.22253800455080702
247914435	[33,-50.0,17.0]	40.681721095652165	-73.94005397391302	0.05586292529852792	0.39518683638614344	0.20998187594079235	0.03572348787398294	0.7010752688172043	0.22253800455080702
248177273	[10,-18.0,8.0]	40.68042576	-73.94572701999999	0.05586292529852792	0.39518683638614344	0.20998187594079235	0.03572348787398294	0.7010752688172043	0.22253800455080702
250372416	[34,-62.0,28.0]	40.68076593333333	-73.93804795555556	0.05586292529852792	0.39518683638614344	0.20998187594079235	0.03572348787398294	0.7010752688172043	0.22253800455080702
248177925	[22,-26.0,4.0]	40.68203914	-73.94424440000002	0.05586292529852792	0.39518683638614344	0.20998187594079235	0.03572348787398294	0.7010752688172043	0.22253800455080702
250308980	250308980	0
247912984	250308980	4.0
539558525	250308980	4.0
539558526	250308980	4.0
241855180	250308980	3.0
250332446	250308980	4.0
250372534	250308980	4.0
250372535	250308980	4.0
112168179	250308980	4.0
538396185	250308980	4.0
538396187	250308980	4.0
538396188	250308980	4.0
538396189	250308980	4.0
241825332	250308980	2.0
249986048	250308980	4.0
250313061	250308980	4.0
250330006	250308980	4.0
250313062	250308980	4.0
247914433	250308980	4.0
248177764	250308980	4.0
250318791	250308980	3.0
250311258	250308980	4.0
183618383	250308980	1.0
174017711	250308980	2.0
236930315	250308980	4.0
314005144	250308980	2.0
314366724	250308980	3.0
314367935	250308980	3.0
378581600	250308980	3.0
484108927	250308980	2.0
497141981	250308980	2.0
253908679	250308980	4.0
271958255	250308980	4.0
538396184	250308980	4.0
118987685	250308980	4.0
539558528	250308980	4.0
253908681	250308980	4.0
313985298	250308980	4.0
314363566	250308980	4.0
315346604	250308980	4.0
241842529	250308980	1.0
299124710	250308980	3.0
538397563	250308980	4.0
250003197	250308980	4.0
484733729	250308980	4.0
516636281	250308980	4.0
516636282	250308980	4.0
241842516	250308980	2.0
250318792	250308980	3.0
248177415	250308980	3.0
250457005	250308980	3.0
241825463	250308980	1.0
250309133	250308980	2.0
178231165	250308980	2.0
241855005	250308980	2.0
248177396	250308980	4.0
250319580	250308980	3.0
250003405	250308980	4.0
250310167	250308980	4.0
250310884	250308980	4.0
250312871	250308980	4.0
247914435	250308980	4.0
248177273	250308980	3.0
250372416	250308980	4.0
248177925	250308980	4.0
247912984	247912984	0
539558525	247912984	1.0
539558526	247912984	1.0
241855180	247912984	4.0
250332446	247912984	4.0
250372534	247912984	1.0
250372535	247912984	1.0
112168179	247912984	3.0
538396185	247912984	3.0
538396187	247912984	3.0
538396188	247912984	3.0
538396189	247912984	3.0
241825332	247912984	3.0
249986048	247912984	3.0
250313061	247912984	4.0
250330006	247912984	4.0
250313062	247912984	3.0
247914433	247912984	2.0
248177764	247912984	1.0
250318791	247912984	2.0
250311258	247912984	2.0
183618383	247912984	4.0
174017711	247912984	3.0
236930315	247912984	1.0
314005144	247912984	3.0
314366724	247912984	2.0
314367935	247912984	3.0
378581600	247912984	3.0
484108927	247912984	4.0
497141981	247912984	3.0
253908679	247912984	3.0
271958255	247912984	3.0
538396184	247912984	3.0
118987685	247912984	1.0
539558528	247912984	1.0
253908681	247912984	3.0
313985298	247912984	2.0
314363566	247912984	2.0
315346604	247912984	3.0
241842529	247912984	4.0
299124710	247912984	3.0
538397563	247912984	3.0
250003197	247912984	3.0
484733729	247912984	4.0
516636281	247912984	4.0
516636282	247912984	4.0
241842516	247912984	4.0
250318792	247912984	2.0
248177415	247912984	1.0
250457005	247912984	3.0
241825463	247912984	4.0
250309133	247912984	4.0
178231165	247912984	3.0
241855005	247912984	3.0
248177396	247912984	1.0
250319580	247912984	2.0
250003405	247912984	3.0
250310167	247912984	3.0
250310884	247912984	3.0
250312871	247912984	3.0
247914435	247912984	2.0
248177273	247912984	1.0
250372416	247912984	2.0
248177925	247912984	1.0
539558525	539558525	0
539558526	539558525	0.0
241855180	539558525	4.0
250332446	539558525	4.0
250372534	539558525	2.0
250372535	539558525	2.0
112168179	539558525	4.0
538396185	539558525	4.0
538396187	539558525	3.0
538396188	539558525	3.0
538396189	539558525	3.0
241825332	539558525	4.0
249986048	539558525	4.0
250313061	539558525	4.0
250330006	539558525	4.0
250313062	539558525	4.0
247914433	539558525	2.0
248177764	539558525	2.0
250318791	539558525	3.0
250311258	539558525	3.0
183618383	539558525	4.0
174017711	539558525	4.0
236930315	539558525	3.0
314005144	539558525	4.0
314366724	539558525	3.0
314367935	539558525	4.0
378581600	539558525	3.0
484108927	539558525	4.0
497141981	539558525	4.0
253908679	539558525	4.0
271958255	539558525	4.0
538396184	539558525	4.0
118987685	539558525	2.0
539558528	539558525	1.0
253908681	539558525	3.0
313985298	539558525	3.0
314363566	539558525	3.0
315346604	539558525	3.0
241842529	539558525	4.0
299124710	539558525	3.0
538397563	539558525	4.0
250003197	539558525	4.0
484733729	539558525	4.0
516636281	539558525	4.0
516636282	539558525	4.0
241842516	539558525	4.0
250318792	539558525	3.0
248177415	539558525	2.0
250457005	539558525	4.0
241825463	539558525	4.0
250309133	539558525	4.0
178231165	539558525	4.0
241855005	539558525	4.0
248177396	539558525	3.0
250319580	539558525	3.0
250003405	539558525	4.0
250310167	539558525	3.0
250310884	539558525	4.0
250312871	539558525	4.0
247914435	539558525	3.0
248177273	539558525	2.0
250372416	539558525	0.0
248177925	539558525	2.0
539558526	539558526	0
241855180	539558526	4.0
250332446	539558526	4.0
250372534	539558526	0.0
250372535	539558526	0.0
112168179	539558526	4.0
538396185	539558526	4.0
538396187	539558526	3.0
538396188	539558526	3.0
538396189	539558526	3.0
241825332	539558526	4.0
249986048	539558526	4.0
250313061	539558526	4.0
250330006	539558526	4.0
250313062	539558526	4.0
247914433	539558526	2.0
248177764	539558526	2.0
250318791	539558526	2.0
250311258	539558526	3.0
183618383	539558526	4.0
174017711	539558526	4.0
236930315	539558526	2.0
314005144	539558526	3.0
314366724	539558526	3.0
314367935	539558526	3.0
378581600	539558526	3.0
484108927	539558526	4.0
497141981	539558526	4.0
253908679	539558526	3.0
271958255	539558526	4.0
538396184	539558526	4.0
118987685	539558526	1.0
539558528	539558526	0.0
253908681	539558526	3.0
313985298	539558526	2.0
314363566	539558526	3.0
315346604	539558526	3.0
241842529	539558526	4.0
299124710	539558526	3.0
538397563	539558526	4.0
250003197	539558526	4.0
484733729	539558526	4.0
516636281	539558526	4.0
516636282	539558526	4.0
241842516	539558526	4.0
250318792	539558526	3.0
248177415	539558526	2.0
250457005	539558526	4.0
241825463	539558526	4.0
250309133	539558526	4.0
178231165	539558526	3.0
241855005	539558526	4.0
248177396	539558526	2.0
250319580	539558526	3.0
250003405	539558526	4.0
250310167	539558526	3.0
250310884	539558526	3.0
250312871	539558526	4.0
247914435	539558526	2.0
248177273	539558526	2.0
250372416	539558526	0.0
248177925	539558526	2.0
241855180	241855180	0
250332446	241855180	3.0
250372534	241855180	4.0
250372535	241855180	4.0
112168179	241855180	4.0
538396185	241855180	4.0
538396187	241855180	4.0
538396188	241855180	4.0
538396189	241855180	4.0
241825332	241855180	2.0
249986048	241855180	3.0
250313061	241855180	4.0
250330006	241855180	4.0
250313062	241855180	4.0
247914433	241855180	4.0
248177764	241855180	4.0
250318791	241855180	3.0
250311258	241855180	4.0
183618383	241855180	2.0
174017711	241855180	1.0
236930315	241855180	3.0
314005144	241855180	2.0
314366724	241855180	3.0
314367935	241855180	2.0
378581600	241855180	3.0
484108927	241855180	2.0
497141981	241855180	1.0
253908679	241855180	4.0
271958255	241855180	4.0
538396184	241855180	4.0
118987685	241855180	4.0
539558528	241855180	4.0
253908681	241855180	4.0
313985298	241855180	4.0
314363566	241855180	4.0
315346604	241855180	4.0
241842529	241855180	2.0
299124710	241855180	3.0
538397563	241855180	4.0
250003197	241855180	3.0
484733729	241855180	4.0
516636281	241855180	4.0
516636282	241855180	4.0
241842516	241855180	2.0
250318792	241855180	3.0
248177415	241855180	3.0
250457005	241855180	2.0
241825463	241855180	2.0
250309133	241855180	3.0
178231165	241855180	2.0
241855005	241855180	1.0
248177396	241855180	3.0
250319580	241855180	3.0
250003405	241855180	4.0
250310167	241855180	4.0
250310884	241855180	4.0
250312871	241855180	4.0
247914435	241855180	4.0
248177273	241855180	3.0
250372416	241855180	4.0
248177925	241855180	4.0
250332446	250332446	0
250372534	250332446	4.0
250372535	250332446	4.0
112168179	250332446	3.0
538396185	250332446	3.0
538396187	250332446	3.0
538396188	250332446	3.0
538396189	250332446	3.0
241825332	250332446	4.0
249986048	250332446	2.0
250313061	250332446	3.0
250330006	250332446	2.0
250313062	250332446	3.0
247914433	250332446	4.0
248177764	250332446	4.0
250318791	250332446	4.0
250311258	250332446	3.0
183618383	250332446	4.0
174017711	250332446	3.0
236930315	250332446	3.0
314005144	250332446	4.0
314366724	250332446	3.0
314367935	250332446	4.0
378581600	250332446	3.0
484108927	250332446	3.0
497141981	250332446	4.0
253908679	250332446	3.0
271958255	250332446	3.0
538396184	250332446	3.0
118987685	250332446	4.0
539558528	250332446	4.0
253908681	250332446	3.0
313985298	250332446	4.0
314363566	250332446	4.0
315346604	250332446	3.0
241842529	250332446	4.0
299124710	250332446	3.0
538397563	250332446	3.0
250003197	250332446	2.0
484733729	250332446	3.0
516636281	250332446	3.0
516636282	250332446	3.0
241842516	250332446	3.0
250318792	250332446	3.0
248177415	250332446	3.0
250457005	250332446	3.0
241825463	250332446	4.0
250309133	250332446	4.0
178231165	250332446	4.0
241855005	250332446	3.0
248177396	250332446	4.0
250319580	250332446	4.0
250003405	250332446	2.0
250310167	250332446	3.0
250310884	250332446	3.0
250312871	250332446	3.0
247914435	250332446	4.0
248177273	250332446	3.0
250372416	250332446	4.0
248177925	250332446	4.0
250372534	250372534	0
250372535	250372534	0.0
112168179	250372534	4.0
538396185	250372534	4.0
538396187	250372534	3.0
538396188	250372534	3.0
538396189	250372534	3.0
241825332	250372534	4.0
249986048	250372534	4.0
250313061	250372534	4.0
250330006	250372534	4.0
250313062	250372534	4.0
247914433	250372534	1.0
248177764	250372534	2.0
250318791	250372534	2.0
250311258	250372534	3.0
183618383	250372534	4.0
174017711	250372534	4.0
236930315	250372534	3.0
314005144	250372534	3.0
314366724	250372534	3.0
314367935	250372534	3.0
378581600	250372534	3.0
484108927	250372534	4.0
497141981	250372534	4.0
253908679	250372534	3.0
271958255	250372534	4.0
538396184	250372534	4.0
118987685	250372534	1.0
539558528	250372534	0.0
253908681	250372534	3.0
313985298	250372534	2.0
314363566	250372534	3.0
315346604	250372534	3.0
241842529	250372534	4.0
299124710	250372534	3.0
538397563	250372534	4.0
250003197	250372534	4.0
484733729	250372534	4.0
516636281	250372534	4.0
516636282	250372534	4.0
241842516	250372534	4.0
250318792	250372534	3.0
248177415	250372534	2.0
250457005	250372534	4.0
241825463	250372534	4.0
250309133	250372534	4.0
178231165	250372534	3.0
241855005	250372534	4.0
248177396	250372534	2.0
250319580	250372534	3.0
250003405	250372534	4.0
250310167	250372534	3.0
250310884	250372534	3.0
250312871	250372534	4.0
247914435	250372534	2.0
248177273	250372534	2.0
250372416	250372534	1.0
248177925	250372534	2.0
250372535	250372535	0
112168179	250372535	4.0
538396185	250372535	4.0
538396187	250372535	3.0
538396188	250372535	3.0
538396189	250372535	3.0
241825332	250372535	4.0
249986048	250372535	4.0
250313061	250372535	4.0
250330006	250372535	4.0
250313062	250372535	4.0
247914433	250372535	1.0
248177764	250372535	2.0
250318791	250372535	2.0
250311258	250372535	3.0
183618383	250372535	4.0
174017711	250372535	4.0
236930315	250372535	2.0
314005144	250372535	3.0
314366724	250372535	3.0
314367935	250372535	3.0
378581600	250372535	3.0
484108927	250372535	4.0
497141981	250372535	4.0
253908679	250372535	3.0
271958255	250372535	4.0
538396184	250372535	4.0
118987685	250372535	1.0
539558528	250372535	0.0
253908681	250372535	3.0
313985298	250372535	2.0
314363566	250372535	3.0
315346604	250372535	3.0
241842529	250372535	4.0
299124710	250372535	3.0
538397563	250372535	4.0
250003197	250372535	4.0
484733729	250372535	4.0
516636281	250372535	4.0
516636282	250372535	4.0
241842516	250372535	4.0
250318792	250372535	3.0
248177415	250372535	2.0
250457005	250372535	4.0
241825463	250372535	4.0
250309133	250372535	4.0
178231165	250372535	3.0
241855005	250372535	4.0
248177396	250372535	2.0
250319580	250372535	3.0
250003405	250372535	4.0
250310167	250372535	3.0
250310884	250372535	3.0
250312871	250372535	4.0
247914435	250372535	2.0
248177273	250372535	2.0
250372416	250372535	1.0
248177925	250372535	2.0
112168179	112168179	0
538396185	112168179	0.0
538396187	112168179	1.0
538396188	112168179	2.0
538396189	112168179	1.0
241825332	112168179	4.0
249986048	112168179	3.0
250313061	112168179	3.0
250330006	112168179	3.0
250313062	112168179	1.0
247914433	112168179	3.0
248177764	112168179	3.0
250318791	112168179	4.0
250311258	112168179	3.0
183618383	112168179	4.0
174017711	112168179	4.0
236930315	112168179	3.0
314005144	112168179	4.0
314366724	112168179	4.0
314367935	112168179	4.0
378581600	112168179	4.0
484108927	112168179	4.0
497141981	112168179	4.0
253908679	112168179	2.0
271958255	112168179	0.0
538396184	112168179	0.0
118987685	112168179	4.0
539558528	112168179	4.0
253908681	112168179	2.0
313985298	112168179	3.0
314363566	112168179	3.0
315346604	112168179	2.0
241842529	112168179	4.0
299124710	112168179	3.0
538397563	112168179	0.0
250003197	112168179	3.0
484733729	112168179	3.0
516636281	112168179	3.0
516636282	112168179	2.0
241842516	112168179	4.0
250318792	112168179	4.0
248177415	112168179	3.0
250457005	112168179	4.0
241825463	112168179	4.0
250309133	112168179	4.0
178231165	112168179	4.0
241855005	112168179	4.0
248177396	112168179	3.0
250319580	112168179	4.0
250003405	112168179	2.0
250310167	112168179	2.0
250310884	112168179	2.0
250312871	112168179	1.0
247914435	112168179	4.0
248177273	112168179	3.0
250372416	112168179	4.0
248177925	112168179	3.0
538396185	538396185	0
538396187	538396185	1.0
538396188	538396185	2.0
538396189	538396185	1.0
241825332	538396185	4.0
249986048	538396185	3.0
250313061	538396185	1.0
250330006	538396185	3.0
250313062	538396185	0.0
247914433	538396185	3.0
248177764	538396185	3.0
250318791	538396185	4.0
250311258	538396185	3.0
183618383	538396185	4.0
174017711	538396185	4.0
236930315	538396185	3.0
314005144	538396185	4.0
314366724	538396185	4.0
314367935	538396185	4.0
378581600	538396185	4.0
484108927	538396185	4.0
497141981	538396185	4.0
253908679	538396185	2.0
271958255	538396185	0.0
538396184	538396185	0.0
118987685	538396185	3.0
539558528	538396185	4.0
253908681	538396185	2.0
313985298	538396185	3.0
314363566	538396185	3.0
315346604	538396185	2.0
241842529	538396185	4.0
299124710	538396185	3.0
538397563	538396185	0.0
250003197	538396185	3.0
484733729	538396185	1.0
516636281	538396185	1.0
516636282	538396185	2.0
241842516	538396185	4.0
250318792	538396185	4.0
248177415	538396185	3.0
250457005	538396185	4.0
241825463	538396185	4.0
250309133	538396185	4.0
178231165	538396185	4.0
241855005	538396185	4.0
248177396	538396185	3.0
250319580	538396185	4.0
250003405	538396185	2.0
250310167	538396185	2.0
250310884	538396185	2.0
250312871	538396185	0.0
247914435	538396185	4.0
248177273	538396185	3.0
250372416	538396185	4.0
248177925	538396185	3.0
538396187	538396187	0
538396188	538396187	2.0
538396189	538396187	0.0
241825332	538396187	4.0
249986048	538396187	4.0
250313061	538396187	2.0
250330006	538396187	2.0
250313062	538396187	1.0
247914433	538396187	3.0
248177764	538396187	3.0
250318791	538396187	4.0
250311258	538396187	3.0
183618383	538396187	4.0
174017711	538396187	4.0
236930315	538396187	3.0
314005144	538396187	4.0
314366724	538396187	4.0
314367935	538396187	4.0
378581600	538396187	3.0
484108927	538396187	4.0
497141981	538396187	4.0
253908679	538396187	2.0
271958255	538396187	2.0
538396184	538396187	2.0
118987685	538396187	3.0
539558528	538396187	3.0
253908681	538396187	2.0
313985298	538396187	3.0
314363566	538396187	3.0
315346604	538396187	2.0
241842529	538396187	4.0
299124710	538396187	3.0
538397563	538396187	1.0
250003197	538396187	3.0
484733729	538396187	2.0
516636281	538396187	2.0
516636282	538396187	3.0
241842516	538396187	4.0
250318792	538396187	4.0
248177415	538396187	3.0
250457005	538396187	4.0
241825463	538396187	4.0
250309133	538396187	4.0
178231165	538396187	4.0
241855005	538396187	4.0
248177396	538396187	3.0
250319580	538396187	4.0
250003405	538396187	3.0
250310167	538396187	3.0
250310884	538396187	2.0
250312871	538396187	1.0
247914435	538396187	3.0
248177273	538396187	3.0
250372416	538396187	4.0
248177925	538396187	3.0
538396188	538396188	0
538396189	538396188	2.0
241825332	538396188	4.0
249986048	538396188	3.0
250313061	538396188	3.0
250330006	538396188	2.0
250313062	538396188	3.0
247914433	538396188	3.0
248177764	538396188	3.0
250318791	538396188	4.0
250311258	538396188	3.0
183618383	538396188	4.0
174017711	538396188	4.0
236930315	538396188	3.0
314005144	538396188	4.0
314366724	538396188	3.0
314367935	538396188	4.0
378581600	538396188	4.0
484108927	538396188	4.0
497141981	538396188	4.0
253908679	538396188	2.0
271958255	538396188	2.0
538396184	538396188	2.0
118987685	538396188	3.0
539558528	538396188	3.0
253908681	538396188	2.0
313985298	538396188	3.0
314363566	538396188	3.0
315346604	538396188	2.0
241842529	538396188	4.0
299124710	538396188	3.0
538397563	538396188	2.0
250003197	538396188	3.0
484733729	538396188	3.0
516636281	538396188	3.0
516636282	538396188	3.0
241842516	538396188	4.0
250318792	538396188	3.0
248177415	538396188	3.0
250457005	538396188	4.0
241825463	538396188	4.0
250309133	538396188	4.0
178231165	538396188	4.0
241855005	538396188	4.0
248177396	538396188	3.0
250319580	538396188	4.0
250003405	538396188	2.0
250310167	538396188	2.0
250310884	538396188	2.0
250312871	538396188	3.0
247914435	538396188	4.0
248177273	538396188	3.0
250372416	538396188	4.0
248177925	538396188	3.0
538396189	538396189	0
241825332	538396189	4.0
249986048	538396189	4.0
250313061	538396189	2.0
250330006	538396189	2.0
250313062	538396189	1.0
247914433	538396189	3.0
248177764	538396189	3.0
250318791	538396189	4.0
250311258	538396189	3.0
183618383	538396189	4.0
174017711	538396189	4.0
236930315	538396189	3.0
314005144	538396189	4.0
314366724	538396189	4.0
314367935	538396189	4.0
378581600	538396189	4.0
484108927	538396189	4.0
497141981	538396189	4.0
253908679	538396189	2.0
271958255	538396189	1.0
538396184	538396189	1.0
118987685	538396189	3.0
539558528	538396189	3.0
253908681	538396189	2.0
313985298	538396189	3.0
314363566	538396189	3.0
315346604	538396189	2.0
241842529	538396189	4.0
299124710	538396189	3.0
538397563	538396189	0.0
250003197	538396189	3.0
484733729	538396189	2.0
516636281	538396189	2.0
516636282	538396189	3.0
241842516	538396189	4.0
250318792	538396189	4.0
248177415	538396189	3.0
250457005	538396189	4.0
241825463	538396189	4.0
250309133	538396189	4.0
178231165	538396189	4.0
241855005	538396189	4.0
248177396	538396189	3.0
250319580	538396189	4.0
250003405	538396189	3.0
250310167	538396189	3.0
250310884	538396189	2.0
250312871	538396189	1.0
247914435	538396189	3.0
248177273	538396189	3.0
250372416	538396189	4.0
248177925	538396189	3.0
241825332	241825332	0
249986048	241825332	3.0
250313061	241825332	4.0
250330006	241825332	4.0
250313062	241825332	4.0
247914433	241825332	4.0
248177764	241825332	4.0
250318791	241825332	3.0
250311258	241825332	4.0
183618383	241825332	2.0
174017711	241825332	1.0
236930315	241825332	3.0
314005144	241825332	1.0
314366724	241825332	2.0
314367935	241825332	3.0
378581600	241825332	3.0
484108927	241825332	2.0
497141981	241825332	1.0
253908679	241825332	4.0
271958255	241825332	4.0
538396184	241825332	4.0
118987685	241825332	4.0
539558528	241825332	4.0
253908681	241825332	4.0
313985298	241825332	4.0
314363566	241825332	4.0
315346604	241825332	4.0
241842529	241825332	2.0
299124710	241825332	3.0
538397563	241825332	4.0
250003197	241825332	4.0
484733729	241825332	4.0
516636281	241825332	4.0
516636282	241825332	4.0
241842516	241825332	2.0
250318792	241825332	3.0
248177415	241825332	3.0
250457005	241825332	2.0
241825463	241825332	2.0
250309133	241825332	2.0
178231165	241825332	1.0
241855005	241825332	1.0
248177396	241825332	3.0
250319580	241825332	3.0
250003405	241825332	3.0
250310167	241825332	4.0
250310884	241825332	3.0
250312871	241825332	4.0
247914435	241825332	4.0
248177273	241825332	3.0
250372416	241825332	4.0
248177925	241825332	3.0
249986048	249986048	0
250313061	249986048	3.0
250330006	249986048	3.0
250313062	249986048	4.0
247914433	249986048	4.0
248177764	249986048	3.0
250318791	249986048	3.0
250311258	249986048	3.0
183618383	249986048	4.0
174017711	249986048	3.0
236930315	249986048	3.0
314005144	249986048	3.0
314366724	249986048	3.0
314367935	249986048	3.0
378581600	249986048	2.0
484108927	249986048	3.0
497141981	249986048	3.0
253908679	249986048	3.0
271958255	249986048	3.0
538396184	249986048	3.0
118987685	249986048	3.0
539558528	249986048	4.0
253908681	249986048	3.0
313985298	249986048	3.0
314363566	249986048	4.0
315346604	249986048	3.0
241842529	249986048	4.0
299124710	249986048	2.0
538397563	249986048	4.0
250003197	249986048	2.0
484733729	249986048	3.0
516636281	249986048	3.0
516636282	249986048	4.0
241842516	249986048	3.0
250318792	249986048	3.0
248177415	249986048	3.0
250457005	249986048	3.0
241825463	249986048	4.0
250309133	249986048	3.0
178231165	249986048	3.0
241855005	249986048	3.0
248177396	249986048	3.0
250319580	249986048	4.0
250003405	249986048	3.0
250310167	249986048	3.0
250310884	249986048	3.0
250312871	249986048	4.0
247914435	249986048	4.0
248177273	249986048	3.0
250372416	249986048	4.0
248177925	249986048	3.0
250313061	250313061	0
250330006	250313061	3.0
250313062	250313061	1.0
247914433	250313061	4.0
248177764	250313061	4.0
250318791	250313061	4.0
250311258	250313061	4.0
183618383	250313061	4.0
174017711	250313061	4.0
236930315	250313061	4.0
314005144	250313061	4.0
314366724	250313061	4.0
314367935	250313061	4.0
378581600	250313061	4.0
484108927	250313061	4.0
497141981	250313061	4.0
253908679	250313061	3.0
271958255	250313061	2.0
538396184	250313061	2.0
118987685	250313061	4.0
539558528	250313061	4.0
253908681	250313061	3.0
313985298	250313061	4.0
314363566	250313061	4.0
315346604	250313061	3.0
241842529	250313061	4.0
299124710	250313061	3.0
538397563	250313061	1.0
250003197	250313061	3.0
484733729	250313061	0.0
516636281	250313061	0.0
516636282	250313061	1.0
241842516	250313061	4.0
250318792	250313061	4.0
248177415	250313061	4.0
250457005	250313061	4.0
241825463	250313061	4.0
250309133	250313061	4.0
178231165	250313061	4.0
241855005	250313061	4.0
248177396	250313061	4.0
250319580	250313061	4.0
250003405	250313061	3.0
250310167	250313061	3.0
250310884	250313061	3.0
250312871	250313061	1.0
247914435	250313061	4.0
248177273	250313061	4.0
250372416	250313061	4.0
248177925	250313061	4.0
250330006	250330006	0
250313062	250330006	3.0
247914433	250330006	4.0
248177764	250330006	4.0
250318791	250330006	4.0
250311258	250330006	3.0
183618383	250330006	4.0
174017711	250330006	4.0
236930315	250330006	3.0
314005144	250330006	4.0
314366724	250330006	4.0
314367935	250330006	4.0
378581600	250330006	3.0
484108927	250330006	4.0
497141981	250330006	4.0
253908679	250330006	2.0
271958255	250330006	3.0
538396184	250330006	3.0
118987685	250330006	4.0
539558528	250330006	4.0
253908681	250330006	2.0
313985298	250330006	3.0
314363566	250330006	3.0
315346604	250330006	2.0
241842529	250330006	4.0
299124710	250330006	3.0
538397563	250330006	3.0
250003197	250330006	3.0
484733729	250330006	3.0
516636281	250330006	3.0
516636282	250330006	2.0
241842516	250330006	4.0
250318792	250330006	4.0
248177415	250330006	4.0
250457005	250330006	4.0
241825463	250330006	4.0
250309133	250330006	4.0
178231165	250330006	4.0
241855005	250330006	4.0
248177396	250330006	3.0
250319580	250330006	4.0
250003405	250330006	2.0
250310167	250330006	2.0
250310884	250330006	2.0
250312871	250330006	3.0
247914435	250330006	4.0
248177273	250330006	4.0
250372416	250330006	4.0
248177925	250330006	4.0
250313062	250313062	0
247914433	250313062	3.0
248177764	250313062	4.0
250318791	250313062	4.0
250311258	250313062	3.0
183618383	250313062	4.0
174017711	250313062	4.0
236930315	250313062	3.0
314005144	250313062	4.0
314366724	250313062	4.0
314367935	250313062	4.0
378581600	250313062	4.0
484108927	250313062	4.0
497141981	250313062	4.0
253908679	250313062	2.0
271958255	250313062	1.0
538396184	250313062	1.0
118987685	250313062	3.0
539558528	250313062	4.0
253908681	250313062	2.0
313985298	250313062	3.0
314363566	250313062	3.0
315346604	250313062	2.0
241842529	250313062	4.0
299124710	250313062	3.0
538397563	250313062	0.0
250003197	250313062	3.0
484733729	250313062	1.0
516636281	250313062	1.0
516636282	250313062	2.0
241842516	250313062	4.0
250318792	250313062	4.0
248177415	250313062	3.0
250457005	250313062	4.0
241825463	250313062	4.0
250309133	250313062	4.0
178231165	250313062	4.0
241855005	250313062	4.0
248177396	250313062	3.0
250319580	250313062	4.0
250003405	250313062	3.0
250310167	250313062	3.0
250310884	250313062	3.0
250312871	250313062	0.0
247914435	250313062	4.0
248177273	250313062	3.0
250372416	250313062	4.0
248177925	250313062	4.0
247914433	247914433	0
248177764	247914433	2.0
250318791	247914433	3.0
250311258	247914433	2.0
183618383	247914433	4.0
174017711	247914433	4.0
236930315	247914433	2.0
314005144	247914433	4.0
314366724	247914433	3.0
314367935	247914433	4.0
378581600	247914433	4.0
484108927	247914433	4.0
497141981	247914433	4.0
253908679	247914433	3.0
271958255	247914433	4.0
538396184	247914433	4.0
118987685	247914433	2.0
539558528	247914433	1.0
253908681	247914433	3.0
313985298	247914433	2.0
314363566	247914433	3.0
315346604	247914433	3.0
241842529	247914433	4.0
299124710	247914433	3.0
538397563	247914433	3.0
250003197	247914433	4.0
484733729	247914433	4.0
516636281	247914433	4.0
516636282	247914433	4.0
241842516	247914433	4.0
250318792	247914433	3.0
248177415	247914433	3.0
250457005	247914433	4.0
241825463	247914433	4.0
250309133	247914433	4.0
178231165	247914433	4.0
241855005	247914433	4.0
248177396	247914433	2.0
250319580	247914433	3.0
250003405	247914433	4.0
250310167	247914433	3.0
250310884	247914433	4.0
250312871	247914433	3.0
247914435	247914433	1.0
248177273	247914433	2.0
250372416	247914433	2.0
248177925	247914433	1.0
248177764	248177764	0
250318791	248177764	3.0
250311258	248177764	3.0
183618383	248177764	4.0
174017711	248177764	3.0
236930315	248177764	0.0
314005144	248177764	3.0
314366724	248177764	2.0
314367935	248177764	3.0
378581600	248177764	3.0
484108927	248177764	4.0
497141981	248177764	3.0
253908679	248177764	3.0
271958255	248177764	3.0
538396184	248177764	3.0
118987685	248177764	2.0
539558528	248177764	2.0
253908681	248177764	3.0
313985298	248177764	2.0
314363566	248177764	3.0
315346604	248177764	3.0
241842529	248177764	4.0
299124710	248177764	2.0
538397563	248177764	3.0
250003197	248177764	3.0
484733729	248177764	4.0
516636281	248177764	4.0
516636282	248177764	4.0
241842516	248177764	4.0
250318792	248177764	2.0
248177415	248177764	1.0
250457005	248177764	3.0
241825463	248177764	4.0
250309133	248177764	4.0
178231165	248177764	3.0
241855005	248177764	3.0
248177396	248177764	0.0
250319580	248177764	2.0
250003405	248177764	3.0
250310167	248177764	3.0
250310884	248177764	3.0
250312871	248177764	4.0
247914435	248177764	2.0
248177273	248177764	1.0
250372416	248177764	3.0
248177925	248177764	0.0
250318791	250318791	0
250311258	250318791	4.0
183618383	250318791	3.0
174017711	250318791	3.0
236930315	250318791	3.0
314005144	250318791	2.0
314366724	250318791	2.0
314367935	250318791	3.0
378581600	250318791	3.0
484108927	250318791	3.0
497141981	250318791	3.0
253908679	250318791	3.0
271958255	250318791	4.0
538396184	250318791	4.0
118987685	250318791	2.0
539558528	250318791	2.0
253908681	250318791	4.0
313985298	250318791	3.0
314363566	250318791	4.0
315346604	250318791	4.0
241842529	250318791	4.0
299124710	250318791	3.0
538397563	250318791	4.0
250003197	250318791	4.0
484733729	250318791	4.0
516636281	250318791	4.0
516636282	250318791	4.0
241842516	250318791	3.0
250318792	250318791	1.0
248177415	250318791	3.0
250457005	250318791	3.0
241825463	250318791	3.0
250309133	250318791	3.0
178231165	250318791	3.0
241855005	250318791	3.0
248177396	250318791	3.0
250319580	250318791	1.0
250003405	250318791	3.0
250310167	250318791	3.0
250310884	250318791	3.0
250312871	250318791	4.0
247914435	250318791	3.0
248177273	250318791	3.0
250372416	250318791	3.0
248177925	250318791	3.0
250311258	250311258	0
183618383	250311258	4.0
174017711	250311258	4.0
236930315	250311258	2.0
314005144	250311258	4.0
314366724	250311258	3.0
314367935	250311258	3.0
378581600	250311258	3.0
484108927	250311258	4.0
497141981	250311258	4.0
253908679	250311258	2.0
271958255	250311258	3.0
538396184	250311258	3.0
118987685	250311258	3.0
539558528	250311258	3.0
253908681	250311258	2.0
313985298	250311258	2.0
314363566	250311258	3.0
315346604	250311258	2.0
241842529	250311258	4.0
299124710	250311258	2.0
538397563	250311258	3.0
250003197	250311258	3.0
484733729	250311258	4.0
516636281	250311258	4.0
516636282	250311258	3.0
241842516	250311258	4.0
250318792	250311258	3.0
248177415	250311258	2.0
250457005	250311258	4.0
241825463	250311258	4.0
250309133	250311258	4.0
178231165	250311258	3.0
241855005	250311258	4.0
248177396	250311258	2.0
250319580	250311258	3.0
250003405	250311258	2.0
250310167	250311258	1.0
250310884	250311258	2.0
250312871	250311258	3.0
247914435	250311258	3.0
248177273	250311258	2.0
250372416	250311258	3.0
248177925	250311258	3.0
183618383	183618383	0
174017711	183618383	2.0
236930315	183618383	4.0
314005144	183618383	3.0
314366724	183618383	3.0
314367935	183618383	3.0
378581600	183618383	4.0
484108927	183618383	2.0
497141981	183618383	3.0
253908679	183618383	4.0
271958255	183618383	4.0
538396184	183618383	4.0
118987685	183618383	4.0
539558528	183618383	4.0
253908681	183618383	4.0
313985298	183618383	4.0
314363566	183618383	4.0
315346604	183618383	4.0
241842529	183618383	2.0
299124710	183618383	3.0
538397563	183618383	4.0
250003197	183618383	4.0
484733729	183618383	4.0
516636281	183618383	4.0
516636282	183618383	4.0
241842516	183618383	1.0
250318792	183618383	3.0
248177415	183618383	3.0
250457005	183618383	2.0
241825463	183618383	0.0
250309133	183618383	0.0
178231165	183618383	3.0
241855005	183618383	2.0
248177396	183618383	4.0
250319580	183618383	2.0
250003405	183618383	4.0
250310167	183618383	4.0
250310884	183618383	4.0
250312871	183618383	4.0
247914435	183618383	4.0
248177273	183618383	3.0
250372416	183618383	4.0
248177925	183618383	4.0
174017711	174017711	0
236930315	174017711	3.0
314005144	174017711	2.0
314366724	174017711	2.0
314367935	174017711	3.0
378581600	174017711	3.0
484108927	174017711	2.0
497141981	174017711	0.0
253908679	174017711	4.0
271958255	174017711	4.0
538396184	174017711	4.0
118987685	174017711	4.0
539558528	174017711	4.0
253908681	174017711	4.0
313985298	174017711	4.0
314363566	174017711	4.0
315346604	174017711	4.0
241842529	174017711	2.0
299124710	174017711	3.0
538397563	174017711	4.0
250003197	174017711	4.0
484733729	174017711	4.0
516636281	174017711	4.0
516636282	174017711	4.0
241842516	174017711	2.0
250318792	174017711	2.0
248177415	174017711	3.0
250457005	174017711	1.0
241825463	174017711	2.0
250309133	174017711	2.0
178231165	174017711	2.0
241855005	174017711	0.0
248177396	174017711	3.0
250319580	174017711	2.0
250003405	174017711	3.0
250310167	174017711	4.0
250310884	174017711	3.0
250312871	174017711	4.0
247914435	174017711	4.0
248177273	174017711	3.0
250372416	174017711	4.0
248177925	174017711	3.0
236930315	236930315	0
314005144	236930315	3.0
314366724	236930315	2.0
314367935	236930315	3.0
378581600	236930315	3.0
484108927	236930315	4.0
497141981	236930315	3.0
253908679	236930315	3.0
271958255	236930315	3.0
538396184	236930315	3.0
118987685	236930315	2.0
539558528	236930315	2.0
253908681	236930315	3.0
313985298	236930315	2.0
314363566	236930315	3.0
315346604	236930315	3.0
241842529	236930315	4.0
299124710	236930315	2.0
538397563	236930315	3.0
250003197	236930315	3.0
484733729	236930315	4.0
516636281	236930315	4.0
516636282	236930315	3.0
241842516	236930315	4.0
250318792	236930315	2.0
248177415	236930315	0.0
250457005	236930315	3.0
241825463	236930315	4.0
250309133	236930315	3.0
178231165	236930315	3.0
241855005	236930315	3.0
248177396	236930315	0.0
250319580	236930315	2.0
250003405	236930315	3.0
250310167	236930315	2.0
250310884	236930315	3.0
250312871	236930315	3.0
247914435	236930315	2.0
248177273	236930315	0.0
250372416	236930315	3.0
248177925	236930315	1.0
314005144	314005144	0
314366724	314005144	3.0
314367935	314005144	3.0
378581600	314005144	3.0
484108927	314005144	2.0
497141981	314005144	1.0
253908679	314005144	4.0
271958255	314005144	4.0
538396184	314005144	4.0
118987685	314005144	3.0
539558528	314005144	3.0
253908681	314005144	4.0
313985298	314005144	3.0
314363566	314005144	4.0
315346604	314005144	4.0
241842529	314005144	2.0
299124710	314005144	3.0
538397563	314005144	4.0
250003197	314005144	4.0
484733729	314005144	4.0
516636281	314005144	4.0
516636282	314005144	4.0
241842516	314005144	3.0
250318792	314005144	3.0
248177415	314005144	3.0
250457005	314005144	3.0
241825463	314005144	2.0
250309133	314005144	2.0
178231165	314005144	2.0
241855005	314005144	1.0
248177396	314005144	3.0
250319580	314005144	2.0
250003405	314005144	4.0
250310167	314005144	4.0
250310884	314005144	4.0
250312871	314005144	4.0
247914435	314005144	3.0
248177273	314005144	3.0
250372416	314005144	4.0
248177925	314005144	3.0
314366724	314366724	0
314367935	314366724	2.0
378581600	314366724	3.0
484108927	314366724	3.0
497141981	314366724	2.0
253908679	314366724	3.0
271958255	314366724	3.0
538396184	314366724	3.0
118987685	314366724	2.0
539558528	314366724	3.0
253908681	314366724	3.0
313985298	314366724	3.0
314363566	314366724	4.0
315346604	314366724	3.0
241842529	314366724	3.0
299124710	314366724	3.0
538397563	314366724	4.0
250003197	314366724	4.0
484733729	314366724	4.0
516636281	314366724	4.0
516636282	314366724	4.0
241842516	314366724	3.0
250318792	314366724	1.0
248177415	314366724	2.0
250457005	314366724	2.0
241825463	314366724	3.0
250309133	314366724	3.0
178231165	314366724	1.0
241855005	314366724	2.0
248177396	314366724	2.0
250319580	314366724	3.0
250003405	314366724	4.0
250310167	314366724	3.0
250310884	314366724	3.0
250312871	314366724	4.0
247914435	314366724	4.0
248177273	314366724	2.0
250372416	314366724	3.0
248177925	314366724	2.0
314367935	314367935	0
378581600	314367935	2.0
484108927	314367935	2.0
497141981	314367935	2.0
253908679	314367935	3.0
271958255	314367935	4.0
538396184	314367935	4.0
118987685	314367935	3.0
539558528	314367935	3.0
253908681	314367935	3.0
313985298	314367935	3.0
314363566	314367935	4.0
315346604	314367935	3.0
241842529	314367935	3.0
299124710	314367935	2.0
538397563	314367935	4.0
250003197	314367935	3.0
484733729	314367935	4.0
516636281	314367935	4.0
516636282	314367935	4.0
241842516	314367935	2.0
250318792	314367935	2.0
248177415	314367935	2.0
250457005	314367935	2.0
241825463	314367935	3.0
250309133	314367935	3.0
178231165	314367935	2.0
241855005	314367935	2.0
248177396	314367935	3.0
250319580	314367935	2.0
250003405	314367935	3.0
250310167	314367935	3.0
250310884	314367935	3.0
250312871	314367935	4.0
247914435	314367935	3.0
248177273	314367935	2.0
250372416	314367935	4.0
248177925	314367935	3.0
378581600	378581600	0
484108927	378581600	3.0
497141981	378581600	2.0
253908679	378581600	3.0
271958255	378581600	4.0
538396184	378581600	4.0
118987685	378581600	3.0
539558528	378581600	3.0
253908681	378581600	3.0
313985298	378581600	3.0
314363566	378581600	3.0
315346604	378581600	3.0
241842529	378581600	4.0
299124710	378581600	2.0
538397563	378581600	4.0
250003197	378581600	3.0
484733729	378581600	4.0
516636281	378581600	4.0
516636282	378581600	3.0
241842516	378581600	3.0
250318792	378581600	3.0
248177415	378581600	3.0
250457005	378581600	2.0
241825463	378581600	3.0
250309133	378581600	3.0
178231165	378581600	3.0
241855005	378581600	2.0
248177396	378581600	3.0
250319580	378581600	3.0
250003405	378581600	3.0
250310167	378581600	3.0
250310884	378581600	3.0
250312871	378581600	4.0
247914435	378581600	3.0
248177273	378581600	3.0
250372416	378581600	4.0
248177925	378581600	3.0
484108927	484108927	0
497141981	484108927	2.0
253908679	484108927	4.0
271958255	484108927	4.0
538396184	484108927	4.0
118987685	484108927	4.0
539558528	484108927	4.0
253908681	484108927	4.0
313985298	484108927	4.0
314363566	484108927	4.0
315346604	484108927	4.0
241842529	484108927	2.0
299124710	484108927	3.0
538397563	484108927	4.0
250003197	484108927	3.0
484733729	484108927	4.0
516636281	484108927	4.0
516636282	484108927	4.0
241842516	484108927	0.0
250318792	484108927	3.0
248177415	484108927	3.0
250457005	484108927	2.0
241825463	484108927	2.0
250309133	484108927	2.0
178231165	484108927	2.0
241855005	484108927	2.0
248177396	484108927	4.0
250319580	484108927	3.0
250003405	484108927	4.0
250310167	484108927	4.0
250310884	484108927	4.0
250312871	484108927	4.0
247914435	484108927	4.0
248177273	484108927	3.0
250372416	484108927	4.0
248177925	484108927	4.0
497141981	497141981	0
253908679	497141981	4.0
271958255	497141981	4.0
538396184	497141981	4.0
118987685	497141981	3.0
539558528	497141981	4.0
253908681	497141981	4.0
313985298	497141981	4.0
314363566	497141981	4.0
315346604	497141981	4.0
241842529	497141981	3.0
299124710	497141981	3.0
538397563	497141981	4.0
250003197	497141981	4.0
484733729	497141981	4.0
516636281	497141981	4.0
516636282	497141981	4.0
241842516	497141981	2.0
250318792	497141981	2.0
248177415	497141981	3.0
250457005	497141981	1.0
241825463	497141981	3.0
250309133	497141981	2.0
178231165	497141981	1.0
241855005	497141981	1.0
248177396	497141981	3.0
250319580	497141981	3.0
250003405	497141981	3.0
250310167	497141981	3.0
250310884	497141981	3.0
250312871	497141981	4.0
247914435	497141981	4.0
248177273	497141981	3.0
250372416	497141981	4.0
248177925	497141981	3.0
253908679	253908679	0
271958255	253908679	2.0
538396184	253908679	2.0
118987685	253908679	3.0
539558528	253908679	3.0
253908681	253908679	1.0
313985298	253908679	3.0
314363566	253908679	2.0
315346604	253908679	0.0
241842529	253908679	4.0
299124710	253908679	2.0
538397563	253908679	2.0
250003197	253908679	2.0
484733729	253908679	3.0
516636281	253908679	3.0
516636282	253908679	3.0
241842516	253908679	4.0
250318792	253908679	3.0
248177415	253908679	3.0
250457005	253908679	4.0
241825463	253908679	4.0
250309133	253908679	4.0
178231165	253908679	3.0
241855005	253908679	4.0
248177396	253908679	3.0
250319580	253908679	4.0
250003405	253908679	3.0
250310167	253908679	2.0
250310884	253908679	1.0
250312871	253908679	2.0
247914435	253908679	3.0
248177273	253908679	3.0
250372416	253908679	3.0
248177925	253908679	3.0
271958255	271958255	0
538396184	271958255	0.0
118987685	271958255	4.0
539558528	271958255	4.0
253908681	271958255	2.0
313985298	271958255	3.0
314363566	271958255	3.0
315346604	271958255	2.0
241842529	271958255	4.0
299124710	271958255	3.0
538397563	271958255	1.0
250003197	271958255	3.0
484733729	271958255	2.0
516636281	271958255	2.0
516636282	271958255	2.0
241842516	271958255	4.0
250318792	271958255	3.0
248177415	271958255	3.0
250457005	271958255	4.0
241825463	271958255	4.0
250309133	271958255	4.0
178231165	271958255	4.0
241855005	271958255	4.0
248177396	271958255	3.0
250319580	271958255	3.0
250003405	271958255	2.0
250310167	271958255	2.0
250310884	271958255	2.0
250312871	271958255	1.0
247914435	271958255	3.0
248177273	271958255	3.0
250372416	271958255	4.0
248177925	271958255	3.0
538396184	538396184	0
118987685	538396184	4.0
539558528	538396184	4.0
253908681	538396184	2.0
313985298	538396184	3.0
314363566	538396184	3.0
315346604	538396184	2.0
241842529	538396184	4.0
299124710	538396184	3.0
538397563	538396184	1.0
250003197	538396184	3.0
484733729	538396184	2.0
516636281	538396184	2.0
516636282	538396184	2.0
241842516	538396184	4.0
250318792	538396184	3.0
248177415	538396184	3.0
250457005	538396184	4.0
241825463	538396184	4.0
250309133	538396184	4.0
178231165	538396184	4.0
241855005	538396184	4.0
248177396	538396184	3.0
250319580	538396184	3.0
250003405	538396184	2.0
250310167	538396184	2.0
250310884	538396184	2.0
250312871	538396184	1.0
247914435	538396184	3.0
248177273	538396184	3.0
250372416	538396184	4.0
248177925	538396184	3.0
118987685	118987685	0
539558528	118987685	1.0
253908681	118987685	3.0
313985298	118987685	2.0
314363566	118987685	3.0
315346604	118987685	3.0
241842529	118987685	4.0
299124710	118987685	3.0
538397563	118987685	3.0
250003197	118987685	4.0
484733729	118987685	4.0
516636281	118987685	4.0
516636282	118987685	4.0
241842516	118987685	4.0
250318792	118987685	3.0
248177415	118987685	2.0
250457005	118987685	3.0
241825463	118987685	4.0
250309133	118987685	4.0
178231165	118987685	3.0
241855005	118987685	3.0
248177396	118987685	2.0
250319580	118987685	3.0
250003405	118987685	3.0
250310167	118987685	3.0
250310884	118987685	3.0
250312871	118987685	4.0
247914435	118987685	2.0
248177273	118987685	1.0
250372416	118987685	2.0
248177925	118987685	2.0
539558528	539558528	0
253908681	539558528	3.0
313985298	539558528	2.0
314363566	539558528	3.0
315346604	539558528	3.0
241842529	539558528	4.0
299124710	539558528	3.0
538397563	539558528	3.0
250003197	539558528	4.0
484733729	539558528	4.0
516636281	539558528	4.0
516636282	539558528	4.0
241842516	539558528	4.0
250318792	539558528	3.0
248177415	539558528	2.0
250457005	539558528	4.0
241825463	539558528	4.0
250309133	539558528	4.0
178231165	539558528	3.0
241855005	539558528	4.0
248177396	539558528	2.0
250319580	539558528	3.0
250003405	539558528	4.0
250310167	539558528	3.0
250310884	539558528	3.0
250312871	539558528	4.0
247914435	539558528	2.0
248177273	539558528	2.0
250372416	539558528	1.0
248177925	539558528	2.0
253908681	253908681	0
313985298	253908681	3.0
314363566	253908681	3.0
315346604	253908681	1.0
241842529	253908681	4.0
299124710	253908681	2.0
538397563	253908681	2.0
250003197	253908681	2.0
484733729	253908681	3.0
516636281	253908681	3.0
516636282	253908681	3.0
241842516	253908681	4.0
250318792	253908681	3.0
248177415	253908681	3.0
250457005	253908681	4.0
241825463	253908681	4.0
250309133	253908681	4.0
178231165	253908681	3.0
241855005	253908681	4.0
248177396	253908681	3.0
250319580	253908681	3.0
250003405	253908681	2.0
250310167	253908681	1.0
250310884	253908681	1.0
250312871	253908681	2.0
247914435	253908681	3.0
248177273	253908681	3.0
250372416	253908681	3.0
248177925	253908681	3.0
313985298	313985298	0
314363566	313985298	1.0
315346604	313985298	3.0
241842529	313985298	4.0
299124710	313985298	3.0
538397563	313985298	3.0
250003197	313985298	3.0
484733729	313985298	4.0
516636281	313985298	4.0
516636282	313985298	4.0
241842516	313985298	4.0
250318792	313985298	3.0
248177415	313985298	2.0
250457005	313985298	4.0
241825463	313985298	4.0
250309133	313985298	4.0
178231165	313985298	3.0
241855005	313985298	4.0
248177396	313985298	2.0
250319580	313985298	3.0
250003405	313985298	4.0
250310167	313985298	2.0
250310884	313985298	3.0
250312871	313985298	3.0
247914435	313985298	2.0
248177273	313985298	2.0
250372416	313985298	3.0
248177925	313985298	2.0
314363566	314363566	0
315346604	314363566	2.0
241842529	314363566	4.0
299124710	314363566	3.0
538397563	314363566	3.0
250003197	314363566	3.0
484733729	314363566	4.0
516636281	314363566	4.0
516636282	314363566	4.0
241842516	314363566	4.0
250318792	314363566	3.0
248177415	314363566	3.0
250457005	314363566	4.0
241825463	314363566	4.0
250309133	314363566	4.0
178231165	314363566	4.0
241855005	314363566	4.0
248177396	314363566	3.0
250319580	314363566	3.0
250003405	314363566	4.0
250310167	314363566	2.0
250310884	314363566	3.0
250312871	314363566	4.0
247914435	314363566	3.0
248177273	314363566	3.0
250372416	314363566	3.0
248177925	314363566	3.0
315346604	315346604	0
241842529	315346604	4.0
299124710	315346604	2.0
538397563	315346604	2.0
250003197	315346604	2.0
484733729	315346604	3.0
516636281	315346604	3.0
516636282	315346604	3.0
241842516	315346604	4.0
250318792	315346604	3.0
248177415	315346604	3.0
250457005	315346604	4.0
241825463	315346604	4.0
250309133	315346604	4.0
178231165	315346604	3.0
241855005	315346604	4.0
248177396	315346604	3.0
250319580	315346604	3.0
250003405	315346604	2.0
250310167	315346604	2.0
250310884	315346604	2.0
250312871	315346604	2.0
247914435	315346604	3.0
248177273	315346604	3.0
250372416	315346604	3.0
248177925	315346604	3.0
241842529	241842529	0
299124710	241842529	3.0
538397563	241842529	4.0
250003197	241842529	4.0
484733729	241842529	4.0
516636281	241842529	4.0
516636282	241842529	4.0
241842516	241842529	1.0
250318792	241842529	3.0
248177415	241842529	3.0
250457005	241842529	2.0
241825463	241842529	2.0
250309133	241842529	0.0
178231165	241842529	2.0
241855005	241842529	2.0
248177396	241842529	4.0
250319580	241842529	3.0
250003405	241842529	4.0
250310167	241842529	4.0
250310884	241842529	4.0
250312871	241842529	4.0
247914435	241842529	4.0
248177273	241842529	3.0
250372416	241842529	4.0
248177925	241842529	4.0
299124710	299124710	0
538397563	299124710	3.0
250003197	299124710	2.0
484733729	299124710	3.0
516636281	299124710	3.0
516636282	299124710	3.0
241842516	299124710	3.0
250318792	299124710	2.0
248177415	299124710	2.0
250457005	299124710	3.0
241825463	299124710	4.0
250309133	299124710	3.0
178231165	299124710	2.0
241855005	299124710	3.0
248177396	299124710	2.0
250319580	299124710	3.0
250003405	299124710	2.0
250310167	299124710	2.0
250310884	299124710	2.0
250312871	299124710	3.0
247914435	299124710	4.0
248177273	299124710	2.0
250372416	299124710	3.0
248177925	299124710	2.0
538397563	538397563	0
250003197	538397563	3.0
484733729	538397563	1.0
516636281	538397563	1.0
516636282	538397563	2.0
241842516	538397563	4.0
250318792	538397563	4.0
248177415	538397563	3.0
250457005	538397563	4.0
241825463	538397563	4.0
250309133	538397563	4.0
178231165	538397563	4.0
241855005	538397563	4.0
248177396	538397563	3.0
250319580	538397563	4.0
250003405	538397563	2.0
250310167	538397563	2.0
250310884	538397563	2.0
250312871	538397563	0.0
247914435	538397563	4.0
248177273	538397563	3.0
250372416	538397563	4.0
248177925	538397563	4.0
250003197	250003197	0
484733729	250003197	3.0
516636281	250003197	3.0
516636282	250003197	3.0
241842516	250003197	3.0
250318792	250003197	3.0
248177415	250003197	3.0
250457005	250003197	3.0
241825463	250003197	4.0
250309133	250003197	4.0
178231165	250003197	3.0
241855005	250003197	4.0
248177396	250003197	3.0
250319580	250003197	4.0
250003405	250003197	2.0
250310167	250003197	2.0
250310884	250003197	2.0
250312871	250003197	3.0
247914435	250003197	4.0
248177273	250003197	3.0
250372416	250003197	4.0
248177925	250003197	3.0
484733729	484733729	0
516636281	484733729	0.0
516636282	484733729	1.0
241842516	484733729	4.0
250318792	484733729	4.0
248177415	484733729	4.0
250457005	484733729	4.0
241825463	484733729	4.0
250309133	484733729	4.0
178231165	484733729	4.0
241855005	484733729	4.0
248177396	484733729	4.0
250319580	484733729	4.0
250003405	484733729	3.0
250310167	484733729	3.0
250310884	484733729	3.0
250312871	484733729	1.0
247914435	484733729	4.0
248177273	484733729	4.0
250372416	484733729	4.0
248177925	484733729	4.0
516636281	516636281	0
516636282	516636281	1.0
241842516	516636281	4.0
250318792	516636281	4.0
248177415	516636281	4.0
250457005	516636281	4.0
241825463	516636281	4.0
250309133	516636281	4.0
178231165	516636281	4.0
241855005	516636281	4.0
248177396	516636281	4.0
250319580	516636281	4.0
250003405	516636281	3.0
250310167	516636281	3.0
250310884	516636281	3.0
250312871	516636281	1.0
247914435	516636281	4.0
248177273	516636281	4.0
250372416	516636281	4.0
248177925	516636281	4.0
516636282	516636282	0
241842516	516636282	4.0
250318792	516636282	4.0
248177415	516636282	4.0
250457005	516636282	4.0
241825463	516636282	4.0
250309133	516636282	4.0
178231165	516636282	4.0
241855005	516636282	4.0
248177396	516636282	3.0
250319580	516636282	4.0
250003405	516636282	3.0
250310167	516636282	3.0
250310884	516636282	3.0
250312871	516636282	2.0
247914435	516636282	4.0
248177273	516636282	4.0
250372416	516636282	4.0
248177925	516636282	4.0
241842516	241842516	0
250318792	241842516	3.0
248177415	241842516	3.0
250457005	241842516	2.0
241825463	241842516	2.0
250309133	241842516	2.0
178231165	241842516	3.0
241855005	241842516	2.0
248177396	241842516	4.0
250319580	241842516	3.0
250003405	241842516	4.0
250310167	241842516	4.0
250310884	241842516	4.0
250312871	241842516	4.0
247914435	241842516	4.0
248177273	241842516	3.0
250372416	241842516	4.0
248177925	241842516	4.0
250318792	250318792	0
248177415	250318792	2.0
250457005	250318792	2.0
241825463	250318792	3.0
250309133	250318792	3.0
178231165	250318792	2.0
241855005	250318792	2.0
248177396	250318792	2.0
250319580	250318792	2.0
250003405	250318792	3.0
250310167	250318792	3.0
250310884	250318792	3.0
250312871	250318792	4.0
247914435	250318792	3.0
248177273	250318792	2.0
250372416	250318792	3.0
248177925	250318792	2.0
248177415	248177415	0
250457005	248177415	3.0
241825463	248177415	4.0
250309133	248177415	3.0
178231165	248177415	2.0
241855005	248177415	3.0
248177396	248177415	0.0
250319580	248177415	2.0
250003405	248177415	3.0
250310167	248177415	2.0
250310884	248177415	3.0
250312871	248177415	3.0
247914435	248177415	2.0
248177273	248177415	0.0
250372416	248177415	2.0
248177925	248177415	1.0
250457005	250457005	0
241825463	250457005	2.0
250309133	250457005	3.0
178231165	250457005	1.0
241855005	250457005	0.0
248177396	250457005	3.0
250319580	250457005	3.0
250003405	250457005	3.0
250310167	250457005	3.0
250310884	250457005	3.0
250312871	250457005	4.0
247914435	250457005	4.0
248177273	250457005	3.0
250372416	250457005	4.0
248177925	250457005	3.0
241825463	241825463	0
250309133	241825463	1.0
178231165	241825463	3.0
241855005	241825463	2.0
248177396	241825463	4.0
250319580	241825463	2.0
250003405	241825463	4.0
250310167	241825463	4.0
250310884	241825463	4.0
250312871	241825463	4.0
247914435	241825463	4.0
248177273	241825463	4.0
250372416	241825463	4.0
248177925	241825463	4.0
250309133	250309133	0
178231165	250309133	2.0
241855005	250309133	2.0
248177396	250309133	4.0
250319580	250309133	3.0
250003405	250309133	4.0
250310167	250309133	4.0
250310884	250309133	4.0
250312871	250309133	4.0
247914435	250309133	4.0
248177273	250309133	3.0
250372416	250309133	4.0
248177925	250309133	4.0
178231165	178231165	0
241855005	178231165	1.0
248177396	178231165	3.0
250319580	178231165	2.0
250003405	178231165	3.0
250310167	178231165	3.0
250310884	178231165	3.0
250312871	178231165	4.0
247914435	178231165	3.0
248177273	178231165	2.0
250372416	178231165	4.0
248177925	178231165	3.0
241855005	241855005	0
248177396	241855005	3.0
250319580	241855005	2.0
250003405	241855005	3.0
250310167	241855005	3.0
250310884	241855005	3.0
250312871	241855005	4.0
247914435	241855005	4.0
248177273	241855005	3.0
250372416	241855005	4.0
248177925	241855005	3.0
248177396	248177396	0
250319580	248177396	2.0
250003405	248177396	3.0
250310167	248177396	2.0
250310884	248177396	3.0
250312871	248177396	3.0
247914435	248177396	2.0
248177273	248177396	0.0
250372416	248177396	3.0
248177925	248177396	1.0
250319580	250319580	0
250003405	250319580	4.0
250310167	250319580	3.0
250310884	250319580	4.0
250312871	250319580	4.0
247914435	250319580	3.0
248177273	250319580	2.0
250372416	250319580	3.0
248177925	250319580	3.0
250003405	250003405	0
250310167	250003405	3.0
250310884	250003405	0.0
250312871	250003405	3.0
247914435	250003405	4.0
248177273	250003405	3.0
250372416	250003405	4.0
248177925	250003405	3.0
250310167	250310167	0
250310884	250310167	2.0
250312871	250310167	3.0
247914435	250310167	3.0
248177273	250310167	2.0
250372416	250310167	3.0
248177925	250310167	3.0
250310884	250310884	0
250312871	250310884	3.0
247914435	250310884	3.0
248177273	250310884	3.0
250372416	250310884	4.0
248177925	250310884	3.0
250312871	250312871	0
247914435	250312871	4.0
248177273	250312871	3.0
250372416	250312871	4.0
248177925	250312871	4.0
247914435	247914435	0
248177273	247914435	2.0
250372416	247914435	3.0
248177925	247914435	3.0
248177273	248177273	0
250372416	248177273	2.0
248177925	248177273	1.0
250372416	250372416	0
248177925	250372416	3.0
248177925	248177925	0
