266915765	[-15,37.0,-22.0]	40.78170577058823	-73.95353009411764	0.02323209493173904	1.0	0.1190203542548938	0.22885909159622536	0.7655913978494624	0.6200341753211683
266915771	[-17,38.0,-21.0]	40.7814408	-73.95360996	0.02323209493173904	1.0	0.1190203542548938	0.22885909159622536	0.7655913978494624	0.6200341753211683
266916493	[-5,21.0,-16.0]	40.78205786	-73.950644384	0.02323209493173904	1.0	0.1190203542548938	0.22885909159622536	0.7655913978494624	0.6200341753211683
266916576	[1,8.0,-9.0]	40.78194094285714	-73.94833667619048	0.02323209493173904	1.0	0.1190203542548938	0.22885909159622536	0.7655913978494624	0.6200341753211683
266916753	[6,-4.0,-2.0]	40.7817985625	-73.946176925	0.02323209493173904	1.0	0.1190203542548938	0.22885909159622536	0.7655913978494624	0.6200341753211683
266917003	[-1,14.0,-13.0]	40.78224027317073	-73.94933075121952	0.02323209493173904	1.0	0.1190203542548938	0.22885909159622536	0.7655913978494624	0.6200341753211683
266933297	[-24,46.0,-22.0]	40.78083706666667	-73.95511306666667	0.02323209493173904	1.0	0.1190203542548938	0.22885909159622536	0.7655913978494624	0.6200341753211683
266917837	[4,16.0,-20.0]	40.783450574000014	-73.94984128400002	0.02323209493173904	1.0	0.1190203542548938	0.22885909159622536	0.7655913978494624	0.6200341753211683
266919359	[13,5.0,-18.0]	40.78414750645162	-73.94788052258065	0.02323209493173904	1.0	0.1190203542548938	0.22885909159622536	0.7655913978494624	0.6200341753211683
266919362	[12,10.0,-22.0]	40.784434945833326	-73.94868762916667	0.02323209493173904	1.0	0.1190203542548938	0.22885909159622536	0.7655913978494624	0.6200341753211683
266919366	[13,7.0,-20.0]	40.7843701125	-73.94818939375	0.02323209493173904	1.0	0.1190203542548938	0.22885909159622536	0.7655913978494624	0.6200341753211683
266919369	[12,13.0,-25.0]	40.7847391	-73.949232456	0.02323209493173904	1.0	0.1190203542548938	0.22885909159622536	0.7655913978494624	0.6200341753211683
266919660	[6,20.0,-26.0]	40.78436037272727	-73.95045787272727	0.02323209493173904	1.0	0.1190203542548938	0.22885909159622536	0.7655913978494624	0.6200341753211683
266925431	[-4,47.0,-43.0]	40.78493950666667	-73.95518843333335	0.02323209493173904	1.0	0.1190203542548938	0.22885909159622536	0.7655913978494624	0.6200341753211683
266925434	[-4,45.0,-41.0]	40.784842485714286	-73.95499118571426	0.02323209493173904	1.0	0.1190203542548938	0.22885909159622536	0.7655913978494624	0.6200341753211683
353000931	[-1,20.0,-19.0]	40.7827841125	-73.950408825	0.02323209493173904	1.0	0.1190203542548938	0.22885909159622536	0.7655913978494624	0.6200341753211683
266908182	[3,-14.0,11.0]	40.780211900000005	-73.94443684864866	0.02323209493173904	1.0	0.1190203542548938	0.22885909159622536	0.7655913978494624	0.6200341753211683
266912056	[-18,19.0,-1.0]	40.77920688	-73.95036632	0.02323209493173904	1.0	0.1190203542548938	0.22885909159622536	0.7655913978494624	0.6200341753211683
645931714	[15,-13.0,-2.0]	40.782707099999996	-73.94455696923077	0.02323209493173904	1.0	0.1190203542548938	0.22885909159622536	0.7655913978494624	0.6200341753211683
651661747	[-1,17.0,-16.0]	40.78252328	-73.94998366	0.02323209493173904	1.0	0.1190203542548938	0.22885909159622536	0.7655913978494624	0.6200341753211683
225189081	[10,23.0,-33.0]	40.78534906	-73.9510798	0.02323209493173904	1.0	0.1190203542548938	0.22885909159622536	0.7655913978494624	0.6200341753211683
353220069	[10,20.0,-30.0]	40.78502196666667	-73.95050305000001	0.02323209493173904	1.0	0.1190203542548938	0.22885909159622536	0.7655913978494624	0.6200341753211683
32960055	[-4,-15.0,19.0]	40.77862888	-73.94428471999998	0.02323209493173904	1.0	0.1190203542548938	0.22885909159622536	0.7655913978494624	0.6200341753211683
423874272	[-5,-20.0,25.0]	40.77786636	-73.94333582	0.02323209493173904	1.0	0.1190203542548938	0.22885909159622536	0.7655913978494624	0.6200341753211683
266912172	[-20,13.0,7.0]	40.778234925	-73.9491784375	0.02323209493173904	1.0	0.1190203542548938	0.22885909159622536	0.7655913978494624	0.6200341753211683
266915281	[-3,3.0,0.0]	40.780633310000006	-73.94749397000001	0.02323209493173904	1.0	0.1190203542548938	0.22885909159622536	0.7655913978494624	0.6200341753211683
266919060	[15,-4.0,-11.0]	40.783675823809524	-73.94630724285715	0.02323209493173904	1.0	0.1190203542548938	0.22885909159622536	0.7655913978494624	0.6200341753211683
266938619	[-20,60.0,-40.0]	40.782948533333325	-73.95829813333333	0.02323209493173904	1.0	0.1190203542548938	0.22885909159622536	0.7655913978494624	0.6200341753211683
266940106	[4,38.0,-42.0]	40.7857117496774	-73.95366070064513	0.02323209493173904	1.0	0.1190203542548938	0.22885909159622536	0.7655913978494624	0.6200341753211683
266940394	[8,46.0,-54.0]	40.78727154285714	-73.95504700714287	0.02323209493173904	1.0	0.1190203542548938	0.22885909159622536	0.7655913978494624	0.6200341753211683
335037490	[10,-1.0,-9.0]	40.78301386	-73.94678737999999	0.02323209493173904	1.0	0.1190203542548938	0.22885909159622536	0.7655913978494624	0.6200341753211683
266919101	[15,-6.0,-9.0]	40.783365607407404	-73.94590086666666	0.02323209493173904	1.0	0.1190203542548938	0.22885909159622536	0.7655913978494624	0.6200341753211683
353000933	[-9,18.0,-9.0]	40.78090536	-73.95013778	0.02323209493173904	1.0	0.1190203542548938	0.22885909159622536	0.7655913978494624	0.6200341753211683
651661740	[-4,15.0,-11.0]	40.781771299999996	-73.9496475909091	0.02323209493173904	1.0	0.1190203542548938	0.22885909159622536	0.7655913978494624	0.6200341753211683
604270840	[11,-11.0,0.0]	40.7821641875	-73.9450639125	0.02323209493173904	1.0	0.1190203542548938	0.22885909159622536	0.7655913978494624	0.6200341753211683
170149134	[-20,60.0,-40.0]	40.78301621111111	-73.95888771666667	0.02323209493173904	1.0	0.1190203542548938	0.22885909159622536	0.7655913978494624	0.6200341753211683
266924969	[11,27.0,-38.0]	40.78593623333334	-73.95178855	0.02323209493173904	1.0	0.1190203542548938	0.22885909159622536	0.7655913978494624	0.6200341753211683
266926167	[-11,56.0,-45.0]	40.78451315454545	-73.95694017272727	0.02323209493173904	1.0	0.1190203542548938	0.22885909159622536	0.7655913978494624	0.6200341753211683
266907783	[-1,-16.0,17.0]	40.77912273770491	-73.94397554098359	0.02323209493173904	1.0	0.1190203542548938	0.22885909159622536	0.7655913978494624	0.6200341753211683
599904950	[3,7.0,-10.0]	40.782300155555546	-73.94816279999999	0.02323209493173904	1.0	0.1190203542548938	0.22885909159622536	0.7655913978494624	0.6200341753211683
266926268	[-19,60.0,-41.0]	40.78330287692308	-73.95803660000001	0.02323209493173904	1.0	0.1190203542548938	0.22885909159622536	0.7655913978494624	0.6200341753211683
622800789	[15,-10.0,-5.0]	40.783056439999996	-73.94519587999999	0.02323209493173904	1.0	0.1190203542548938	0.22885909159622536	0.7655913978494624	0.6200341753211683
266912598	[-24,31.0,-7.0]	40.779243735	-73.95243998000001	0.02323209493173904	1.0	0.1190203542548938	0.22885909159622536	0.7655913978494624	0.6200341753211683
266915759	[-13,23.0,-10.0]	40.78064875333334	-73.95091974	0.02323209493173904	1.0	0.1190203542548938	0.22885909159622536	0.7655913978494624	0.6200341753211683
266933299	[-24,45.0,-21.0]	40.78070347142857	-73.9549834142857	0.02323209493173904	1.0	0.1190203542548938	0.22885909159622536	0.7655913978494624	0.6200341753211683
295335317	[-20,15.0,5.0]	40.778335096296296	-73.94957814074074	0.02323209493173904	1.0	0.1190203542548938	0.22885909159622536	0.7655913978494624	0.6200341753211683
266925678	[-9,46.0,-37.0]	40.78376457692308	-73.95511197692306	0.02323209493173904	1.0	0.1190203542548938	0.22885909159622536	0.7655913978494624	0.6200341753211683
266926166	[-17,60.0,-43.0]	40.78371622727273	-73.95827463181818	0.02323209493173904	1.0	0.1190203542548938	0.22885909159622536	0.7655913978494624	0.6200341753211683
266926556	[-19,55.0,-36.0]	40.78273837333333	-73.95677106	0.02323209493173904	1.0	0.1190203542548938	0.22885909159622536	0.7655913978494624	0.6200341753211683
266915765	266915765	0
266915771	266915765	2.0
266916493	266915765	1.0
266916576	266915765	2.0
266916753	266915765	3.0
266917003	266915765	2.0
266933297	266915765	2.0
266917837	266915765	2.0
266919359	266915765	2.0
266919362	266915765	2.0
266919366	266915765	2.0
266919369	266915765	2.0
266919660	266915765	2.0
266925431	266915765	2.0
266925434	266915765	2.0
353000931	266915765	2.0
266908182	266915765	3.0
266912056	266915765	2.0
645931714	266915765	3.0
651661747	266915765	1.0
225189081	266915765	2.0
353220069	266915765	2.0
32960055	266915765	3.0
423874272	266915765	3.0
266912172	266915765	2.0
266915281	266915765	2.0
266919060	266915765	3.0
266938619	266915765	3.0
266940106	266915765	2.0
266940394	266915765	3.0
335037490	266915765	3.0
266919101	266915765	3.0
353000933	266915765	1.0
651661740	266915765	2.0
604270840	266915765	3.0
170149134	266915765	2.0
266924969	266915765	2.0
266926167	266915765	2.0
266907783	266915765	3.0
599904950	266915765	2.0
266926268	266915765	3.0
622800789	266915765	3.0
266912598	266915765	2.0
266915759	266915765	1.0
266933299	266915765	2.0
295335317	266915765	2.0
266925678	266915765	1.0
266926166	266915765	2.0
266926556	266915765	2.0
266915771	266915771	0
266916493	266915771	2.0
266916576	266915771	2.0
266916753	266915771	3.0
266917003	266915771	2.0
266933297	266915771	1.0
266917837	266915771	3.0
266919359	266915771	3.0
266919362	266915771	3.0
266919366	266915771	3.0
266919369	266915771	3.0
266919660	266915771	2.0
266925431	266915771	2.0
266925434	266915771	2.0
353000931	266915771	3.0
266908182	266915771	3.0
266912056	266915771	2.0
645931714	266915771	3.0
651661747	266915771	2.0
225189081	266915771	3.0
353220069	266915771	3.0
32960055	266915771	3.0
423874272	266915771	4.0
266912172	266915771	2.0
266915281	266915771	2.0
266919060	266915771	3.0
266938619	266915771	2.0
266940106	266915771	2.0
266940394	266915771	3.0
335037490	266915771	3.0
266919101	266915771	3.0
353000933	266915771	2.0
651661740	266915771	2.0
604270840	266915771	3.0
170149134	266915771	2.0
266924969	266915771	3.0
266926167	266915771	2.0
266907783	266915771	4.0
599904950	266915771	2.0
266926268	266915771	2.0
622800789	266915771	3.0
266912598	266915771	1.0
266915759	266915771	2.0
266933299	266915771	0.0
295335317	266915771	2.0
266925678	266915771	2.0
266926166	266915771	2.0
266926556	266915771	1.0
266916493	266916493	0
266916576	266916493	2.0
266916753	266916493	2.0
266917003	266916493	0.0
266933297	266916493	2.0
266917837	266916493	3.0
266919359	266916493	2.0
266919362	266916493	2.0
266919366	266916493	2.0
266919369	266916493	2.0
266919660	266916493	2.0
266925431	266916493	3.0
266925434	266916493	3.0
353000931	266916493	2.0
266908182	266916493	2.0
266912056	266916493	2.0
645931714	266916493	2.0
651661747	266916493	0.0
225189081	266916493	2.0
353220069	266916493	2.0
32960055	266916493	3.0
423874272	266916493	3.0
266912172	266916493	2.0
266915281	266916493	2.0
266919060	266916493	3.0
266938619	266916493	3.0
266940106	266916493	2.0
266940394	266916493	3.0
335037490	266916493	2.0
266919101	266916493	2.0
353000933	266916493	2.0
651661740	266916493	0.0
604270840	266916493	2.0
170149134	266916493	3.0
266924969	266916493	2.0
266926167	266916493	3.0
266907783	266916493	2.0
599904950	266916493	2.0
266926268	266916493	3.0
622800789	266916493	2.0
266912598	266916493	2.0
266915759	266916493	2.0
266933299	266916493	3.0
295335317	266916493	2.0
266925678	266916493	2.0
266926166	266916493	3.0
266926556	266916493	3.0
266916576	266916576	0
266916753	266916576	2.0
266917003	266916576	2.0
266933297	266916576	3.0
266917837	266916576	1.0
266919359	266916576	3.0
266919362	266916576	3.0
266919366	266916576	3.0
266919369	266916576	3.0
266919660	266916576	1.0
266925431	266916576	2.0
266925434	266916576	2.0
353000931	266916576	0.0
266908182	266916576	2.0
266912056	266916576	2.0
645931714	266916576	2.0
651661747	266916576	2.0
225189081	266916576	2.0
353220069	266916576	2.0
32960055	266916576	2.0
423874272	266916576	3.0
266912172	266916576	2.0
266915281	266916576	2.0
266919060	266916576	2.0
266938619	266916576	3.0
266940106	266916576	3.0
266940394	266916576	3.0
335037490	266916576	2.0
266919101	266916576	3.0
353000933	266916576	2.0
651661740	266916576	2.0
604270840	266916576	2.0
170149134	266916576	4.0
266924969	266916576	2.0
266926167	266916576	3.0
266907783	266916576	2.0
599904950	266916576	0.0
266926268	266916576	3.0
622800789	266916576	2.0
266912598	266916576	2.0
266915759	266916576	2.0
266933299	266916576	3.0
295335317	266916576	2.0
266925678	266916576	2.0
266926166	266916576	3.0
266926556	266916576	3.0
266916753	266916753	0
266917003	266916753	2.0
266933297	266916753	3.0
266917837	266916753	2.0
266919359	266916753	2.0
266919362	266916753	2.0
266919366	266916753	2.0
266919369	266916753	2.0
266919660	266916753	3.0
266925431	266916753	3.0
266925434	266916753	3.0
353000931	266916753	2.0
266908182	266916753	1.0
266912056	266916753	2.0
645931714	266916753	1.0
651661747	266916753	2.0
225189081	266916753	3.0
353220069	266916753	2.0
32960055	266916753	3.0
423874272	266916753	3.0
266912172	266916753	2.0
266915281	266916753	2.0
266919060	266916753	1.0
266938619	266916753	4.0
266940106	266916753	3.0
266940394	266916753	3.0
335037490	266916753	1.0
266919101	266916753	1.0
353000933	266916753	2.0
651661740	266916753	2.0
604270840	266916753	0.0
170149134	266916753	4.0
266924969	266916753	3.0
266926167	266916753	4.0
266907783	266916753	2.0
599904950	266916753	2.0
266926268	266916753	4.0
622800789	266916753	0.0
266912598	266916753	3.0
266915759	266916753	2.0
266933299	266916753	3.0
295335317	266916753	2.0
266925678	266916753	3.0
266926166	266916753	3.0
266926556	266916753	3.0
266917003	266917003	0
266933297	266917003	2.0
266917837	266917003	3.0
266919359	266917003	3.0
266919362	266917003	3.0
266919366	266917003	3.0
266919369	266917003	2.0
266919660	266917003	2.0
266925431	266917003	3.0
266925434	266917003	3.0
353000931	266917003	2.0
266908182	266917003	2.0
266912056	266917003	2.0
645931714	266917003	2.0
651661747	266917003	0.0
225189081	266917003	2.0
353220069	266917003	2.0
32960055	266917003	2.0
423874272	266917003	3.0
266912172	266917003	2.0
266915281	266917003	2.0
266919060	266917003	2.0
266938619	266917003	3.0
266940106	266917003	2.0
266940394	266917003	3.0
335037490	266917003	2.0
266919101	266917003	2.0
353000933	266917003	2.0
651661740	266917003	0.0
604270840	266917003	2.0
170149134	266917003	3.0
266924969	266917003	2.0
266926167	266917003	3.0
266907783	266917003	2.0
599904950	266917003	2.0
266926268	266917003	3.0
622800789	266917003	2.0
266912598	266917003	2.0
266915759	266917003	2.0
266933299	266917003	2.0
295335317	266917003	2.0
266925678	266917003	2.0
266926166	266917003	3.0
266926556	266917003	3.0
266933297	266933297	0
266917837	266933297	2.0
266919359	266933297	3.0
266919362	266933297	3.0
266919366	266933297	3.0
266919369	266933297	3.0
266919660	266933297	2.0
266925431	266933297	3.0
266925434	266933297	3.0
353000931	266933297	3.0
266908182	266933297	3.0
266912056	266933297	2.0
645931714	266933297	3.0
651661747	266933297	2.0
225189081	266933297	3.0
353220069	266933297	3.0
32960055	266933297	3.0
423874272	266933297	3.0
266912172	266933297	2.0
266915281	266933297	3.0
266919060	266933297	3.0
266938619	266933297	2.0
266940106	266933297	2.0
266940394	266933297	3.0
335037490	266933297	3.0
266919101	266933297	3.0
353000933	266933297	2.0
651661740	266933297	2.0
604270840	266933297	3.0
170149134	266933297	2.0
266924969	266933297	3.0
266926167	266933297	2.0
266907783	266933297	4.0
599904950	266933297	3.0
266926268	266933297	2.0
622800789	266933297	3.0
266912598	266933297	2.0
266915759	266933297	2.0
266933299	266933297	0.0
295335317	266933297	2.0
266925678	266933297	1.0
266926166	266933297	2.0
266926556	266933297	2.0
266917837	266917837	0
266919359	266917837	2.0
266919362	266917837	2.0
266919366	266917837	2.0
266919369	266917837	2.0
266919660	266917837	2.0
266925431	266917837	2.0
266925434	266917837	2.0
353000931	266917837	0.0
266908182	266917837	2.0
266912056	266917837	2.0
645931714	266917837	2.0
651661747	266917837	3.0
225189081	266917837	1.0
353220069	266917837	1.0
32960055	266917837	3.0
423874272	266917837	3.0
266912172	266917837	3.0
266915281	266917837	3.0
266919060	266917837	2.0
266938619	266917837	3.0
266940106	266917837	2.0
266940394	266917837	2.0
335037490	266917837	2.0
266919101	266917837	2.0
353000933	266917837	2.0
651661740	266917837	3.0
604270840	266917837	2.0
170149134	266917837	3.0
266924969	266917837	2.0
266926167	266917837	3.0
266907783	266917837	3.0
599904950	266917837	1.0
266926268	266917837	3.0
622800789	266917837	2.0
266912598	266917837	2.0
266915759	266917837	3.0
266933299	266917837	3.0
295335317	266917837	2.0
266925678	266917837	3.0
266926166	266917837	3.0
266926556	266917837	3.0
266919359	266919359	0
266919362	266919359	0.0
266919366	266919359	0.0
266919369	266919359	0.0
266919660	266919359	2.0
266925431	266919359	3.0
266925434	266919359	3.0
353000931	266919359	3.0
266908182	266919359	3.0
266912056	266919359	3.0
645931714	266919359	2.0
651661747	266919359	3.0
225189081	266919359	2.0
353220069	266919359	1.0
32960055	266919359	3.0
423874272	266919359	3.0
266912172	266919359	3.0
266915281	266919359	3.0
266919060	266919359	2.0
266938619	266919359	3.0
266940106	266919359	2.0
266940394	266919359	2.0
335037490	266919359	1.0
266919101	266919359	2.0
353000933	266919359	3.0
651661740	266919359	3.0
604270840	266919359	2.0
170149134	266919359	3.0
266924969	266919359	2.0
266926167	266919359	3.0
266907783	266919359	3.0
599904950	266919359	3.0
266926268	266919359	3.0
622800789	266919359	2.0
266912598	266919359	3.0
266915759	266919359	3.0
266933299	266919359	3.0
295335317	266919359	3.0
266925678	266919359	3.0
266926166	266919359	3.0
266926556	266919359	3.0
266919362	266919362	0
266919366	266919362	0.0
266919369	266919362	0.0
266919660	266919362	2.0
266925431	266919362	3.0
266925434	266919362	3.0
353000931	266919362	3.0
266908182	266919362	3.0
266912056	266919362	3.0
645931714	266919362	2.0
651661747	266919362	2.0
225189081	266919362	2.0
353220069	266919362	1.0
32960055	266919362	3.0
423874272	266919362	3.0
266912172	266919362	3.0
266915281	266919362	3.0
266919060	266919362	2.0
266938619	266919362	3.0
266940106	266919362	2.0
266940394	266919362	2.0
335037490	266919362	1.0
266919101	266919362	2.0
353000933	266919362	3.0
651661740	266919362	3.0
604270840	266919362	2.0
170149134	266919362	3.0
266924969	266919362	2.0
266926167	266919362	3.0
266907783	266919362	3.0
599904950	266919362	3.0
266926268	266919362	3.0
622800789	266919362	2.0
266912598	266919362	3.0
266915759	266919362	3.0
266933299	266919362	3.0
295335317	266919362	3.0
266925678	266919362	3.0
266926166	266919362	3.0
266926556	266919362	3.0
266919366	266919366	0
266919369	266919366	0.0
266919660	266919366	2.0
266925431	266919366	3.0
266925434	266919366	3.0
353000931	266919366	3.0
266908182	266919366	3.0
266912056	266919366	3.0
645931714	266919366	2.0
651661747	266919366	2.0
225189081	266919366	2.0
353220069	266919366	1.0
32960055	266919366	3.0
423874272	266919366	3.0
266912172	266919366	3.0
266915281	266919366	3.0
266919060	266919366	2.0
266938619	266919366	3.0
266940106	266919366	2.0
266940394	266919366	2.0
335037490	266919366	1.0
266919101	266919366	2.0
353000933	266919366	3.0
651661740	266919366	3.0
604270840	266919366	2.0
170149134	266919366	3.0
266924969	266919366	2.0
266926167	266919366	3.0
266907783	266919366	3.0
599904950	266919366	3.0
266926268	266919366	3.0
622800789	266919366	2.0
266912598	266919366	3.0
266915759	266919366	3.0
266933299	266919366	3.0
295335317	266919366	3.0
266925678	266919366	3.0
266926166	266919366	3.0
266926556	266919366	3.0
266919369	266919369	0
266919660	266919369	2.0
266925431	266919369	3.0
266925434	266919369	3.0
353000931	266919369	2.0
266908182	266919369	3.0
266912056	266919369	3.0
645931714	266919369	2.0
651661747	266919369	2.0
225189081	266919369	1.0
353220069	266919369	0.0
32960055	266919369	3.0
423874272	266919369	3.0
266912172	266919369	3.0
266915281	266919369	3.0
266919060	266919369	1.0
266938619	266919369	3.0
266940106	266919369	2.0
266940394	266919369	2.0
335037490	266919369	1.0
266919101	266919369	2.0
353000933	266919369	3.0
651661740	266919369	2.0
604270840	266919369	2.0
170149134	266919369	3.0
266924969	266919369	1.0
266926167	266919369	3.0
266907783	266919369	3.0
599904950	266919369	3.0
266926268	266919369	3.0
622800789	266919369	2.0
266912598	266919369	3.0
266915759	266919369	3.0
266933299	266919369	3.0
295335317	266919369	3.0
266925678	266919369	3.0
266926166	266919369	3.0
266926556	266919369	3.0
266919660	266919660	0
266925431	266919660	2.0
266925434	266919660	2.0
353000931	266919660	0.0
266908182	266919660	2.0
266912056	266919660	3.0
645931714	266919660	2.0
651661747	266919660	2.0
225189081	266919660	1.0
353220069	266919660	0.0
32960055	266919660	3.0
423874272	266919660	3.0
266912172	266919660	3.0
266915281	266919660	3.0
266919060	266919660	2.0
266938619	266919660	3.0
266940106	266919660	1.0
266940394	266919660	2.0
335037490	266919660	2.0
266919101	266919660	2.0
353000933	266919660	2.0
651661740	266919660	2.0
604270840	266919660	3.0
170149134	266919660	3.0
266924969	266919660	1.0
266926167	266919660	3.0
266907783	266919660	3.0
599904950	266919660	1.0
266926268	266919660	3.0
622800789	266919660	2.0
266912598	266919660	2.0
266915759	266919660	3.0
266933299	266919660	2.0
295335317	266919660	3.0
266925678	266919660	2.0
266926166	266919660	3.0
266926556	266919660	3.0
266925431	266925431	0
266925434	266925431	0.0
353000931	266925431	2.0
266908182	266925431	3.0
266912056	266925431	3.0
645931714	266925431	3.0
651661747	266925431	3.0
225189081	266925431	2.0
353220069	266925431	2.0
32960055	266925431	4.0
423874272	266925431	4.0
266912172	266925431	3.0
266915281	266925431	3.0
266919060	266925431	3.0
266938619	266925431	3.0
266940106	266925431	1.0
266940394	266925431	1.0
335037490	266925431	3.0
266919101	266925431	3.0
353000933	266925431	3.0
651661740	266925431	3.0
604270840	266925431	3.0
170149134	266925431	2.0
266924969	266925431	2.0
266926167	266925431	2.0
266907783	266925431	4.0
599904950	266925431	2.0
266926268	266925431	3.0
622800789	266925431	3.0
266912598	266925431	3.0
266915759	266925431	3.0
266933299	266925431	2.0
295335317	266925431	3.0
266925678	266925431	2.0
266926166	266925431	2.0
266926556	266925431	2.0
266925434	266925434	0
353000931	266925434	2.0
266908182	266925434	3.0
266912056	266925434	3.0
645931714	266925434	3.0
651661747	266925434	3.0
225189081	266925434	2.0
353220069	266925434	2.0
32960055	266925434	4.0
423874272	266925434	4.0
266912172	266925434	3.0
266915281	266925434	3.0
266919060	266925434	3.0
266938619	266925434	3.0
266940106	266925434	0.0
266940394	266925434	1.0
335037490	266925434	3.0
266919101	266925434	3.0
353000933	266925434	3.0
651661740	266925434	3.0
604270840	266925434	3.0
170149134	266925434	2.0
266924969	266925434	2.0
266926167	266925434	2.0
266907783	266925434	4.0
599904950	266925434	2.0
266926268	266925434	3.0
622800789	266925434	3.0
266912598	266925434	3.0
266915759	266925434	3.0
266933299	266925434	2.0
295335317	266925434	3.0
266925678	266925434	2.0
266926166	266925434	2.0
266926556	266925434	2.0
353000931	353000931	0
266908182	353000931	2.0
266912056	353000931	3.0
645931714	353000931	3.0
651661747	353000931	2.0
225189081	353000931	2.0
353220069	353000931	1.0
32960055	353000931	3.0
423874272	353000931	3.0
266912172	353000931	3.0
266915281	353000931	3.0
266919060	353000931	2.0
266938619	353000931	3.0
266940106	353000931	2.0
266940394	353000931	3.0
335037490	353000931	2.0
266919101	353000931	2.0
353000933	353000931	2.0
651661740	353000931	2.0
604270840	353000931	2.0
170149134	353000931	3.0
266924969	353000931	2.0
266926167	353000931	2.0
266907783	353000931	3.0
599904950	353000931	0.0
266926268	353000931	3.0
622800789	353000931	2.0
266912598	353000931	3.0
266915759	353000931	2.0
266933299	353000931	2.0
295335317	353000931	3.0
266925678	353000931	2.0
266926166	353000931	3.0
266926556	353000931	2.0
266908182	266908182	0
266912056	266908182	2.0
645931714	266908182	1.0
651661747	266908182	2.0
225189081	266908182	3.0
353220069	266908182	3.0
32960055	266908182	1.0
423874272	266908182	1.0
266912172	266908182	2.0
266915281	266908182	2.0
266919060	266908182	2.0
266938619	266908182	4.0
266940106	266908182	3.0
266940394	266908182	3.0
335037490	266908182	2.0
266919101	266908182	2.0
353000933	266908182	2.0
651661740	266908182	2.0
604270840	266908182	1.0
170149134	266908182	4.0
266924969	266908182	3.0
266926167	266908182	4.0
266907783	266908182	0.0
599904950	266908182	2.0
266926268	266908182	4.0
622800789	266908182	2.0
266912598	266908182	3.0
266915759	266908182	2.0
266933299	266908182	3.0
295335317	266908182	2.0
266925678	266908182	3.0
266926166	266908182	4.0
266926556	266908182	4.0
266912056	266912056	0
645931714	266912056	3.0
651661747	266912056	2.0
225189081	266912056	3.0
353220069	266912056	3.0
32960055	266912056	2.0
423874272	266912056	2.0
266912172	266912056	0.0
266915281	266912056	2.0
266919060	266912056	2.0
266938619	266912056	3.0
266940106	266912056	3.0
266940394	266912056	3.0
335037490	266912056	2.0
266919101	266912056	3.0
353000933	266912056	1.0
651661740	266912056	2.0
604270840	266912056	2.0
170149134	266912056	3.0
266924969	266912056	3.0
266926167	266912056	3.0
266907783	266912056	3.0
599904950	266912056	2.0
266926268	266912056	3.0
622800789	266912056	3.0
266912598	266912056	2.0
266915759	266912056	1.0
266933299	266912056	2.0
295335317	266912056	0.0
266925678	266912056	3.0
266926166	266912056	3.0
266926556	266912056	3.0
645931714	645931714	0
651661747	645931714	2.0
225189081	645931714	3.0
353220069	645931714	3.0
32960055	645931714	2.0
423874272	645931714	2.0
266912172	645931714	3.0
266915281	645931714	2.0
266919060	645931714	1.0
266938619	645931714	4.0
266940106	645931714	3.0
266940394	645931714	3.0
335037490	645931714	2.0
266919101	645931714	0.0
353000933	645931714	3.0
651661740	645931714	2.0
604270840	645931714	1.0
170149134	645931714	4.0
266924969	645931714	2.0
266926167	645931714	4.0
266907783	645931714	1.0
599904950	645931714	2.0
266926268	645931714	4.0
622800789	645931714	0.0
266912598	645931714	3.0
266915759	645931714	3.0
266933299	645931714	3.0
295335317	645931714	3.0
266925678	645931714	3.0
266926166	645931714	4.0
266926556	645931714	4.0
651661747	651661747	0
225189081	651661747	2.0
353220069	651661747	2.0
32960055	651661747	2.0
423874272	651661747	3.0
266912172	651661747	2.0
266915281	651661747	2.0
266919060	651661747	3.0
266938619	651661747	3.0
266940106	651661747	2.0
266940394	651661747	3.0
335037490	651661747	2.0
266919101	651661747	2.0
353000933	651661747	2.0
651661740	651661747	0.0
604270840	651661747	2.0
170149134	651661747	3.0
266924969	651661747	2.0
266926167	651661747	3.0
266907783	651661747	2.0
599904950	651661747	2.0
266926268	651661747	3.0
622800789	651661747	2.0
266912598	651661747	2.0
266915759	651661747	2.0
266933299	651661747	3.0
295335317	651661747	2.0
266925678	651661747	2.0
266926166	651661747	3.0
266926556	651661747	3.0
225189081	225189081	0
353220069	225189081	2.0
32960055	225189081	3.0
423874272	225189081	4.0
266912172	225189081	3.0
266915281	225189081	3.0
266919060	225189081	2.0
266938619	225189081	3.0
266940106	225189081	1.0
266940394	225189081	2.0
335037490	225189081	2.0
266919101	225189081	2.0
353000933	225189081	2.0
651661740	225189081	2.0
604270840	225189081	2.0
170149134	225189081	3.0
266924969	225189081	0.0
266926167	225189081	2.0
266907783	225189081	3.0
599904950	225189081	2.0
266926268	225189081	3.0
622800789	225189081	2.0
266912598	225189081	3.0
266915759	225189081	2.0
266933299	225189081	2.0
295335317	225189081	3.0
266925678	225189081	2.0
266926166	225189081	3.0
266926556	225189081	2.0
353220069	353220069	0
32960055	353220069	3.0
423874272	353220069	4.0
266912172	353220069	3.0
266915281	353220069	3.0
266919060	353220069	2.0
266938619	353220069	3.0
266940106	353220069	1.0
266940394	353220069	2.0
335037490	353220069	2.0
266919101	353220069	2.0
353000933	353220069	3.0
651661740	353220069	2.0
604270840	353220069	2.0
170149134	353220069	3.0
266924969	353220069	1.0
266926167	353220069	3.0
266907783	353220069	3.0
599904950	353220069	2.0
266926268	353220069	3.0
622800789	353220069	2.0
266912598	353220069	3.0
266915759	353220069	2.0
266933299	353220069	2.0
295335317	353220069	3.0
266925678	353220069	2.0
266926166	353220069	3.0
266926556	353220069	3.0
32960055	32960055	0
423874272	32960055	0.0
266912172	32960055	2.0
266915281	32960055	2.0
266919060	32960055	2.0
266938619	32960055	4.0
266940106	32960055	4.0
266940394	32960055	4.0
335037490	32960055	3.0
266919101	32960055	2.0
353000933	32960055	2.0
651661740	32960055	2.0
604270840	32960055	3.0
170149134	32960055	4.0
266924969	32960055	3.0
266926167	32960055	4.0
266907783	32960055	2.0
599904950	32960055	2.0
266926268	32960055	4.0
622800789	32960055	2.0
266912598	32960055	3.0
266915759	32960055	2.0
266933299	32960055	3.0
295335317	32960055	2.0
266925678	32960055	4.0
266926166	32960055	4.0
266926556	32960055	4.0
423874272	423874272	0
266912172	423874272	2.0
266915281	423874272	2.0
266919060	423874272	3.0
266938619	423874272	4.0
266940106	423874272	4.0
266940394	423874272	4.0
335037490	423874272	3.0
266919101	423874272	3.0
353000933	423874272	2.0
651661740	423874272	3.0
604270840	423874272	3.0
170149134	423874272	4.0
266924969	423874272	3.0
266926167	423874272	4.0
266907783	423874272	2.0
599904950	423874272	3.0
266926268	423874272	4.0
622800789	423874272	3.0
266912598	423874272	3.0
266915759	423874272	2.0
266933299	423874272	3.0
295335317	423874272	2.0
266925678	423874272	4.0
266926166	423874272	4.0
266926556	423874272	4.0
266912172	266912172	0
266915281	266912172	1.0
266919060	266912172	3.0
266938619	266912172	3.0
266940106	266912172	3.0
266940394	266912172	3.0
335037490	266912172	2.0
266919101	266912172	2.0
353000933	266912172	1.0
651661740	266912172	2.0
604270840	266912172	2.0
170149134	266912172	3.0
266924969	266912172	3.0
266926167	266912172	4.0
266907783	266912172	2.0
599904950	266912172	2.0
266926268	266912172	3.0
622800789	266912172	2.0
266912598	266912172	2.0
266915759	266912172	2.0
266933299	266912172	3.0
295335317	266912172	0.0
266925678	266912172	3.0
266926166	266912172	3.0
266926556	266912172	3.0
266915281	266915281	0
266919060	266915281	3.0
266938619	266915281	3.0
266940106	266915281	3.0
266940394	266915281	4.0
335037490	266915281	3.0
266919101	266915281	3.0
353000933	266915281	2.0
651661740	266915281	2.0
604270840	266915281	3.0
170149134	266915281	4.0
266924969	266915281	3.0
266926167	266915281	4.0
266907783	266915281	3.0
599904950	266915281	2.0
266926268	266915281	3.0
622800789	266915281	3.0
266912598	266915281	2.0
266915759	266915281	2.0
266933299	266915281	2.0
295335317	266915281	1.0
266925678	266915281	3.0
266926166	266915281	3.0
266926556	266915281	3.0
266919060	266919060	0
266938619	266919060	3.0
266940106	266919060	2.0
266940394	266919060	3.0
335037490	266919060	2.0
266919101	266919060	0.0
353000933	266919060	3.0
651661740	266919060	2.0
604270840	266919060	1.0
170149134	266919060	3.0
266924969	266919060	2.0
266926167	266919060	3.0
266907783	266919060	2.0
599904950	266919060	2.0
266926268	266919060	3.0
622800789	266919060	0.0
266912598	266919060	3.0
266915759	266919060	3.0
266933299	266919060	3.0
295335317	266919060	3.0
266925678	266919060	3.0
266926166	266919060	3.0
266926556	266919060	3.0
266938619	266938619	0
266940106	266938619	2.0
266940394	266938619	3.0
335037490	266938619	3.0
266919101	266938619	3.0
353000933	266938619	3.0
651661740	266938619	3.0
604270840	266938619	4.0
170149134	266938619	0.0
266924969	266938619	3.0
266926167	266938619	2.0
266907783	266938619	4.0
599904950	266938619	3.0
266926268	266938619	0.0
622800789	266938619	3.0
266912598	266938619	3.0
266915759	266938619	3.0
266933299	266938619	2.0
295335317	266938619	3.0
266925678	266938619	2.0
266926166	266938619	2.0
266926556	266938619	0.0
266940106	266940106	0
266940394	266940106	1.0
335037490	266940106	3.0
266919101	266940106	2.0
353000933	266940106	3.0
651661740	266940106	2.0
604270840	266940106	3.0
170149134	266940106	2.0
266924969	266940106	1.0
266926167	266940106	2.0
266907783	266940106	3.0
599904950	266940106	3.0
266926268	266940106	2.0
622800789	266940106	3.0
266912598	266940106	3.0
266915759	266940106	3.0
266933299	266940106	2.0
295335317	266940106	3.0
266925678	266940106	1.0
266926166	266940106	2.0
266926556	266940106	2.0
266940394	266940394	0
335037490	266940394	3.0
266919101	266940394	3.0
353000933	266940394	3.0
651661740	266940394	3.0
604270840	266940394	3.0
170149134	266940394	2.0
266924969	266940394	1.0
266926167	266940394	3.0
266907783	266940394	3.0
599904950	266940394	3.0
266926268	266940394	3.0
622800789	266940394	3.0
266912598	266940394	3.0
266915759	266940394	3.0
266933299	266940394	3.0
295335317	266940394	3.0
266925678	266940394	2.0
266926166	266940394	2.0
266926556	266940394	2.0
335037490	335037490	0
266919101	335037490	2.0
353000933	335037490	3.0
651661740	335037490	2.0
604270840	335037490	1.0
170149134	335037490	4.0
266924969	335037490	2.0
266926167	335037490	3.0
266907783	335037490	3.0
599904950	335037490	2.0
266926268	335037490	3.0
622800789	335037490	2.0
266912598	335037490	3.0
266915759	335037490	3.0
266933299	335037490	3.0
295335317	335037490	2.0
266925678	335037490	3.0
266926166	335037490	3.0
266926556	335037490	3.0
266919101	266919101	0
353000933	266919101	3.0
651661740	266919101	2.0
604270840	266919101	1.0
170149134	266919101	3.0
266924969	266919101	2.0
266926167	266919101	3.0
266907783	266919101	2.0
599904950	266919101	3.0
266926268	266919101	3.0
622800789	266919101	0.0
266912598	266919101	3.0
266915759	266919101	3.0
266933299	266919101	3.0
295335317	266919101	3.0
266925678	266919101	3.0
266926166	266919101	3.0
266926556	266919101	3.0
353000933	353000933	0
651661740	353000933	2.0
604270840	353000933	2.0
170149134	353000933	3.0
266924969	353000933	3.0
266926167	353000933	3.0
266907783	353000933	2.0
599904950	353000933	2.0
266926268	353000933	3.0
622800789	353000933	2.0
266912598	353000933	2.0
266915759	353000933	0.0
266933299	353000933	2.0
295335317	353000933	1.0
266925678	353000933	2.0
266926166	353000933	2.0
266926556	353000933	2.0
651661740	651661740	0
604270840	651661740	2.0
170149134	651661740	3.0
266924969	651661740	2.0
266926167	651661740	3.0
266907783	651661740	2.0
599904950	651661740	2.0
266926268	651661740	3.0
622800789	651661740	2.0
266912598	651661740	2.0
266915759	651661740	2.0
266933299	651661740	2.0
295335317	651661740	2.0
266925678	651661740	2.0
266926166	651661740	3.0
266926556	651661740	3.0
604270840	604270840	0
170149134	604270840	4.0
266924969	604270840	3.0
266926167	604270840	4.0
266907783	604270840	2.0
599904950	604270840	2.0
266926268	604270840	4.0
622800789	604270840	1.0
266912598	604270840	3.0
266915759	604270840	2.0
266933299	604270840	3.0
295335317	604270840	2.0
266925678	604270840	3.0
266926166	604270840	4.0
266926556	604270840	4.0
170149134	170149134	0
266924969	170149134	3.0
266926167	170149134	1.0
266907783	170149134	4.0
599904950	170149134	4.0
266926268	170149134	0.0
622800789	170149134	4.0
266912598	170149134	3.0
266915759	170149134	3.0
266933299	170149134	2.0
295335317	170149134	3.0
266925678	170149134	2.0
266926166	170149134	2.0
266926556	170149134	1.0
266924969	266924969	0
266926167	266924969	2.0
266907783	266924969	3.0
599904950	266924969	2.0
266926268	266924969	3.0
622800789	266924969	2.0
266912598	266924969	3.0
266915759	266924969	3.0
266933299	266924969	2.0
295335317	266924969	3.0
266925678	266924969	2.0
266926166	266924969	3.0
266926556	266924969	2.0
266926167	266926167	0
266907783	266926167	4.0
599904950	266926167	3.0
266926268	266926167	2.0
622800789	266926167	3.0
266912598	266926167	3.0
266915759	266926167	3.0
266933299	266926167	3.0
295335317	266926167	4.0
266925678	266926167	1.0
266926166	266926167	1.0
266926556	266926167	1.0
266907783	266907783	0
599904950	266907783	2.0
266926268	266907783	4.0
622800789	266907783	2.0
266912598	266907783	4.0
266915759	266907783	2.0
266933299	266907783	3.0
295335317	266907783	2.0
266925678	266907783	4.0
266926166	266907783	4.0
266926556	266907783	4.0
599904950	599904950	0
266926268	599904950	3.0
622800789	599904950	2.0
266912598	599904950	2.0
266915759	599904950	2.0
266933299	599904950	3.0
295335317	599904950	2.0
266925678	599904950	2.0
266926166	599904950	3.0
266926556	599904950	3.0
266926268	266926268	0
622800789	266926268	3.0
266912598	266926268	3.0
266915759	266926268	3.0
266933299	266926268	2.0
295335317	266926268	3.0
266925678	266926268	2.0
266926166	266926268	2.0
266926556	266926268	0.0
622800789	622800789	0
266912598	622800789	3.0
266915759	622800789	2.0
266933299	622800789	3.0
295335317	622800789	2.0
266925678	622800789	3.0
266926166	622800789	3.0
266926556	622800789	3.0
266912598	266912598	0
266915759	266912598	2.0
266933299	266912598	2.0
295335317	266912598	2.0
266925678	266912598	3.0
266926166	266912598	3.0
266926556	266912598	2.0
266915759	266915759	0
266933299	266915759	2.0
295335317	266915759	1.0
266925678	266915759	2.0
266926166	266915759	2.0
266926556	266915759	2.0
266933299	266933299	0
295335317	266933299	3.0
266925678	266933299	2.0
266926166	266933299	2.0
266926556	266933299	2.0
295335317	295335317	0
266925678	295335317	3.0
266926166	295335317	3.0
266926556	295335317	3.0
266925678	266925678	0
266926166	266925678	2.0
266926556	266925678	1.0
266926166	266926166	0
266926556	266926166	2.0
266926556	266926556	0
