271803301	[10,1.0,-11.0]	40.80697549130434	-73.954521	0.023402988797536235	0.6594363871644748	0.12409546863508977	0.042413269157321666	0.6881720430107527	0.19912879492151186
392387442	[-31,27.0,4.0]	40.8012618	-73.95916667142856	0.023402988797536235	0.6594363871644748	0.12409546863508977	0.042413269157321666	0.6881720430107527	0.19912879492151186
393534501	[3,-39.0,36.0]	40.801562922222224	-73.9474024	0.023402988797536235	0.6594363871644748	0.12409546863508977	0.042413269157321666	0.6881720430107527	0.19912879492151186
271291107	[6,-2.0,-4.0]	40.80583215294118	-73.95397125294117	0.023402988797536235	0.6594363871644748	0.12409546863508977	0.042413269157321666	0.6881720430107527	0.19912879492151186
271291111	[7,-3.0,-4.0]	40.80607289473685	-73.95379586842104	0.023402988797536235	0.6594363871644748	0.12409546863508977	0.042413269157321666	0.6881720430107527	0.19912879492151186
271291986	[-2,3.0,-1.0]	40.80474208	-73.95477806	0.023402988797536235	0.6594363871644748	0.12409546863508977	0.042413269157321666	0.6881720430107527	0.19912879492151186
271291989	[-1,2.0,-1.0]	40.804873449999995	-73.95469063333333	0.023402988797536235	0.6594363871644748	0.12409546863508977	0.042413269157321666	0.6881720430107527	0.19912879492151186
271626093	[14,-33.0,19.0]	40.804399728571425	-73.94840995714286	0.023402988797536235	0.6594363871644748	0.12409546863508977	0.042413269157321666	0.6881720430107527	0.19912879492151186
271626446	[9,-4.0,-5.0]	40.80635157142858	-73.95360091428572	0.023402988797536235	0.6594363871644748	0.12409546863508977	0.042413269157321666	0.6881720430107527	0.19912879492151186
271803416	[9,-1.0,-8.0]	40.80668030666667	-73.95412626666666	0.023402988797536235	0.6594363871644748	0.12409546863508977	0.042413269157321666	0.6881720430107527	0.19912879492151186
166084360	[-30,32.0,-2.0]	40.80197713157895	-73.95996468421053	0.023402988797536235	0.6594363871644748	0.12409546863508977	0.042413269157321666	0.6881720430107527	0.19912879492151186
224035489	[-19,-21.0,40.0]	40.79875083333334	-73.95056974444445	0.023402988797536235	0.6594363871644748	0.12409546863508977	0.042413269157321666	0.6881720430107527	0.19912879492151186
224035498	[-20,-27.0,47.0]	40.798054459999996	-73.94956512000002	0.023402988797536235	0.6594363871644748	0.12409546863508977	0.042413269157321666	0.6881720430107527	0.19912879492151186
165893400	[4,17.0,-21.0]	40.80743536	-73.95738865999999	0.023402988797536235	0.6594363871644748	0.12409546863508977	0.042413269157321666	0.6881720430107527	0.19912879492151186
165893402	[-22,26.0,-4.0]	40.803129500000004	-73.95888274	0.023402988797536235	0.6594363871644748	0.12409546863508977	0.042413269157321666	0.6881720430107527	0.19912879492151186
165893405	[-23,27.0,-4.0]	40.80287182250001	-73.95907514749999	0.023402988797536235	0.6594363871644748	0.12409546863508977	0.042413269157321666	0.6881720430107527	0.19912879492151186
165893412	[-26,31.0,-5.0]	40.802702735897434	-73.95975766410255	0.023402988797536235	0.6594363871644748	0.12409546863508977	0.042413269157321666	0.6881720430107527	0.19912879492151186
225141891	[-21,9.0,12.0]	40.8015436	-73.95589948	0.023402988797536235	0.6594363871644748	0.12409546863508977	0.042413269157321666	0.6881720430107527	0.19912879492151186
225143098	[-13,-22.0,35.0]	40.80000374	-73.95047628	0.023402988797536235	0.6594363871644748	0.12409546863508977	0.042413269157321666	0.6881720430107527	0.19912879492151186
225143099	[-12,-22.0,34.0]	40.80013246	-73.95038631999999	0.023402988797536235	0.6594363871644748	0.12409546863508977	0.042413269157321666	0.6881720430107527	0.19912879492151186
225143583	[-12,-21.0,33.0]	40.80019696	-73.95060678	0.023402988797536235	0.6594363871644748	0.12409546863508977	0.042413269157321666	0.6881720430107527	0.19912879492151186
225157335	[7,-40.0,33.0]	40.802144119999994	-73.94721876	0.023402988797536235	0.6594363871644748	0.12409546863508977	0.042413269157321666	0.6881720430107527	0.19912879492151186
225157336	[5,-31.0,26.0]	40.80275378	-73.94871174000001	0.023402988797536235	0.6594363871644748	0.12409546863508977	0.042413269157321666	0.6881720430107527	0.19912879492151186
225157337	[6,-39.0,33.0]	40.80223342	-73.94742206	0.023402988797536235	0.6594363871644748	0.12409546863508977	0.042413269157321666	0.6881720430107527	0.19912879492151186
225157338	[7,-38.0,31.0]	40.80244827142857	-73.94757137142857	0.023402988797536235	0.6594363871644748	0.12409546863508977	0.042413269157321666	0.6881720430107527	0.19912879492151186
225158141	[11,-45.0,34.0]	40.8025144	-73.9463166	0.023402988797536235	0.6594363871644748	0.12409546863508977	0.042413269157321666	0.6881720430107527	0.19912879492151186
225981847	[-11,-29.0,40.0]	40.79965	-73.94909874	0.023402988797536235	0.6594363871644748	0.12409546863508977	0.042413269157321666	0.6881720430107527	0.19912879492151186
318329000	[-7,-36.0,43.0]	40.7998656	-73.94796962000001	0.023402988797536235	0.6594363871644748	0.12409546863508977	0.042413269157321666	0.6881720430107527	0.19912879492151186
318329001	[-6,-36.0,42.0]	40.7999952	-73.94793626	0.023402988797536235	0.6594363871644748	0.12409546863508977	0.042413269157321666	0.6881720430107527	0.19912879492151186
166084350	[18,9.0,-27.0]	40.80948016	-73.95594998	0.023402988797536235	0.6594363871644748	0.12409546863508977	0.042413269157321666	0.6881720430107527	0.19912879492151186
166084351	[18,9.0,-27.0]	40.80957658	-73.95587772	0.023402988797536235	0.6594363871644748	0.12409546863508977	0.042413269157321666	0.6881720430107527	0.19912879492151186
166084352	[21,9.0,-30.0]	40.810180579999994	-73.95595922	0.023402988797536235	0.6594363871644748	0.12409546863508977	0.042413269157321666	0.6881720430107527	0.19912879492151186
166084355	[19,8.0,-27.0]	40.809537999999996	-73.95578794000001	0.023402988797536235	0.6594363871644748	0.12409546863508977	0.042413269157321666	0.6881720430107527	0.19912879492151186
166084356	[18,9.0,-27.0]	40.80944058	-73.95586156	0.023402988797536235	0.6594363871644748	0.12409546863508977	0.042413269157321666	0.6881720430107527	0.19912879492151186
225158777	[8,12.0,-20.0]	40.80770276	-73.95638372	0.023402988797536235	0.6594363871644748	0.12409546863508977	0.042413269157321666	0.6881720430107527	0.19912879492151186
535343942	[19,20.0,-39.0]	40.81090694	-73.95782072	0.023402988797536235	0.6594363871644748	0.12409546863508977	0.042413269157321666	0.6881720430107527	0.19912879492151186
271290738	[-10,-1.0,11.0]	40.80266563571429	-73.95415849285713	0.023402988797536235	0.6594363871644748	0.12409546863508977	0.042413269157321666	0.6881720430107527	0.19912879492151186
271460385	[20,17.0,-37.0]	40.8106714724138	-73.95734075517238	0.023402988797536235	0.6594363871644748	0.12409546863508977	0.042413269157321666	0.6881720430107527	0.19912879492151186
224034804	[0,-10.0,10.0]	40.803898725	-73.952469325	0.023402988797536235	0.6594363871644748	0.12409546863508977	0.042413269157321666	0.6881720430107527	0.19912879492151186
224034884	[2,-7.0,5.0]	40.80463511666667	-73.95311525	0.023402988797536235	0.6594363871644748	0.12409546863508977	0.042413269157321666	0.6881720430107527	0.19912879492151186
224035031	[-8,10.0,-2.0]	40.804386519999994	-73.95608192	0.023402988797536235	0.6594363871644748	0.12409546863508977	0.042413269157321666	0.6881720430107527	0.19912879492151186
318328998	[-32,22.0,10.0]	40.80057944	-73.95818286000001	0.023402988797536235	0.6594363871644748	0.12409546863508977	0.042413269157321666	0.6881720430107527	0.19912879492151186
354589536	[-25,13.0,12.0]	40.80103764	-73.9566947	0.023402988797536235	0.6594363871644748	0.12409546863508977	0.042413269157321666	0.6881720430107527	0.19912879492151186
362684406	[-8,0.0,8.0]	40.803303619999994	-73.9543985	0.023402988797536235	0.6594363871644748	0.12409546863508977	0.042413269157321666	0.6881720430107527	0.19912879492151186
362826846	[-25,11.0,14.0]	40.8009069	-73.95629658	0.023402988797536235	0.6594363871644748	0.12409546863508977	0.042413269157321666	0.6881720430107527	0.19912879492151186
577906687	[-16,27.0,-11.0]	40.80436037142857	-73.95916898571429	0.023402988797536235	0.6594363871644748	0.12409546863508977	0.042413269157321666	0.6881720430107527	0.19912879492151186
271626042	[16,-46.0,30.0]	40.803382861538466	-73.94610470769231	0.023402988797536235	0.6594363871644748	0.12409546863508977	0.042413269157321666	0.6881720430107527	0.19912879492151186
271290752	[-7,-4.0,11.0]	40.803018083333335	-73.95353375	0.023402988797536235	0.6594363871644748	0.12409546863508977	0.042413269157321666	0.6881720430107527	0.19912879492151186
265799244	[2,-35.0,33.0]	40.801716818181816	-73.94817124545456	0.023402988797536235	0.6594363871644748	0.12409546863508977	0.042413269157321666	0.6881720430107527	0.19912879492151186
265799245	[2,-41.0,39.0]	40.80119843333333	-73.9470316857143	0.023402988797536235	0.6594363871644748	0.12409546863508977	0.042413269157321666	0.6881720430107527	0.19912879492151186
265800196	[11,-43.0,32.0]	40.80269625	-73.94673503333333	0.023402988797536235	0.6594363871644748	0.12409546863508977	0.042413269157321666	0.6881720430107527	0.19912879492151186
271290369	[-3,-23.0,26.0]	40.802014559999996	-73.95021286	0.023402988797536235	0.6594363871644748	0.12409546863508977	0.042413269157321666	0.6881720430107527	0.19912879492151186
271291969	[3,-6.0,3.0]	40.80486168888889	-73.95332277777777	0.023402988797536235	0.6594363871644748	0.12409546863508977	0.042413269157321666	0.6881720430107527	0.19912879492151186
271803301	271803301	0
392387442	271803301	3.0
393534501	271803301	3.0
271291107	271803301	0.0
271291111	271803301	0.0
271291986	271803301	1.0
271291989	271803301	1.0
271626093	271803301	2.0
271626446	271803301	0.0
271803416	271803301	0.0
166084360	271803301	3.0
224035489	271803301	3.0
224035498	271803301	4.0
165893400	271803301	1.0
165893402	271803301	2.0
165893405	271803301	2.0
165893412	271803301	3.0
225141891	271803301	3.0
225143098	271803301	3.0
225143099	271803301	3.0
225143583	271803301	3.0
225157335	271803301	3.0
225157336	271803301	2.0
225157337	271803301	3.0
225157338	271803301	3.0
225158141	271803301	3.0
225981847	271803301	3.0
318329000	271803301	3.0
318329001	271803301	3.0
166084350	271803301	2.0
166084351	271803301	2.0
166084352	271803301	2.0
166084355	271803301	2.0
166084356	271803301	2.0
225158777	271803301	1.0
535343942	271803301	3.0
271290738	271803301	2.0
271460385	271803301	2.0
224034804	271803301	2.0
224034884	271803301	1.0
224035031	271803301	1.0
318328998	271803301	3.0
354589536	271803301	3.0
362684406	271803301	2.0
362826846	271803301	3.0
577906687	271803301	2.0
271626042	271803301	3.0
271290752	271803301	2.0
265799244	271803301	3.0
265799245	271803301	3.0
265800196	271803301	3.0
271290369	271803301	3.0
271291969	271803301	1.0
392387442	392387442	0
393534501	392387442	3.0
271291107	392387442	2.0
271291111	392387442	3.0
271291986	392387442	2.0
271291989	392387442	2.0
271626093	392387442	3.0
271626446	392387442	3.0
271803416	392387442	3.0
166084360	392387442	0.0
224035489	392387442	3.0
224035498	392387442	3.0
165893400	392387442	3.0
165893402	392387442	1.0
165893405	392387442	1.0
165893412	392387442	1.0
225141891	392387442	2.0
225143098	392387442	3.0
225143099	392387442	3.0
225143583	392387442	3.0
225157335	392387442	3.0
225157336	392387442	3.0
225157337	392387442	3.0
225157338	392387442	3.0
225158141	392387442	4.0
225981847	392387442	3.0
318329000	392387442	3.0
318329001	392387442	3.0
166084350	392387442	3.0
166084351	392387442	3.0
166084352	392387442	3.0
166084355	392387442	3.0
166084356	392387442	3.0
225158777	392387442	3.0
535343942	392387442	3.0
271290738	392387442	2.0
271460385	392387442	4.0
224034804	392387442	3.0
224034884	392387442	3.0
224035031	392387442	2.0
318328998	392387442	0.0
354589536	392387442	1.0
362684406	392387442	2.0
362826846	392387442	1.0
577906687	392387442	2.0
271626042	392387442	3.0
271290752	392387442	2.0
265799244	392387442	3.0
265799245	392387442	3.0
265800196	392387442	3.0
271290369	392387442	3.0
271291969	392387442	3.0
393534501	393534501	0
271291107	393534501	3.0
271291111	393534501	3.0
271291986	393534501	3.0
271291989	393534501	2.0
271626093	393534501	2.0
271626446	393534501	3.0
271803416	393534501	3.0
166084360	393534501	3.0
224035489	393534501	2.0
224035498	393534501	2.0
165893400	393534501	3.0
165893402	393534501	3.0
165893405	393534501	3.0
165893412	393534501	4.0
225141891	393534501	3.0
225143098	393534501	2.0
225143099	393534501	2.0
225143583	393534501	2.0
225157335	393534501	0.0
225157336	393534501	0.0
225157337	393534501	0.0
225157338	393534501	1.0
225158141	393534501	1.0
225981847	393534501	2.0
318329000	393534501	2.0
318329001	393534501	2.0
166084350	393534501	3.0
166084351	393534501	3.0
166084352	393534501	3.0
166084355	393534501	3.0
166084356	393534501	3.0
225158777	393534501	3.0
535343942	393534501	4.0
271290738	393534501	2.0
271460385	393534501	3.0
224034804	393534501	2.0
224034884	393534501	2.0
224035031	393534501	3.0
318328998	393534501	3.0
354589536	393534501	3.0
362684406	393534501	2.0
362826846	393534501	3.0
577906687	393534501	3.0
271626042	393534501	3.0
271290752	393534501	2.0
265799244	393534501	0.0
265799245	393534501	1.0
265800196	393534501	1.0
271290369	393534501	1.0
271291969	393534501	3.0
271291107	271291107	0
271291111	271291107	0.0
271291986	271291107	0.0
271291989	271291107	0.0
271626093	271291107	2.0
271626446	271291107	0.0
271803416	271291107	0.0
166084360	271291107	3.0
224035489	271291107	3.0
224035498	271291107	3.0
165893400	271291107	1.0
165893402	271291107	2.0
165893405	271291107	2.0
165893412	271291107	3.0
225141891	271291107	2.0
225143098	271291107	3.0
225143099	271291107	3.0
225143583	271291107	3.0
225157335	271291107	3.0
225157336	271291107	2.0
225157337	271291107	3.0
225157338	271291107	2.0
225158141	271291107	3.0
225981847	271291107	3.0
318329000	271291107	3.0
318329001	271291107	3.0
166084350	271291107	2.0
166084351	271291107	2.0
166084352	271291107	2.0
166084355	271291107	2.0
166084356	271291107	2.0
225158777	271291107	1.0
535343942	271291107	3.0
271290738	271291107	2.0
271460385	271291107	2.0
224034804	271291107	1.0
224034884	271291107	1.0
224035031	271291107	1.0
318328998	271291107	2.0
354589536	271291107	2.0
362684406	271291107	2.0
362826846	271291107	2.0
577906687	271291107	2.0
271626042	271291107	2.0
271290752	271291107	2.0
265799244	271291107	3.0
265799245	271291107	3.0
265800196	271291107	2.0
271290369	271291107	2.0
271291969	271291107	0.0
271291111	271291111	0
271291986	271291111	1.0
271291989	271291111	2.0
271626093	271291111	2.0
271626446	271291111	0.0
271803416	271291111	0.0
166084360	271291111	3.0
224035489	271291111	3.0
224035498	271291111	3.0
165893400	271291111	1.0
165893402	271291111	2.0
165893405	271291111	2.0
165893412	271291111	3.0
225141891	271291111	2.0
225143098	271291111	3.0
225143099	271291111	3.0
225143583	271291111	3.0
225157335	271291111	2.0
225157336	271291111	2.0
225157337	271291111	2.0
225157338	271291111	3.0
225158141	271291111	3.0
225981847	271291111	3.0
318329000	271291111	3.0
318329001	271291111	3.0
166084350	271291111	2.0
166084351	271291111	2.0
166084352	271291111	2.0
166084355	271291111	2.0
166084356	271291111	2.0
225158777	271291111	1.0
535343942	271291111	3.0
271290738	271291111	2.0
271460385	271291111	2.0
224034804	271291111	1.0
224034884	271291111	2.0
224035031	271291111	1.0
318328998	271291111	3.0
354589536	271291111	3.0
362684406	271291111	2.0
362826846	271291111	3.0
577906687	271291111	2.0
271626042	271291111	2.0
271290752	271291111	2.0
265799244	271291111	3.0
265799245	271291111	3.0
265800196	271291111	3.0
271290369	271291111	2.0
271291969	271291111	1.0
271291986	271291986	0
271291989	271291986	0.0
271626093	271291986	3.0
271626446	271291986	1.0
271803416	271291986	1.0
166084360	271291986	2.0
224035489	271291986	3.0
224035498	271291986	3.0
165893400	271291986	2.0
165893402	271291986	2.0
165893405	271291986	2.0
165893412	271291986	3.0
225141891	271291986	2.0
225143098	271291986	3.0
225143099	271291986	3.0
225143583	271291986	3.0
225157335	271291986	3.0
225157336	271291986	2.0
225157337	271291986	3.0
225157338	271291986	3.0
225158141	271291986	3.0
225981847	271291986	3.0
318329000	271291986	3.0
318329001	271291986	3.0
166084350	271291986	2.0
166084351	271291986	2.0
166084352	271291986	3.0
166084355	271291986	2.0
166084356	271291986	2.0
225158777	271291986	2.0
535343942	271291986	3.0
271290738	271291986	1.0
271460385	271291986	3.0
224034804	271291986	2.0
224034884	271291986	0.0
224035031	271291986	0.0
318328998	271291986	2.0
354589536	271291986	2.0
362684406	271291986	1.0
362826846	271291986	2.0
577906687	271291986	2.0
271626042	271291986	3.0
271290752	271291986	1.0
265799244	271291986	2.0
265799245	271291986	3.0
265800196	271291986	3.0
271290369	271291986	2.0
271291969	271291986	1.0
271291989	271291989	0
271626093	271291989	2.0
271626446	271291989	2.0
271803416	271291989	1.0
166084360	271291989	2.0
224035489	271291989	3.0
224035498	271291989	3.0
165893400	271291989	2.0
165893402	271291989	2.0
165893405	271291989	2.0
165893412	271291989	3.0
225141891	271291989	2.0
225143098	271291989	3.0
225143099	271291989	3.0
225143583	271291989	3.0
225157335	271291989	2.0
225157336	271291989	2.0
225157337	271291989	2.0
225157338	271291989	3.0
225158141	271291989	3.0
225981847	271291989	3.0
318329000	271291989	3.0
318329001	271291989	3.0
166084350	271291989	2.0
166084351	271291989	2.0
166084352	271291989	2.0
166084355	271291989	2.0
166084356	271291989	2.0
225158777	271291989	2.0
535343942	271291989	3.0
271290738	271291989	2.0
271460385	271291989	3.0
224034804	271291989	1.0
224034884	271291989	0.0
224035031	271291989	0.0
318328998	271291989	2.0
354589536	271291989	3.0
362684406	271291989	2.0
362826846	271291989	3.0
577906687	271291989	2.0
271626042	271291989	3.0
271290752	271291989	2.0
265799244	271291989	2.0
265799245	271291989	3.0
265800196	271291989	3.0
271290369	271291989	2.0
271291969	271291989	1.0
271626093	271626093	0
271626446	271626093	2.0
271803416	271626093	2.0
166084360	271626093	3.0
224035489	271626093	2.0
224035498	271626093	3.0
165893400	271626093	3.0
165893402	271626093	3.0
165893405	271626093	3.0
165893412	271626093	4.0
225141891	271626093	3.0
225143098	271626093	2.0
225143099	271626093	2.0
225143583	271626093	2.0
225157335	271626093	2.0
225157336	271626093	2.0
225157337	271626093	2.0
225157338	271626093	1.0
225158141	271626093	1.0
225981847	271626093	3.0
318329000	271626093	2.0
318329001	271626093	2.0
166084350	271626093	3.0
166084351	271626093	3.0
166084352	271626093	3.0
166084355	271626093	3.0
166084356	271626093	3.0
225158777	271626093	3.0
535343942	271626093	4.0
271290738	271626093	2.0
271460385	271626093	3.0
224034804	271626093	2.0
224034884	271626093	2.0
224035031	271626093	3.0
318328998	271626093	3.0
354589536	271626093	3.0
362684406	271626093	2.0
362826846	271626093	3.0
577906687	271626093	3.0
271626042	271626093	2.0
271290752	271626093	2.0
265799244	271626093	2.0
265799245	271626093	2.0
265800196	271626093	1.0
271290369	271626093	1.0
271291969	271626093	2.0
271626446	271626446	0
271803416	271626446	0.0
166084360	271626446	3.0
224035489	271626446	3.0
224035498	271626446	3.0
165893400	271626446	1.0
165893402	271626446	2.0
165893405	271626446	2.0
165893412	271626446	3.0
225141891	271626446	2.0
225143098	271626446	3.0
225143099	271626446	3.0
225143583	271626446	3.0
225157335	271626446	2.0
225157336	271626446	2.0
225157337	271626446	2.0
225157338	271626446	3.0
225158141	271626446	3.0
225981847	271626446	3.0
318329000	271626446	3.0
318329001	271626446	3.0
166084350	271626446	2.0
166084351	271626446	2.0
166084352	271626446	2.0
166084355	271626446	2.0
166084356	271626446	2.0
225158777	271626446	1.0
535343942	271626446	3.0
271290738	271626446	2.0
271460385	271626446	2.0
224034804	271626446	1.0
224034884	271626446	2.0
224035031	271626446	1.0
318328998	271626446	3.0
354589536	271626446	3.0
362684406	271626446	2.0
362826846	271626446	3.0
577906687	271626446	2.0
271626042	271626446	2.0
271290752	271626446	2.0
265799244	271626446	3.0
265799245	271626446	3.0
265800196	271626446	3.0
271290369	271626446	2.0
271291969	271626446	1.0
271803416	271803416	0
166084360	271803416	3.0
224035489	271803416	3.0
224035498	271803416	4.0
165893400	271803416	1.0
165893402	271803416	2.0
165893405	271803416	2.0
165893412	271803416	3.0
225141891	271803416	3.0
225143098	271803416	3.0
225143099	271803416	3.0
225143583	271803416	3.0
225157335	271803416	3.0
225157336	271803416	2.0
225157337	271803416	3.0
225157338	271803416	3.0
225158141	271803416	3.0
225981847	271803416	3.0
318329000	271803416	3.0
318329001	271803416	3.0
166084350	271803416	2.0
166084351	271803416	2.0
166084352	271803416	2.0
166084355	271803416	2.0
166084356	271803416	2.0
225158777	271803416	1.0
535343942	271803416	3.0
271290738	271803416	2.0
271460385	271803416	2.0
224034804	271803416	1.0
224034884	271803416	1.0
224035031	271803416	1.0
318328998	271803416	3.0
354589536	271803416	2.0
362684406	271803416	2.0
362826846	271803416	3.0
577906687	271803416	2.0
271626042	271803416	2.0
271290752	271803416	2.0
265799244	271803416	3.0
265799245	271803416	3.0
265800196	271803416	3.0
271290369	271803416	2.0
271291969	271803416	1.0
166084360	166084360	0
224035489	166084360	3.0
224035498	166084360	3.0
165893400	166084360	3.0
165893402	166084360	1.0
165893405	166084360	1.0
165893412	166084360	0.0
225141891	166084360	2.0
225143098	166084360	3.0
225143099	166084360	3.0
225143583	166084360	3.0
225157335	166084360	3.0
225157336	166084360	3.0
225157337	166084360	3.0
225157338	166084360	3.0
225158141	166084360	4.0
225981847	166084360	3.0
318329000	166084360	3.0
318329001	166084360	3.0
166084350	166084360	3.0
166084351	166084360	3.0
166084352	166084360	3.0
166084355	166084360	3.0
166084356	166084360	3.0
225158777	166084360	3.0
535343942	166084360	3.0
271290738	166084360	2.0
271460385	166084360	3.0
224034804	166084360	3.0
224034884	166084360	3.0
224035031	166084360	2.0
318328998	166084360	1.0
354589536	166084360	1.0
362684406	166084360	2.0
362826846	166084360	1.0
577906687	166084360	2.0
271626042	166084360	4.0
271290752	166084360	3.0
265799244	166084360	3.0
265799245	166084360	3.0
265800196	166084360	4.0
271290369	166084360	3.0
271291969	166084360	3.0
224035489	224035489	0
224035498	224035489	1.0
165893400	224035489	3.0
165893402	224035489	3.0
165893405	224035489	3.0
165893412	224035489	3.0
225141891	224035489	2.0
225143098	224035489	1.0
225143099	224035489	1.0
225143583	224035489	2.0
225157335	224035489	2.0
225157336	224035489	2.0
225157337	224035489	2.0
225157338	224035489	3.0
225158141	224035489	3.0
225981847	224035489	2.0
318329000	224035489	2.0
318329001	224035489	2.0
166084350	224035489	3.0
166084351	224035489	3.0
166084352	224035489	4.0
166084355	224035489	3.0
166084356	224035489	3.0
225158777	224035489	3.0
535343942	224035489	4.0
271290738	224035489	3.0
271460385	224035489	4.0
224034804	224035489	3.0
224034884	224035489	3.0
224035031	224035489	3.0
318328998	224035489	3.0
354589536	224035489	3.0
362684406	224035489	3.0
362826846	224035489	3.0
577906687	224035489	3.0
271626042	224035489	3.0
271290752	224035489	3.0
265799244	224035489	2.0
265799245	224035489	2.0
265800196	224035489	3.0
271290369	224035489	2.0
271291969	224035489	3.0
224035498	224035498	0
165893400	224035498	4.0
165893402	224035498	3.0
165893405	224035498	3.0
165893412	224035498	3.0
225141891	224035498	3.0
225143098	224035498	2.0
225143099	224035498	2.0
225143583	224035498	2.0
225157335	224035498	2.0
225157336	224035498	3.0
225157337	224035498	2.0
225157338	224035498	3.0
225158141	224035498	2.0
225981847	224035498	3.0
318329000	224035498	3.0
318329001	224035498	3.0
166084350	224035498	4.0
166084351	224035498	4.0
166084352	224035498	4.0
166084355	224035498	4.0
166084356	224035498	4.0
225158777	224035498	4.0
535343942	224035498	4.0
271290738	224035498	3.0
271460385	224035498	4.0
224034804	224035498	3.0
224034884	224035498	3.0
224035031	224035498	3.0
318328998	224035498	3.0
354589536	224035498	3.0
362684406	224035498	3.0
362826846	224035498	3.0
577906687	224035498	3.0
271626042	224035498	3.0
271290752	224035498	3.0
265799244	224035498	2.0
265799245	224035498	2.0
265800196	224035498	2.0
271290369	224035498	2.0
271291969	224035498	3.0
165893400	165893400	0
165893402	165893400	2.0
165893405	165893400	2.0
165893412	165893400	3.0
225141891	165893400	3.0
225143098	165893400	3.0
225143099	165893400	3.0
225143583	165893400	3.0
225157335	165893400	3.0
225157336	165893400	3.0
225157337	165893400	3.0
225157338	165893400	3.0
225158141	165893400	3.0
225981847	165893400	3.0
318329000	165893400	3.0
318329001	165893400	3.0
166084350	165893400	1.0
166084351	165893400	1.0
166084352	165893400	2.0
166084355	165893400	1.0
166084356	165893400	1.0
225158777	165893400	0.0
535343942	165893400	2.0
271290738	165893400	2.0
271460385	165893400	2.0
224034804	165893400	2.0
224034884	165893400	2.0
224035031	165893400	2.0
318328998	165893400	3.0
354589536	165893400	3.0
362684406	165893400	2.0
362826846	165893400	3.0
577906687	165893400	1.0
271626042	165893400	3.0
271290752	165893400	2.0
265799244	165893400	3.0
265799245	165893400	3.0
265800196	165893400	3.0
271290369	165893400	3.0
271291969	165893400	2.0
165893402	165893402	0
165893405	165893402	0.0
165893412	165893402	2.0
225141891	165893402	1.0
225143098	165893402	3.0
225143099	165893402	3.0
225143583	165893402	3.0
225157335	165893402	3.0
225157336	165893402	3.0
225157337	165893402	3.0
225157338	165893402	3.0
225158141	165893402	3.0
225981847	165893402	3.0
318329000	165893402	3.0
318329001	165893402	3.0
166084350	165893402	2.0
166084351	165893402	3.0
166084352	165893402	3.0
166084355	165893402	3.0
166084356	165893402	2.0
225158777	165893402	2.0
535343942	165893402	3.0
271290738	165893402	2.0
271460385	165893402	3.0
224034804	165893402	2.0
224034884	165893402	2.0
224035031	165893402	1.0
318328998	165893402	2.0
354589536	165893402	2.0
362684406	165893402	2.0
362826846	165893402	2.0
577906687	165893402	0.0
271626042	165893402	3.0
271290752	165893402	2.0
265799244	165893402	3.0
265799245	165893402	3.0
265800196	165893402	3.0
271290369	165893402	3.0
271291969	165893402	2.0
165893405	165893405	0
165893412	165893405	2.0
225141891	165893405	1.0
225143098	165893405	3.0
225143099	165893405	3.0
225143583	165893405	3.0
225157335	165893405	3.0
225157336	165893405	3.0
225157337	165893405	3.0
225157338	165893405	3.0
225158141	165893405	3.0
225981847	165893405	3.0
318329000	165893405	3.0
318329001	165893405	3.0
166084350	165893405	3.0
166084351	165893405	3.0
166084352	165893405	3.0
166084355	165893405	3.0
166084356	165893405	3.0
225158777	165893405	2.0
535343942	165893405	3.0
271290738	165893405	2.0
271460385	165893405	3.0
224034804	165893405	3.0
224034884	165893405	2.0
224035031	165893405	2.0
318328998	165893405	1.0
354589536	165893405	1.0
362684406	165893405	2.0
362826846	165893405	1.0
577906687	165893405	1.0
271626042	165893405	3.0
271290752	165893405	2.0
265799244	165893405	3.0
265799245	165893405	3.0
265800196	165893405	3.0
271290369	165893405	3.0
271291969	165893405	2.0
165893412	165893412	0
225141891	165893412	2.0
225143098	165893412	3.0
225143099	165893412	3.0
225143583	165893412	3.0
225157335	165893412	4.0
225157336	165893412	3.0
225157337	165893412	4.0
225157338	165893412	4.0
225158141	165893412	4.0
225981847	165893412	4.0
318329000	165893412	4.0
318329001	165893412	4.0
166084350	165893412	3.0
166084351	165893412	3.0
166084352	165893412	3.0
166084355	165893412	3.0
166084356	165893412	3.0
225158777	165893412	3.0
535343942	165893412	3.0
271290738	165893412	3.0
271460385	165893412	3.0
224034804	165893412	3.0
224034884	165893412	3.0
224035031	165893412	3.0
318328998	165893412	2.0
354589536	165893412	2.0
362684406	165893412	3.0
362826846	165893412	2.0
577906687	165893412	2.0
271626042	165893412	4.0
271290752	165893412	3.0
265799244	165893412	4.0
265799245	165893412	4.0
265800196	165893412	4.0
271290369	165893412	3.0
271291969	165893412	3.0
225141891	225141891	0
225143098	225141891	2.0
225143099	225141891	2.0
225143583	225141891	2.0
225157335	225141891	3.0
225157336	225141891	3.0
225157337	225141891	3.0
225157338	225141891	3.0
225158141	225141891	3.0
225981847	225141891	3.0
318329000	225141891	3.0
318329001	225141891	3.0
166084350	225141891	3.0
166084351	225141891	3.0
166084352	225141891	3.0
166084355	225141891	3.0
166084356	225141891	3.0
225158777	225141891	3.0
535343942	225141891	4.0
271290738	225141891	2.0
271460385	225141891	4.0
224034804	225141891	2.0
224034884	225141891	2.0
224035031	225141891	2.0
318328998	225141891	1.0
354589536	225141891	1.0
362684406	225141891	2.0
362826846	225141891	1.0
577906687	225141891	2.0
271626042	225141891	3.0
271290752	225141891	2.0
265799244	225141891	3.0
265799245	225141891	3.0
265800196	225141891	3.0
271290369	225141891	2.0
271291969	225141891	3.0
225143098	225143098	0
225143099	225143098	0.0
225143583	225143098	0.0
225157335	225143098	2.0
225157336	225143098	2.0
225157337	225143098	2.0
225157338	225143098	2.0
225158141	225143098	2.0
225981847	225143098	2.0
318329000	225143098	2.0
318329001	225143098	2.0
166084350	225143098	3.0
166084351	225143098	3.0
166084352	225143098	4.0
166084355	225143098	3.0
166084356	225143098	3.0
225158777	225143098	3.0
535343942	225143098	4.0
271290738	225143098	2.0
271460385	225143098	4.0
224034804	225143098	2.0
224034884	225143098	3.0
224035031	225143098	3.0
318328998	225143098	3.0
354589536	225143098	3.0
362684406	225143098	2.0
362826846	225143098	3.0
577906687	225143098	3.0
271626042	225143098	2.0
271290752	225143098	2.0
265799244	225143098	2.0
265799245	225143098	2.0
265800196	225143098	2.0
271290369	225143098	1.0
271291969	225143098	3.0
225143099	225143099	0
225143583	225143099	0.0
225157335	225143099	2.0
225157336	225143099	2.0
225157337	225143099	2.0
225157338	225143099	2.0
225158141	225143099	2.0
225981847	225143099	2.0
318329000	225143099	2.0
318329001	225143099	2.0
166084350	225143099	3.0
166084351	225143099	3.0
166084352	225143099	3.0
166084355	225143099	3.0
166084356	225143099	3.0
225158777	225143099	3.0
535343942	225143099	4.0
271290738	225143099	2.0
271460385	225143099	4.0
224034804	225143099	2.0
224034884	225143099	2.0
224035031	225143099	3.0
318328998	225143099	3.0
354589536	225143099	3.0
362684406	225143099	2.0
362826846	225143099	3.0
577906687	225143099	3.0
271626042	225143099	2.0
271290752	225143099	2.0
265799244	225143099	2.0
265799245	225143099	2.0
265800196	225143099	2.0
271290369	225143099	1.0
271291969	225143099	3.0
225143583	225143583	0
225157335	225143583	2.0
225157336	225143583	2.0
225157337	225143583	2.0
225157338	225143583	2.0
225158141	225143583	2.0
225981847	225143583	2.0
318329000	225143583	2.0
318329001	225143583	2.0
166084350	225143583	3.0
166084351	225143583	3.0
166084352	225143583	3.0
166084355	225143583	3.0
166084356	225143583	3.0
225158777	225143583	3.0
535343942	225143583	4.0
271290738	225143583	2.0
271460385	225143583	4.0
224034804	225143583	2.0
224034884	225143583	2.0
224035031	225143583	3.0
318328998	225143583	3.0
354589536	225143583	3.0
362684406	225143583	2.0
362826846	225143583	3.0
577906687	225143583	3.0
271626042	225143583	3.0
271290752	225143583	2.0
265799244	225143583	1.0
265799245	225143583	2.0
265800196	225143583	2.0
271290369	225143583	1.0
271291969	225143583	3.0
225157335	225157335	0
225157336	225157335	0.0
225157337	225157335	0.0
225157338	225157335	1.0
225158141	225157335	1.0
225981847	225157335	2.0
318329000	225157335	2.0
318329001	225157335	2.0
166084350	225157335	3.0
166084351	225157335	3.0
166084352	225157335	3.0
166084355	225157335	3.0
166084356	225157335	3.0
225158777	225157335	3.0
535343942	225157335	4.0
271290738	225157335	2.0
271460385	225157335	3.0
224034804	225157335	2.0
224034884	225157335	2.0
224035031	225157335	3.0
318328998	225157335	3.0
354589536	225157335	3.0
362684406	225157335	2.0
362826846	225157335	3.0
577906687	225157335	3.0
271626042	225157335	3.0
271290752	225157335	2.0
265799244	225157335	0.0
265799245	225157335	0.0
265800196	225157335	1.0
271290369	225157335	1.0
271291969	225157335	3.0
225157336	225157336	0
225157337	225157336	0.0
225157338	225157336	1.0
225158141	225157336	1.0
225981847	225157336	2.0
318329000	225157336	2.0
318329001	225157336	2.0
166084350	225157336	3.0
166084351	225157336	3.0
166084352	225157336	3.0
166084355	225157336	3.0
166084356	225157336	3.0
225158777	225157336	3.0
535343942	225157336	4.0
271290738	225157336	2.0
271460385	225157336	3.0
224034804	225157336	1.0
224034884	225157336	2.0
224035031	225157336	2.0
318328998	225157336	3.0
354589536	225157336	3.0
362684406	225157336	2.0
362826846	225157336	3.0
577906687	225157336	3.0
271626042	225157336	2.0
271290752	225157336	2.0
265799244	225157336	0.0
265799245	225157336	1.0
265800196	225157336	1.0
271290369	225157336	0.0
271291969	225157336	3.0
225157337	225157337	0
225157338	225157337	1.0
225158141	225157337	1.0
225981847	225157337	2.0
318329000	225157337	1.0
318329001	225157337	2.0
166084350	225157337	3.0
166084351	225157337	3.0
166084352	225157337	3.0
166084355	225157337	3.0
166084356	225157337	3.0
225158777	225157337	3.0
535343942	225157337	4.0
271290738	225157337	2.0
271460385	225157337	3.0
224034804	225157337	2.0
224034884	225157337	2.0
224035031	225157337	3.0
318328998	225157337	3.0
354589536	225157337	3.0
362684406	225157337	2.0
362826846	225157337	3.0
577906687	225157337	3.0
271626042	225157337	3.0
271290752	225157337	2.0
265799244	225157337	0.0
265799245	225157337	0.0
265800196	225157337	1.0
271290369	225157337	1.0
271291969	225157337	3.0
225157338	225157338	0
225158141	225157338	0.0
225981847	225157338	2.0
318329000	225157338	2.0
318329001	225157338	2.0
166084350	225157338	3.0
166084351	225157338	3.0
166084352	225157338	4.0
166084355	225157338	3.0
166084356	225157338	3.0
225158777	225157338	3.0
535343942	225157338	4.0
271290738	225157338	3.0
271460385	225157338	4.0
224034804	225157338	2.0
224034884	225157338	3.0
224035031	225157338	3.0
318328998	225157338	3.0
354589536	225157338	4.0
362684406	225157338	3.0
362826846	225157338	4.0
577906687	225157338	3.0
271626042	225157338	2.0
271290752	225157338	3.0
265799244	225157338	2.0
265799245	225157338	2.0
265800196	225157338	0.0
271290369	225157338	1.0
271291969	225157338	2.0
225158141	225158141	0
225981847	225158141	2.0
318329000	225158141	2.0
318329001	225158141	2.0
166084350	225158141	3.0
166084351	225158141	3.0
166084352	225158141	4.0
166084355	225158141	3.0
166084356	225158141	3.0
225158777	225158141	3.0
535343942	225158141	4.0
271290738	225158141	3.0
271460385	225158141	4.0
224034804	225158141	2.0
224034884	225158141	3.0
224035031	225158141	3.0
318328998	225158141	3.0
354589536	225158141	3.0
362684406	225158141	3.0
362826846	225158141	3.0
577906687	225158141	3.0
271626042	225158141	2.0
271290752	225158141	3.0
265799244	225158141	1.0
265799245	225158141	1.0
265800196	225158141	0.0
271290369	225158141	2.0
271291969	225158141	2.0
225981847	225981847	0
318329000	225981847	0.0
318329001	225981847	0.0
166084350	225981847	3.0
166084351	225981847	3.0
166084352	225981847	3.0
166084355	225981847	3.0
166084356	225981847	3.0
225158777	225981847	3.0
535343942	225981847	4.0
271290738	225981847	2.0
271460385	225981847	4.0
224034804	225981847	2.0
224034884	225981847	3.0
224035031	225981847	3.0
318328998	225981847	3.0
354589536	225981847	3.0
362684406	225981847	2.0
362826846	225981847	3.0
577906687	225981847	3.0
271626042	225981847	3.0
271290752	225981847	2.0
265799244	225981847	2.0
265799245	225981847	1.0
265800196	225981847	2.0
271290369	225981847	1.0
271291969	225981847	3.0
318329000	318329000	0
318329001	318329000	0.0
166084350	318329000	3.0
166084351	318329000	3.0
166084352	318329000	3.0
166084355	318329000	3.0
166084356	318329000	3.0
225158777	318329000	3.0
535343942	318329000	4.0
271290738	318329000	2.0
271460385	318329000	4.0
224034804	318329000	2.0
224034884	318329000	3.0
224035031	318329000	3.0
318328998	318329000	3.0
354589536	318329000	3.0
362684406	318329000	2.0
362826846	318329000	3.0
577906687	318329000	3.0
271626042	318329000	3.0
271290752	318329000	2.0
265799244	318329000	1.0
265799245	318329000	1.0
265800196	318329000	2.0
271290369	318329000	1.0
271291969	318329000	3.0
318329001	318329001	0
166084350	318329001	3.0
166084351	318329001	3.0
166084352	318329001	3.0
166084355	318329001	3.0
166084356	318329001	3.0
225158777	318329001	3.0
535343942	318329001	4.0
271290738	318329001	2.0
271460385	318329001	4.0
224034804	318329001	2.0
224034884	318329001	3.0
224035031	318329001	3.0
318328998	318329001	3.0
354589536	318329001	3.0
362684406	318329001	2.0
362826846	318329001	3.0
577906687	318329001	3.0
271626042	318329001	3.0
271290752	318329001	2.0
265799244	318329001	1.0
265799245	318329001	1.0
265800196	318329001	2.0
271290369	318329001	1.0
271291969	318329001	3.0
166084350	166084350	0
166084351	166084350	0.0
166084352	166084350	0.0
166084355	166084350	0.0
166084356	166084350	0.0
225158777	166084350	0.0
535343942	166084350	2.0
271290738	166084350	3.0
271460385	166084350	1.0
224034804	166084350	2.0
224034884	166084350	2.0
224035031	166084350	2.0
318328998	166084350	3.0
354589536	166084350	3.0
362684406	166084350	3.0
362826846	166084350	3.0
577906687	166084350	2.0
271626042	166084350	3.0
271290752	166084350	3.0
265799244	166084350	3.0
265799245	166084350	3.0
265800196	166084350	3.0
271290369	166084350	3.0
271291969	166084350	2.0
166084351	166084351	0
166084352	166084351	0.0
166084355	166084351	0.0
166084356	166084351	0.0
225158777	166084351	1.0
535343942	166084351	1.0
271290738	166084351	3.0
271460385	166084351	1.0
224034804	166084351	2.0
224034884	166084351	2.0
224035031	166084351	2.0
318328998	166084351	3.0
354589536	166084351	3.0
362684406	166084351	3.0
362826846	166084351	3.0
577906687	166084351	2.0
271626042	166084351	3.0
271290752	166084351	3.0
265799244	166084351	3.0
265799245	166084351	3.0
265800196	166084351	3.0
271290369	166084351	3.0
271291969	166084351	2.0
166084352	166084352	0
166084355	166084352	0.0
166084356	166084352	0.0
225158777	166084352	1.0
535343942	166084352	1.0
271290738	166084352	3.0
271460385	166084352	0.0
224034804	166084352	3.0
224034884	166084352	3.0
224035031	166084352	3.0
318328998	166084352	3.0
354589536	166084352	3.0
362684406	166084352	3.0
362826846	166084352	3.0
577906687	166084352	2.0
271626042	166084352	4.0
271290752	166084352	3.0
265799244	166084352	3.0
265799245	166084352	3.0
265800196	166084352	4.0
271290369	166084352	3.0
271291969	166084352	2.0
166084355	166084355	0
166084356	166084355	0.0
225158777	166084355	1.0
535343942	166084355	1.0
271290738	166084355	3.0
271460385	166084355	1.0
224034804	166084355	2.0
224034884	166084355	2.0
224035031	166084355	2.0
318328998	166084355	3.0
354589536	166084355	3.0
362684406	166084355	3.0
362826846	166084355	3.0
577906687	166084355	2.0
271626042	166084355	3.0
271290752	166084355	3.0
265799244	166084355	3.0
265799245	166084355	3.0
265800196	166084355	3.0
271290369	166084355	3.0
271291969	166084355	2.0
166084356	166084356	0
225158777	166084356	0.0
535343942	166084356	2.0
271290738	166084356	3.0
271460385	166084356	1.0
224034804	166084356	2.0
224034884	166084356	2.0
224035031	166084356	2.0
318328998	166084356	3.0
354589536	166084356	3.0
362684406	166084356	3.0
362826846	166084356	3.0
577906687	166084356	2.0
271626042	166084356	3.0
271290752	166084356	3.0
265799244	166084356	3.0
265799245	166084356	3.0
265800196	166084356	3.0
271290369	166084356	3.0
271291969	166084356	2.0
225158777	225158777	0
535343942	225158777	2.0
271290738	225158777	3.0
271460385	225158777	2.0
224034804	225158777	2.0
224034884	225158777	2.0
224035031	225158777	2.0
318328998	225158777	3.0
354589536	225158777	3.0
362684406	225158777	2.0
362826846	225158777	3.0
577906687	225158777	2.0
271626042	225158777	3.0
271290752	225158777	3.0
265799244	225158777	3.0
265799245	225158777	3.0
265800196	225158777	3.0
271290369	225158777	3.0
271291969	225158777	2.0
535343942	535343942	0
271290738	535343942	4.0
271460385	535343942	0.0
224034804	535343942	3.0
224034884	535343942	3.0
224035031	535343942	3.0
318328998	535343942	3.0
354589536	535343942	4.0
362684406	535343942	4.0
362826846	535343942	4.0
577906687	535343942	3.0
271626042	535343942	4.0
271290752	535343942	4.0
265799244	535343942	4.0
265799245	535343942	4.0
265800196	535343942	4.0
271290369	535343942	4.0
271291969	535343942	3.0
271290738	271290738	0
271460385	271290738	3.0
224034804	271290738	1.0
224034884	271290738	2.0
224035031	271290738	1.0
318328998	271290738	2.0
354589536	271290738	3.0
362684406	271290738	0.0
362826846	271290738	3.0
577906687	271290738	2.0
271626042	271290738	3.0
271290752	271290738	0.0
265799244	271290738	2.0
265799245	271290738	2.0
265800196	271290738	3.0
271290369	271290738	2.0
271291969	271290738	2.0
271460385	271460385	0
224034804	271460385	3.0
224034884	271460385	3.0
224035031	271460385	3.0
318328998	271460385	3.0
354589536	271460385	3.0
362684406	271460385	3.0
362826846	271460385	3.0
577906687	271460385	3.0
271626042	271460385	4.0
271290752	271460385	3.0
265799244	271460385	3.0
265799245	271460385	4.0
265800196	271460385	4.0
271290369	271460385	3.0
271291969	271460385	3.0
224034804	224034804	0
224034884	224034804	0.0
224035031	224034804	2.0
318328998	224034804	3.0
354589536	224034804	2.0
362684406	224034804	1.0
362826846	224034804	2.0
577906687	224034804	2.0
271626042	224034804	2.0
271290752	224034804	1.0
265799244	224034804	2.0
265799245	224034804	2.0
265800196	224034804	2.0
271290369	224034804	1.0
271291969	224034804	1.0
224034884	224034884	0
224035031	224034884	1.0
318328998	224034884	2.0
354589536	224034884	3.0
362684406	224034884	2.0
362826846	224034884	3.0
577906687	224034884	2.0
271626042	224034884	2.0
271290752	224034884	2.0
265799244	224034884	2.0
265799245	224034884	2.0
265800196	224034884	3.0
271290369	224034884	2.0
271291969	224034884	0.0
224035031	224035031	0
318328998	224035031	2.0
354589536	224035031	2.0
362684406	224035031	1.0
362826846	224035031	2.0
577906687	224035031	1.0
271626042	224035031	3.0
271290752	224035031	1.0
265799244	224035031	2.0
265799245	224035031	3.0
265800196	224035031	3.0
271290369	224035031	2.0
271291969	224035031	1.0
318328998	318328998	0
354589536	318328998	1.0
362684406	318328998	2.0
362826846	318328998	1.0
577906687	318328998	2.0
271626042	318328998	3.0
271290752	318328998	2.0
265799244	318328998	3.0
265799245	318328998	3.0
265800196	318328998	3.0
271290369	318328998	3.0
271291969	318328998	3.0
354589536	354589536	0
362684406	354589536	3.0
362826846	354589536	0.0
577906687	354589536	2.0
271626042	354589536	3.0
271290752	354589536	3.0
265799244	354589536	3.0
265799245	354589536	3.0
265800196	354589536	4.0
271290369	354589536	3.0
271291969	354589536	3.0
362684406	362684406	0
362826846	362684406	3.0
577906687	362684406	1.0
271626042	362684406	3.0
271290752	362684406	0.0
265799244	362684406	2.0
265799245	362684406	2.0
265800196	362684406	3.0
271290369	362684406	2.0
271291969	362684406	2.0
362826846	362826846	0
577906687	362826846	2.0
271626042	362826846	3.0
271290752	362826846	3.0
265799244	362826846	3.0
265799245	362826846	3.0
265800196	362826846	3.0
271290369	362826846	2.0
271291969	362826846	2.0
577906687	577906687	0
271626042	577906687	3.0
271290752	577906687	2.0
265799244	577906687	3.0
265799245	577906687	3.0
265800196	577906687	3.0
271290369	577906687	3.0
271291969	577906687	2.0
271626042	271626042	0
271290752	271626042	3.0
265799244	271626042	2.0
265799245	271626042	2.0
265800196	271626042	2.0
271290369	271626042	2.0
271291969	271626042	3.0
271290752	271290752	0
265799244	271290752	2.0
265799245	271290752	2.0
265800196	271290752	3.0
271290369	271290752	1.0
271291969	271290752	1.0
265799244	265799244	0
265799245	265799244	0.0
265800196	265799244	2.0
271290369	265799244	1.0
271291969	265799244	2.0
265799245	265799245	0
265800196	265799245	1.0
271290369	265799245	1.0
271291969	265799245	2.0
265800196	265800196	0
271290369	265800196	1.0
271291969	265800196	2.0
271290369	271290369	0
271291969	271290369	2.0
271291969	271291969	0
