271902831	[2,-7.0,5.0]	40.82455901176471	-73.94947556470586	0.035659623226867505	0.6624684119785221	0.18424173416885203	0.02130980724327219	0.6946236559139785	0.2150123509256554
271902832	[2,-6.0,4.0]	40.82465474615385	-73.94969467692307	0.035659623226867505	0.6624684119785221	0.18424173416885203	0.02130980724327219	0.6946236559139785	0.2150123509256554
271902834	[2,-5.0,3.0]	40.82474911428572	-73.94992560000001	0.035659623226867505	0.6624684119785221	0.18424173416885203	0.02130980724327219	0.6946236559139785	0.2150123509256554
271902836	[2,-3.0,1.0]	40.824844026666675	-73.95014638	0.035659623226867505	0.6624684119785221	0.18424173416885203	0.02130980724327219	0.6946236559139785	0.2150123509256554
271902838	[2,-2.0,0.0]	40.82494465882353	-73.9503680235294	0.035659623226867505	0.6624684119785221	0.18424173416885203	0.02130980724327219	0.6946236559139785	0.2150123509256554
271902840	[1,0.0,-1.0]	40.825038400000004	-73.95059125294117	0.035659623226867505	0.6624684119785221	0.18424173416885203	0.02130980724327219	0.6946236559139785	0.2150123509256554
275081016	[4,6.0,-10.0]	40.82633912222222	-73.95175755	0.035659623226867505	0.6624684119785221	0.18424173416885203	0.02130980724327219	0.6946236559139785	0.2150123509256554
118527538	[-1,26.0,-25.0]	40.82727513571429	-73.95527537857143	0.035659623226867505	0.6624684119785221	0.18424173416885203	0.02130980724327219	0.6946236559139785	0.2150123509256554
118527555	[-29,42.0,-13.0]	40.82323884	-73.95820047999999	0.035659623226867505	0.6624684119785221	0.18424173416885203	0.02130980724327219	0.6946236559139785	0.2150123509256554
338167659	[-23,7.0,16.0]	40.82081144	-73.95203168	0.035659623226867505	0.6624684119785221	0.18424173416885203	0.02130980724327219	0.6946236559139785	0.2150123509256554
367235358	[-25,38.0,-13.0]	40.82360368	-73.9574239	0.035659623226867505	0.6624684119785221	0.18424173416885203	0.02130980724327219	0.6946236559139785	0.2150123509256554
367235360	[-25,40.0,-15.0]	40.82381108	-73.95788868	0.035659623226867505	0.6624684119785221	0.18424173416885203	0.02130980724327219	0.6946236559139785	0.2150123509256554
367235362	[-25,39.0,-14.0]	40.82367128	-73.95759708	0.035659623226867505	0.6624684119785221	0.18424173416885203	0.02130980724327219	0.6946236559139785	0.2150123509256554
367235363	[-27,41.0,-14.0]	40.823528120000006	-73.95807378	0.035659623226867505	0.6624684119785221	0.18424173416885203	0.02130980724327219	0.6946236559139785	0.2150123509256554
367235365	[-27,42.0,-15.0]	40.82358712	-73.95822848	0.035659623226867505	0.6624684119785221	0.18424173416885203	0.02130980724327219	0.6946236559139785	0.2150123509256554
367235369	[-25,41.0,-16.0]	40.82386931999999	-73.95804296	0.035659623226867505	0.6624684119785221	0.18424173416885203	0.02130980724327219	0.6946236559139785	0.2150123509256554
367236664	[-29,47.0,-18.0]	40.823632700000005	-73.95903324	0.035659623226867505	0.6624684119785221	0.18424173416885203	0.02130980724327219	0.6946236559139785	0.2150123509256554
367236666	[-29,45.0,-16.0]	40.823496999999996	-73.95866910000001	0.035659623226867505	0.6624684119785221	0.18424173416885203	0.02130980724327219	0.6946236559139785	0.2150123509256554
367236669	[-27,45.0,-18.0]	40.823856559999996	-73.95863359999998	0.035659623226867505	0.6624684119785221	0.18424173416885203	0.02130980724327219	0.6946236559139785	0.2150123509256554
254594896	[39,-36.0,-3.0]	40.8291227	-73.94425638	0.035659623226867505	0.6624684119785221	0.18424173416885203	0.02130980724327219	0.6946236559139785	0.2150123509256554
265958324	[-28,-6.0,34.0]	40.8184155	-73.9496584	0.035659623226867505	0.6624684119785221	0.18424173416885203	0.02130980724327219	0.6946236559139785	0.2150123509256554
271885539	[-29,-5.0,34.0]	40.818369325714286	-73.94984208571431	0.035659623226867505	0.6624684119785221	0.18424173416885203	0.02130980724327219	0.6946236559139785	0.2150123509256554
271909947	[-25,13.0,12.0]	40.82098896538461	-73.95303147692307	0.035659623226867505	0.6624684119785221	0.18424173416885203	0.02130980724327219	0.6946236559139785	0.2150123509256554
271910072	[-39,9.0,30.0]	40.81773581666667	-73.95239626666667	0.035659623226867505	0.6624684119785221	0.18424173416885203	0.02130980724327219	0.6946236559139785	0.2150123509256554
271901881	[17,-16.0,-1.0]	40.82666420476192	-73.94784515952381	0.035659623226867505	0.6624684119785221	0.18424173416885203	0.02130980724327219	0.6946236559139785	0.2150123509256554
271896203	[43,-34.0,-9.0]	40.8300716375	-73.9446720875	0.035659623226867505	0.6624684119785221	0.18424173416885203	0.02130980724327219	0.6946236559139785	0.2150123509256554
108239586	[-24,16.0,8.0]	40.821595975	-73.95345795	0.035659623226867505	0.6624684119785221	0.18424173416885203	0.02130980724327219	0.6946236559139785	0.2150123509256554
108239588	[-11,4.0,7.0]	40.82303766	-73.95139682	0.035659623226867505	0.6624684119785221	0.18424173416885203	0.02130980724327219	0.6946236559139785	0.2150123509256554
118524658	[2,-11.0,9.0]	40.824112625	-73.948627325	0.035659623226867505	0.6624684119785221	0.18424173416885203	0.02130980724327219	0.6946236559139785	0.2150123509256554
254594897	[-2,-8.0,10.0]	40.82357912222222	-73.94926713333334	0.035659623226867505	0.6624684119785221	0.18424173416885203	0.02130980724327219	0.6946236559139785	0.2150123509256554
255593919	[-27,-12.0,39.0]	40.8181604125	-73.9485665375	0.035659623226867505	0.6624684119785221	0.18424173416885203	0.02130980724327219	0.6946236559139785	0.2150123509256554
315402582	[19,-13.0,-6.0]	40.82747171111111	-73.94841398888889	0.035659623226867505	0.6624684119785221	0.18424173416885203	0.02130980724327219	0.6946236559139785	0.2150123509256554
409216519	[1,17.0,-18.0]	40.826692560000005	-73.95368364000001	0.035659623226867505	0.6624684119785221	0.18424173416885203	0.02130980724327219	0.6946236559139785	0.2150123509256554
118524706	[40,-45.0,5.0]	40.828398500000006	-73.942624	0.035659623226867505	0.6624684119785221	0.18424173416885203	0.02130980724327219	0.6946236559139785	0.2150123509256554
271883511	[8,-22.0,14.0]	40.824193103999995	-73.94689595599999	0.035659623226867505	0.6624684119785221	0.18424173416885203	0.02130980724327219	0.6946236559139785	0.2150123509256554
271901800	[12,-15.0,3.0]	40.825743620000004	-73.94799903999998	0.035659623226867505	0.6624684119785221	0.18424173416885203	0.02130980724327219	0.6946236559139785	0.2150123509256554
118527506	[-10,34.0,-24.0]	40.82631667142857	-73.95675437142857	0.035659623226867505	0.6624684119785221	0.18424173416885203	0.02130980724327219	0.6946236559139785	0.2150123509256554
118527521	[-21,43.0,-22.0]	40.8249596	-73.9582627	0.035659623226867505	0.6624684119785221	0.18424173416885203	0.02130980724327219	0.6946236559139785	0.2150123509256554
118527530	[-10,29.0,-19.0]	40.82571548	-73.9558804	0.035659623226867505	0.6624684119785221	0.18424173416885203	0.02130980724327219	0.6946236559139785	0.2150123509256554
271908050	[-15,1.0,14.0]	40.821850863636364	-73.95079902727274	0.035659623226867505	0.6624684119785221	0.18424173416885203	0.02130980724327219	0.6946236559139785	0.2150123509256554
271885591	[-4,-18.0,22.0]	40.82212374418603	-73.94748491395349	0.035659623226867505	0.6624684119785221	0.18424173416885203	0.02130980724327219	0.6946236559139785	0.2150123509256554
271896284	[43,-29.0,-14.0]	40.83065656666667	-73.94545447777779	0.035659623226867505	0.6624684119785221	0.18424173416885203	0.02130980724327219	0.6946236559139785	0.2150123509256554
271896287	[44,-36.0,-8.0]	40.83023175	-73.94433031666667	0.035659623226867505	0.6624684119785221	0.18424173416885203	0.02130980724327219	0.6946236559139785	0.2150123509256554
271896289	[44,-34.0,-10.0]	40.83033917142858	-73.94462911428572	0.035659623226867505	0.6624684119785221	0.18424173416885203	0.02130980724327219	0.6946236559139785	0.2150123509256554
271905144	[-3,-2.0,5.0]	40.8241023	-73.95037337142857	0.035659623226867505	0.6624684119785221	0.18424173416885203	0.02130980724327219	0.6946236559139785	0.2150123509256554
271902831	271902831	0
271902832	271902831	0.0
271902834	271902831	0.0
271902836	271902831	0.0
271902838	271902831	0.0
271902840	271902831	0.0
275081016	271902831	2.0
118527538	271902831	2.0
118527555	271902831	4.0
338167659	271902831	2.0
367235358	271902831	4.0
367235360	271902831	4.0
367235362	271902831	4.0
367235363	271902831	4.0
367235365	271902831	4.0
367235369	271902831	4.0
367236664	271902831	4.0
367236666	271902831	4.0
367236669	271902831	4.0
254594896	271902831	2.0
265958324	271902831	3.0
271885539	271902831	3.0
271909947	271902831	2.0
271910072	271902831	3.0
271901881	271902831	3.0
271896203	271902831	3.0
108239586	271902831	2.0
108239588	271902831	2.0
118524658	271902831	0.0
254594897	271902831	1.0
255593919	271902831	3.0
315402582	271902831	3.0
409216519	271902831	4.0
118524706	271902831	3.0
271883511	271902831	1.0
271901800	271902831	1.0
118527506	271902831	3.0
118527521	271902831	4.0
118527530	271902831	4.0
271908050	271902831	3.0
271885591	271902831	2.0
271896284	271902831	3.0
271896287	271902831	3.0
271896289	271902831	3.0
271905144	271902831	1.0
271902832	271902832	0
271902834	271902832	0.0
271902836	271902832	0.0
271902838	271902832	0.0
271902840	271902832	0.0
275081016	271902832	2.0
118527538	271902832	2.0
118527555	271902832	4.0
338167659	271902832	2.0
367235358	271902832	4.0
367235360	271902832	4.0
367235362	271902832	4.0
367235363	271902832	4.0
367235365	271902832	4.0
367235369	271902832	4.0
367236664	271902832	4.0
367236666	271902832	4.0
367236669	271902832	4.0
254594896	271902832	3.0
265958324	271902832	3.0
271885539	271902832	3.0
271909947	271902832	2.0
271910072	271902832	3.0
271901881	271902832	3.0
271896203	271902832	3.0
108239586	271902832	2.0
108239588	271902832	2.0
118524658	271902832	0.0
254594897	271902832	1.0
255593919	271902832	3.0
315402582	271902832	3.0
409216519	271902832	4.0
118524706	271902832	3.0
271883511	271902832	1.0
271901800	271902832	1.0
118527506	271902832	3.0
118527521	271902832	4.0
118527530	271902832	4.0
271908050	271902832	3.0
271885591	271902832	2.0
271896284	271902832	3.0
271896287	271902832	3.0
271896289	271902832	3.0
271905144	271902832	1.0
271902834	271902834	0
271902836	271902834	0.0
271902838	271902834	0.0
271902840	271902834	0.0
275081016	271902834	2.0
118527538	271902834	2.0
118527555	271902834	4.0
338167659	271902834	2.0
367235358	271902834	4.0
367235360	271902834	4.0
367235362	271902834	4.0
367235363	271902834	4.0
367235365	271902834	4.0
367235369	271902834	4.0
367236664	271902834	4.0
367236666	271902834	4.0
367236669	271902834	4.0
254594896	271902834	3.0
265958324	271902834	3.0
271885539	271902834	3.0
271909947	271902834	2.0
271910072	271902834	3.0
271901881	271902834	3.0
271896203	271902834	3.0
108239586	271902834	2.0
108239588	271902834	2.0
118524658	271902834	0.0
254594897	271902834	1.0
255593919	271902834	3.0
315402582	271902834	3.0
409216519	271902834	4.0
118524706	271902834	3.0
271883511	271902834	1.0
271901800	271902834	1.0
118527506	271902834	2.0
118527521	271902834	4.0
118527530	271902834	4.0
271908050	271902834	3.0
271885591	271902834	2.0
271896284	271902834	3.0
271896287	271902834	3.0
271896289	271902834	3.0
271905144	271902834	1.0
271902836	271902836	0
271902838	271902836	0.0
271902840	271902836	0.0
275081016	271902836	2.0
118527538	271902836	2.0
118527555	271902836	4.0
338167659	271902836	2.0
367235358	271902836	4.0
367235360	271902836	4.0
367235362	271902836	4.0
367235363	271902836	4.0
367235365	271902836	4.0
367235369	271902836	4.0
367236664	271902836	4.0
367236666	271902836	4.0
367236669	271902836	4.0
254594896	271902836	3.0
265958324	271902836	3.0
271885539	271902836	3.0
271909947	271902836	3.0
271910072	271902836	3.0
271901881	271902836	2.0
271896203	271902836	3.0
108239586	271902836	3.0
108239588	271902836	2.0
118524658	271902836	0.0
254594897	271902836	1.0
255593919	271902836	3.0
315402582	271902836	3.0
409216519	271902836	4.0
118524706	271902836	3.0
271883511	271902836	1.0
271901800	271902836	1.0
118527506	271902836	2.0
118527521	271902836	4.0
118527530	271902836	4.0
271908050	271902836	3.0
271885591	271902836	2.0
271896284	271902836	3.0
271896287	271902836	3.0
271896289	271902836	3.0
271905144	271902836	1.0
271902838	271902838	0
271902840	271902838	0.0
275081016	271902838	2.0
118527538	271902838	2.0
118527555	271902838	4.0
338167659	271902838	2.0
367235358	271902838	4.0
367235360	271902838	4.0
367235362	271902838	4.0
367235363	271902838	4.0
367235365	271902838	4.0
367235369	271902838	4.0
367236664	271902838	4.0
367236666	271902838	4.0
367236669	271902838	4.0
254594896	271902838	3.0
265958324	271902838	3.0
271885539	271902838	3.0
271909947	271902838	2.0
271910072	271902838	3.0
271901881	271902838	2.0
271896203	271902838	3.0
108239586	271902838	3.0
108239588	271902838	2.0
118524658	271902838	0.0
254594897	271902838	1.0
255593919	271902838	3.0
315402582	271902838	3.0
409216519	271902838	4.0
118524706	271902838	3.0
271883511	271902838	1.0
271901800	271902838	2.0
118527506	271902838	2.0
118527521	271902838	4.0
118527530	271902838	4.0
271908050	271902838	3.0
271885591	271902838	2.0
271896284	271902838	3.0
271896287	271902838	3.0
271896289	271902838	3.0
271905144	271902838	1.0
271902840	271902840	0
275081016	271902840	2.0
118527538	271902840	2.0
118527555	271902840	4.0
338167659	271902840	2.0
367235358	271902840	4.0
367235360	271902840	4.0
367235362	271902840	4.0
367235363	271902840	4.0
367235365	271902840	4.0
367235369	271902840	4.0
367236664	271902840	4.0
367236666	271902840	4.0
367236669	271902840	4.0
254594896	271902840	3.0
265958324	271902840	3.0
271885539	271902840	3.0
271909947	271902840	2.0
271910072	271902840	3.0
271901881	271902840	2.0
271896203	271902840	3.0
108239586	271902840	2.0
108239588	271902840	2.0
118524658	271902840	0.0
254594897	271902840	1.0
255593919	271902840	3.0
315402582	271902840	3.0
409216519	271902840	4.0
118524706	271902840	3.0
271883511	271902840	1.0
271901800	271902840	2.0
118527506	271902840	2.0
118527521	271902840	4.0
118527530	271902840	4.0
271908050	271902840	3.0
271885591	271902840	2.0
271896284	271902840	3.0
271896287	271902840	3.0
271896289	271902840	3.0
271905144	271902840	1.0
275081016	275081016	0
118527538	275081016	2.0
118527555	275081016	4.0
338167659	275081016	3.0
367235358	275081016	4.0
367235360	275081016	4.0
367235362	275081016	4.0
367235363	275081016	4.0
367235365	275081016	4.0
367235369	275081016	4.0
367236664	275081016	4.0
367236666	275081016	4.0
367236669	275081016	4.0
254594896	275081016	3.0
265958324	275081016	3.0
271885539	275081016	3.0
271909947	275081016	3.0
271910072	275081016	3.0
271901881	275081016	2.0
271896203	275081016	3.0
108239586	275081016	3.0
108239588	275081016	2.0
118524658	275081016	2.0
254594897	275081016	2.0
255593919	275081016	3.0
315402582	275081016	2.0
409216519	275081016	4.0
118524706	275081016	3.0
271883511	275081016	2.0
271901800	275081016	1.0
118527506	275081016	2.0
118527521	275081016	4.0
118527530	275081016	4.0
271908050	275081016	3.0
271885591	275081016	3.0
271896284	275081016	3.0
271896287	275081016	3.0
271896289	275081016	3.0
271905144	275081016	1.0
118527538	118527538	0
118527555	118527538	4.0
338167659	118527538	3.0
367235358	118527538	4.0
367235360	118527538	4.0
367235362	118527538	4.0
367235363	118527538	4.0
367235365	118527538	4.0
367235369	118527538	4.0
367236664	118527538	4.0
367236666	118527538	4.0
367236669	118527538	4.0
254594896	118527538	3.0
265958324	118527538	4.0
271885539	118527538	4.0
271909947	118527538	3.0
271910072	118527538	4.0
271901881	118527538	2.0
271896203	118527538	3.0
108239586	118527538	3.0
108239588	118527538	3.0
118524658	118527538	3.0
254594897	118527538	3.0
255593919	118527538	4.0
315402582	118527538	2.0
409216519	118527538	4.0
118524706	118527538	3.0
271883511	118527538	3.0
271901800	118527538	2.0
118527506	118527538	0.0
118527521	118527538	4.0
118527530	118527538	4.0
271908050	118527538	3.0
271885591	118527538	3.0
271896284	118527538	3.0
271896287	118527538	3.0
271896289	118527538	3.0
271905144	118527538	3.0
118527555	118527555	0
338167659	118527555	3.0
367235358	118527555	0.0
367235360	118527555	0.0
367235362	118527555	0.0
367235363	118527555	0.0
367235365	118527555	0.0
367235369	118527555	0.0
367236664	118527555	0.0
367236666	118527555	0.0
367236669	118527555	0.0
254594896	118527555	4.0
265958324	118527555	4.0
271885539	118527555	4.0
271909947	118527555	3.0
271910072	118527555	3.0
271901881	118527555	4.0
271896203	118527555	4.0
108239586	118527555	3.0
108239588	118527555	3.0
118524658	118527555	4.0
254594897	118527555	4.0
255593919	118527555	4.0
315402582	118527555	4.0
409216519	118527555	3.0
118524706	118527555	4.0
271883511	118527555	4.0
271901800	118527555	4.0
118527506	118527555	4.0
118527521	118527555	0.0
118527530	118527555	1.0
271908050	118527555	4.0
271885591	118527555	4.0
271896284	118527555	4.0
271896287	118527555	4.0
271896289	118527555	4.0
271905144	118527555	4.0
338167659	338167659	0
367235358	338167659	3.0
367235360	338167659	3.0
367235362	338167659	3.0
367235363	338167659	3.0
367235365	338167659	3.0
367235369	338167659	3.0
367236664	338167659	3.0
367236666	338167659	3.0
367236669	338167659	3.0
254594896	338167659	3.0
265958324	338167659	3.0
271885539	338167659	3.0
271909947	338167659	0.0
271910072	338167659	2.0
271901881	338167659	3.0
271896203	338167659	3.0
108239586	338167659	0.0
108239588	338167659	1.0
118524658	338167659	2.0
254594897	338167659	2.0
255593919	338167659	3.0
315402582	338167659	3.0
409216519	338167659	4.0
118524706	338167659	3.0
271883511	338167659	2.0
271901800	338167659	2.0
118527506	338167659	3.0
118527521	338167659	4.0
118527530	338167659	4.0
271908050	338167659	1.0
271885591	338167659	2.0
271896284	338167659	3.0
271896287	338167659	3.0
271896289	338167659	3.0
271905144	338167659	2.0
367235358	367235358	0
367235360	367235358	0.0
367235362	367235358	0.0
367235363	367235358	0.0
367235365	367235358	0.0
367235369	367235358	0.0
367236664	367235358	0.0
367236666	367235358	0.0
367236669	367235358	0.0
254594896	367235358	4.0
265958324	367235358	4.0
271885539	367235358	4.0
271909947	367235358	3.0
271910072	367235358	3.0
271901881	367235358	4.0
271896203	367235358	4.0
108239586	367235358	3.0
108239588	367235358	3.0
118524658	367235358	4.0
254594897	367235358	4.0
255593919	367235358	4.0
315402582	367235358	4.0
409216519	367235358	3.0
118524706	367235358	4.0
271883511	367235358	4.0
271901800	367235358	4.0
118527506	367235358	4.0
118527521	367235358	0.0
118527530	367235358	1.0
271908050	367235358	4.0
271885591	367235358	4.0
271896284	367235358	4.0
271896287	367235358	4.0
271896289	367235358	4.0
271905144	367235358	4.0
367235360	367235360	0
367235362	367235360	0.0
367235363	367235360	0.0
367235365	367235360	0.0
367235369	367235360	0.0
367236664	367235360	0.0
367236666	367235360	0.0
367236669	367235360	0.0
254594896	367235360	4.0
265958324	367235360	4.0
271885539	367235360	4.0
271909947	367235360	3.0
271910072	367235360	3.0
271901881	367235360	4.0
271896203	367235360	4.0
108239586	367235360	3.0
108239588	367235360	3.0
118524658	367235360	4.0
254594897	367235360	4.0
255593919	367235360	4.0
315402582	367235360	4.0
409216519	367235360	3.0
118524706	367235360	4.0
271883511	367235360	4.0
271901800	367235360	4.0
118527506	367235360	4.0
118527521	367235360	0.0
118527530	367235360	1.0
271908050	367235360	4.0
271885591	367235360	4.0
271896284	367235360	4.0
271896287	367235360	4.0
271896289	367235360	4.0
271905144	367235360	4.0
367235362	367235362	0
367235363	367235362	0.0
367235365	367235362	0.0
367235369	367235362	0.0
367236664	367235362	0.0
367236666	367235362	0.0
367236669	367235362	0.0
254594896	367235362	4.0
265958324	367235362	4.0
271885539	367235362	4.0
271909947	367235362	3.0
271910072	367235362	3.0
271901881	367235362	4.0
271896203	367235362	4.0
108239586	367235362	3.0
108239588	367235362	3.0
118524658	367235362	4.0
254594897	367235362	4.0
255593919	367235362	4.0
315402582	367235362	4.0
409216519	367235362	3.0
118524706	367235362	4.0
271883511	367235362	4.0
271901800	367235362	4.0
118527506	367235362	4.0
118527521	367235362	0.0
118527530	367235362	1.0
271908050	367235362	4.0
271885591	367235362	4.0
271896284	367235362	4.0
271896287	367235362	4.0
271896289	367235362	4.0
271905144	367235362	4.0
367235363	367235363	0
367235365	367235363	0.0
367235369	367235363	0.0
367236664	367235363	0.0
367236666	367235363	0.0
367236669	367235363	0.0
254594896	367235363	4.0
265958324	367235363	4.0
271885539	367235363	4.0
271909947	367235363	3.0
271910072	367235363	3.0
271901881	367235363	4.0
271896203	367235363	4.0
108239586	367235363	3.0
108239588	367235363	3.0
118524658	367235363	4.0
254594897	367235363	4.0
255593919	367235363	4.0
315402582	367235363	4.0
409216519	367235363	3.0
118524706	367235363	4.0
271883511	367235363	4.0
271901800	367235363	4.0
118527506	367235363	4.0
118527521	367235363	0.0
118527530	367235363	1.0
271908050	367235363	4.0
271885591	367235363	4.0
271896284	367235363	4.0
271896287	367235363	4.0
271896289	367235363	4.0
271905144	367235363	4.0
367235365	367235365	0
367235369	367235365	0.0
367236664	367235365	0.0
367236666	367235365	0.0
367236669	367235365	0.0
254594896	367235365	4.0
265958324	367235365	4.0
271885539	367235365	4.0
271909947	367235365	3.0
271910072	367235365	3.0
271901881	367235365	4.0
271896203	367235365	4.0
108239586	367235365	3.0
108239588	367235365	3.0
118524658	367235365	4.0
254594897	367235365	4.0
255593919	367235365	4.0
315402582	367235365	4.0
409216519	367235365	3.0
118524706	367235365	4.0
271883511	367235365	4.0
271901800	367235365	4.0
118527506	367235365	4.0
118527521	367235365	0.0
118527530	367235365	1.0
271908050	367235365	4.0
271885591	367235365	4.0
271896284	367235365	4.0
271896287	367235365	4.0
271896289	367235365	4.0
271905144	367235365	4.0
367235369	367235369	0
367236664	367235369	0.0
367236666	367235369	0.0
367236669	367235369	0.0
254594896	367235369	4.0
265958324	367235369	4.0
271885539	367235369	4.0
271909947	367235369	3.0
271910072	367235369	3.0
271901881	367235369	4.0
271896203	367235369	4.0
108239586	367235369	3.0
108239588	367235369	3.0
118524658	367235369	4.0
254594897	367235369	4.0
255593919	367235369	4.0
315402582	367235369	4.0
409216519	367235369	3.0
118524706	367235369	4.0
271883511	367235369	4.0
271901800	367235369	4.0
118527506	367235369	4.0
118527521	367235369	0.0
118527530	367235369	1.0
271908050	367235369	4.0
271885591	367235369	4.0
271896284	367235369	4.0
271896287	367235369	4.0
271896289	367235369	4.0
271905144	367235369	4.0
367236664	367236664	0
367236666	367236664	0.0
367236669	367236664	0.0
254594896	367236664	4.0
265958324	367236664	4.0
271885539	367236664	4.0
271909947	367236664	3.0
271910072	367236664	3.0
271901881	367236664	4.0
271896203	367236664	4.0
108239586	367236664	3.0
108239588	367236664	3.0
118524658	367236664	4.0
254594897	367236664	4.0
255593919	367236664	4.0
315402582	367236664	4.0
409216519	367236664	3.0
118524706	367236664	4.0
271883511	367236664	4.0
271901800	367236664	4.0
118527506	367236664	4.0
118527521	367236664	0.0
118527530	367236664	1.0
271908050	367236664	4.0
271885591	367236664	4.0
271896284	367236664	4.0
271896287	367236664	4.0
271896289	367236664	4.0
271905144	367236664	4.0
367236666	367236666	0
367236669	367236666	0.0
254594896	367236666	4.0
265958324	367236666	4.0
271885539	367236666	4.0
271909947	367236666	3.0
271910072	367236666	3.0
271901881	367236666	4.0
271896203	367236666	4.0
108239586	367236666	3.0
108239588	367236666	3.0
118524658	367236666	4.0
254594897	367236666	4.0
255593919	367236666	4.0
315402582	367236666	4.0
409216519	367236666	3.0
118524706	367236666	4.0
271883511	367236666	4.0
271901800	367236666	4.0
118527506	367236666	4.0
118527521	367236666	0.0
118527530	367236666	1.0
271908050	367236666	4.0
271885591	367236666	4.0
271896284	367236666	4.0
271896287	367236666	4.0
271896289	367236666	4.0
271905144	367236666	4.0
367236669	367236669	0
254594896	367236669	4.0
265958324	367236669	4.0
271885539	367236669	4.0
271909947	367236669	3.0
271910072	367236669	3.0
271901881	367236669	4.0
271896203	367236669	4.0
108239586	367236669	3.0
108239588	367236669	3.0
118524658	367236669	4.0
254594897	367236669	4.0
255593919	367236669	4.0
315402582	367236669	4.0
409216519	367236669	3.0
118524706	367236669	4.0
271883511	367236669	4.0
271901800	367236669	4.0
118527506	367236669	4.0
118527521	367236669	0.0
118527530	367236669	1.0
271908050	367236669	4.0
271885591	367236669	4.0
271896284	367236669	4.0
271896287	367236669	4.0
271896289	367236669	4.0
271905144	367236669	4.0
254594896	254594896	0
265958324	254594896	3.0
271885539	254594896	3.0
271909947	254594896	4.0
271910072	254594896	3.0
271901881	254594896	2.0
271896203	254594896	2.0
108239586	254594896	4.0
108239588	254594896	3.0
118524658	254594896	2.0
254594897	254594896	3.0
255593919	254594896	3.0
315402582	254594896	2.0
409216519	254594896	4.0
118524706	254594896	0.0
271883511	254594896	2.0
271901800	254594896	2.0
118527506	254594896	3.0
118527521	254594896	4.0
118527530	254594896	4.0
271908050	254594896	3.0
271885591	254594896	3.0
271896284	254594896	1.0
271896287	254594896	1.0
271896289	254594896	1.0
271905144	254594896	3.0
265958324	265958324	0
271885539	265958324	0.0
271909947	265958324	2.0
271910072	265958324	1.0
271901881	265958324	3.0
271896203	265958324	3.0
108239586	265958324	2.0
108239588	265958324	3.0
118524658	265958324	3.0
254594897	265958324	2.0
255593919	265958324	0.0
315402582	265958324	3.0
409216519	265958324	4.0
118524706	265958324	3.0
271883511	265958324	3.0
271901800	265958324	3.0
118527506	265958324	4.0
118527521	265958324	4.0
118527530	265958324	4.0
271908050	265958324	2.0
271885591	265958324	2.0
271896284	265958324	4.0
271896287	265958324	4.0
271896289	265958324	4.0
271905144	265958324	3.0
271885539	271885539	0
271909947	271885539	2.0
271910072	271885539	1.0
271901881	271885539	3.0
271896203	271885539	4.0
108239586	271885539	2.0
108239588	271885539	3.0
118524658	271885539	3.0
254594897	271885539	2.0
255593919	271885539	0.0
315402582	271885539	3.0
409216519	271885539	4.0
118524706	271885539	3.0
271883511	271885539	3.0
271901800	271885539	3.0
118527506	271885539	4.0
118527521	271885539	4.0
118527530	271885539	4.0
271908050	271885539	2.0
271885591	271885539	2.0
271896284	271885539	4.0
271896287	271885539	4.0
271896289	271885539	4.0
271905144	271885539	3.0
271909947	271909947	0
271910072	271909947	2.0
271901881	271909947	3.0
271896203	271909947	3.0
108239586	271909947	0.0
108239588	271909947	1.0
118524658	271909947	2.0
254594897	271909947	2.0
255593919	271909947	3.0
315402582	271909947	3.0
409216519	271909947	4.0
118524706	271909947	4.0
271883511	271909947	3.0
271901800	271909947	3.0
118527506	271909947	3.0
118527521	271909947	3.0
118527530	271909947	3.0
271908050	271909947	1.0
271885591	271909947	2.0
271896284	271909947	4.0
271896287	271909947	4.0
271896289	271909947	4.0
271905144	271909947	2.0
271910072	271910072	0
271901881	271910072	3.0
271896203	271910072	4.0
108239586	271910072	2.0
108239588	271910072	3.0
118524658	271910072	3.0
254594897	271910072	3.0
255593919	271910072	1.0
315402582	271910072	3.0
409216519	271910072	4.0
118524706	271910072	3.0
271883511	271910072	3.0
271901800	271910072	3.0
118527506	271910072	4.0
118527521	271910072	3.0
118527530	271910072	3.0
271908050	271910072	2.0
271885591	271910072	2.0
271896284	271910072	4.0
271896287	271910072	4.0
271896289	271910072	4.0
271905144	271910072	3.0
271901881	271901881	0
271896203	271901881	2.0
108239586	271901881	3.0
108239588	271901881	3.0
118524658	271901881	2.0
254594897	271901881	2.0
255593919	271901881	3.0
315402582	271901881	0.0
409216519	271901881	4.0
118524706	271901881	2.0
271883511	271901881	2.0
271901800	271901881	1.0
118527506	271901881	3.0
118527521	271901881	4.0
118527530	271901881	4.0
271908050	271901881	3.0
271885591	271901881	2.0
271896284	271901881	3.0
271896287	271901881	3.0
271896289	271901881	3.0
271905144	271901881	2.0
271896203	271896203	0
108239586	271896203	3.0
108239588	271896203	3.0
118524658	271896203	2.0
254594897	271896203	3.0
255593919	271896203	3.0
315402582	271896203	2.0
409216519	271896203	4.0
118524706	271896203	1.0
271883511	271896203	3.0
271901800	271896203	2.0
118527506	271896203	3.0
118527521	271896203	4.0
118527530	271896203	4.0
271908050	271896203	3.0
271885591	271896203	3.0
271896284	271896203	1.0
271896287	271896203	0.0
271896289	271896203	0.0
271905144	271896203	3.0
108239586	108239586	0
108239588	108239586	1.0
118524658	108239586	2.0
254594897	108239586	2.0
255593919	108239586	3.0
315402582	108239586	3.0
409216519	108239586	4.0
118524706	108239586	4.0
271883511	108239586	3.0
271901800	108239586	3.0
118527506	108239586	3.0
118527521	108239586	3.0
118527530	108239586	3.0
271908050	108239586	1.0
271885591	108239586	2.0
271896284	108239586	4.0
271896287	108239586	4.0
271896289	108239586	4.0
271905144	108239586	2.0
108239588	108239588	0
118524658	108239588	2.0
254594897	108239588	2.0
255593919	108239588	3.0
315402582	108239588	3.0
409216519	108239588	4.0
118524706	108239588	3.0
271883511	108239588	2.0
271901800	108239588	2.0
118527506	108239588	3.0
118527521	108239588	4.0
118527530	108239588	4.0
271908050	108239588	1.0
271885591	108239588	2.0
271896284	108239588	3.0
271896287	108239588	3.0
271896289	108239588	3.0
271905144	108239588	2.0
118524658	118524658	0
254594897	118524658	0.0
255593919	118524658	3.0
315402582	118524658	2.0
409216519	118524658	4.0
118524706	118524658	3.0
271883511	118524658	0.0
271901800	118524658	1.0
118527506	118524658	3.0
118527521	118524658	4.0
118527530	118524658	4.0
271908050	118524658	2.0
271885591	118524658	2.0
271896284	118524658	3.0
271896287	118524658	3.0
271896289	118524658	3.0
271905144	118524658	1.0
254594897	254594897	0
255593919	254594897	2.0
315402582	254594897	2.0
409216519	254594897	4.0
118524706	254594897	3.0
271883511	254594897	1.0
271901800	254594897	1.0
118527506	254594897	3.0
118527521	254594897	4.0
118527530	254594897	4.0
271908050	254594897	1.0
271885591	254594897	1.0
271896284	254594897	3.0
271896287	254594897	3.0
271896289	254594897	3.0
271905144	254594897	0.0
255593919	255593919	0
315402582	255593919	3.0
409216519	255593919	4.0
118524706	255593919	3.0
271883511	255593919	3.0
271901800	255593919	3.0
118527506	255593919	4.0
118527521	255593919	4.0
118527530	255593919	4.0
271908050	255593919	2.0
271885591	255593919	2.0
271896284	255593919	4.0
271896287	255593919	4.0
271896289	255593919	4.0
271905144	255593919	3.0
315402582	315402582	0
409216519	315402582	4.0
118524706	315402582	2.0
271883511	315402582	2.0
271901800	315402582	2.0
118527506	315402582	2.0
118527521	315402582	4.0
118527530	315402582	4.0
271908050	315402582	3.0
271885591	315402582	3.0
271896284	315402582	3.0
271896287	315402582	3.0
271896289	315402582	3.0
271905144	315402582	2.0
409216519	409216519	0
118524706	409216519	4.0
271883511	409216519	4.0
271901800	409216519	4.0
118527506	409216519	4.0
118527521	409216519	4.0
118527530	409216519	4.0
271908050	409216519	4.0
271885591	409216519	4.0
271896284	409216519	4.0
271896287	409216519	4.0
271896289	409216519	4.0
271905144	409216519	4.0
118524706	118524706	0
271883511	118524706	2.0
271901800	118524706	2.0
118527506	118524706	3.0
118527521	118524706	4.0
118527530	118524706	4.0
271908050	118524706	3.0
271885591	118524706	3.0
271896284	118524706	2.0
271896287	118524706	1.0
271896289	118524706	2.0
271905144	118524706	3.0
271883511	271883511	0
271901800	271883511	1.0
118527506	271883511	3.0
118527521	271883511	4.0
118527530	271883511	4.0
271908050	271883511	2.0
271885591	271883511	1.0
271896284	271883511	3.0
271896287	271883511	3.0
271896289	271883511	3.0
271905144	271883511	2.0
271901800	271901800	0
118527506	271901800	2.0
118527521	271901800	4.0
118527530	271901800	4.0
271908050	271901800	2.0
271885591	271901800	2.0
271896284	271901800	3.0
271896287	271901800	2.0
271896289	271901800	2.0
271905144	271901800	2.0
118527506	118527506	0
118527521	118527506	4.0
118527530	118527506	4.0
271908050	118527506	3.0
271885591	118527506	3.0
271896284	118527506	3.0
271896287	118527506	3.0
271896289	118527506	3.0
271905144	118527506	3.0
118527521	118527521	0
118527530	118527521	0.0
271908050	118527521	4.0
271885591	118527521	4.0
271896284	118527521	4.0
271896287	118527521	4.0
271896289	118527521	4.0
271905144	118527521	4.0
118527530	118527530	0
271908050	118527530	4.0
271885591	118527530	4.0
271896284	118527530	4.0
271896287	118527530	4.0
271896289	118527530	4.0
271905144	118527530	4.0
271908050	271908050	0
271885591	271908050	1.0
271896284	271908050	4.0
271896287	271908050	4.0
271896289	271908050	4.0
271905144	271908050	2.0
271885591	271885591	0
271896284	271885591	3.0
271896287	271885591	3.0
271896289	271885591	3.0
271905144	271885591	1.0
271896284	271896284	0
271896287	271896284	0.0
271896289	271896284	0.0
271905144	271896284	3.0
271896287	271896287	0
271896289	271896287	0.0
271905144	271896287	3.0
271896289	271896289	0
271905144	271896289	3.0
271905144	271905144	0
