383104837	[-43,45.0,-2.0]	40.75998771666667	-73.92014265	0.04266456629928351	0.3321061018145076	0.17330582094973462	0.021399391156705753	0.7182795698924731	0.3407084738859819
280570649	[-48,35.0,13.0]	40.758060185	-73.918344315	0.04266456629928351	0.3321061018145076	0.17330582094973462	0.021399391156705753	0.7182795698924731	0.3407084738859819
280587043	[3,9.0,-12.0]	40.76574671666666	-73.91380298333333	0.04266456629928351	0.3321061018145076	0.17330582094973462	0.021399391156705753	0.7182795698924731	0.3407084738859819
280579081	[8,4.0,-12.0]	40.7662756125	-73.91272646249999	0.04266456629928351	0.3321061018145076	0.17330582094973462	0.021399391156705753	0.7182795698924731	0.3407084738859819
280579085	[8,3.0,-11.0]	40.766140933333325	-73.91275586666666	0.04266456629928351	0.3321061018145076	0.17330582094973462	0.021399391156705753	0.7182795698924731	0.3407084738859819
280586518	[19,-1.0,-18.0]	40.76798928666666	-73.91199407999999	0.04266456629928351	0.3321061018145076	0.17330582094973462	0.021399391156705753	0.7182795698924731	0.3407084738859819
280588353	[14,17.0,-31.0]	40.7688279125	-73.91514993125	0.04266456629928351	0.3321061018145076	0.17330582094973462	0.021399391156705753	0.7182795698924731	0.3407084738859819
280588766	[2,27.0,-29.0]	40.76733578095237	-73.91689619047618	0.04266456629928351	0.3321061018145076	0.17330582094973462	0.021399391156705753	0.7182795698924731	0.3407084738859819
280587305	[-29,50.0,-21.0]	40.76341061666667	-73.92108178333332	0.04266456629928351	0.3321061018145076	0.17330582094973462	0.021399391156705753	0.7182795698924731	0.3407084738859819
280587469	[-29,51.0,-22.0]	40.76344672	-73.92119994	0.04266456629928351	0.3321061018145076	0.17330582094973462	0.021399391156705753	0.7182795698924731	0.3407084738859819
280579177	[3,7.0,-10.0]	40.7654631	-73.91332836	0.04266456629928351	0.3321061018145076	0.17330582094973462	0.021399391156705753	0.7182795698924731	0.3407084738859819
280588833	[13,25.0,-38.0]	40.769434075	-73.916493675	0.04266456629928351	0.3321061018145076	0.17330582094973462	0.021399391156705753	0.7182795698924731	0.3407084738859819
284637275	[-17,-2.0,19.0]	40.760535340000004	-73.91179862	0.04266456629928351	0.3321061018145076	0.17330582094973462	0.021399391156705753	0.7182795698924731	0.3407084738859819
284637276	[-19,-1.0,20.0]	40.760273	-73.91192314	0.04266456629928351	0.3321061018145076	0.17330582094973462	0.021399391156705753	0.7182795698924731	0.3407084738859819
377337402	[-33,34.0,-1.0]	40.76091186	-73.91816944	0.04266456629928351	0.3321061018145076	0.17330582094973462	0.021399391156705753	0.7182795698924731	0.3407084738859819
377337403	[-32,33.0,-1.0]	40.76102404	-73.91808502	0.04266456629928351	0.3321061018145076	0.17330582094973462	0.021399391156705753	0.7182795698924731	0.3407084738859819
280559248	[-23,1.0,22.0]	40.759599550000004	-73.91239276666666	0.04266456629928351	0.3321061018145076	0.17330582094973462	0.021399391156705753	0.7182795698924731	0.3407084738859819
280568762	[-17,11.0,6.0]	40.76179532608695	-73.91400095217392	0.04266456629928351	0.3321061018145076	0.17330582094973462	0.021399391156705753	0.7182795698924731	0.3407084738859819
377337401	[-33,39.0,-6.0]	40.76142477999999	-73.91893454	0.04266456629928351	0.3321061018145076	0.17330582094973462	0.021399391156705753	0.7182795698924731	0.3407084738859819
374424032	[-50,2.0,48.0]	40.75416959000001	-73.912523465	0.04266456629928351	0.3321061018145076	0.17330582094973462	0.021399391156705753	0.7182795698924731	0.3407084738859819
500136566	[-39,4.0,35.0]	40.756592254545446	-73.91290949090909	0.04266456629928351	0.3321061018145076	0.17330582094973462	0.021399391156705753	0.7182795698924731	0.3407084738859819
338220381	[-34,34.0,0.0]	40.7606625125	-73.9181317	0.04266456629928351	0.3321061018145076	0.17330582094973462	0.021399391156705753	0.7182795698924731	0.3407084738859819
377339427	[-12,21.0,-9.0]	40.76383121428572	-73.9158193	0.04266456629928351	0.3321061018145076	0.17330582094973462	0.021399391156705753	0.7182795698924731	0.3407084738859819
377339429	[-14,25.0,-11.0]	40.76395446	-73.91650369999999	0.04266456629928351	0.3321061018145076	0.17330582094973462	0.021399391156705753	0.7182795698924731	0.3407084738859819
475414768	[0,-17.0,17.0]	40.762374660000006	-73.90907214	0.04266456629928351	0.3321061018145076	0.17330582094973462	0.021399391156705753	0.7182795698924731	0.3407084738859819
298133598	[13,30.0,-43.0]	40.76999648181819	-73.91738376363637	0.04266456629928351	0.3321061018145076	0.17330582094973462	0.021399391156705753	0.7182795698924731	0.3407084738859819
298133613	[14,24.0,-38.0]	40.76959178	-73.91634248	0.04266456629928351	0.3321061018145076	0.17330582094973462	0.021399391156705753	0.7182795698924731	0.3407084738859819
298133619	[15,22.0,-37.0]	40.76954785	-73.916082225	0.04266456629928351	0.3321061018145076	0.17330582094973462	0.021399391156705753	0.7182795698924731	0.3407084738859819
298133639	[15,20.0,-35.0]	40.76933071538462	-73.91562728461538	0.04266456629928351	0.3321061018145076	0.17330582094973462	0.021399391156705753	0.7182795698924731	0.3407084738859819
280570638	[-46,37.0,9.0]	40.758553475	-73.91859075	0.04266456629928351	0.3321061018145076	0.17330582094973462	0.021399391156705753	0.7182795698924731	0.3407084738859819
280570668	[-50,41.0,9.0]	40.7581332	-73.91929721666666	0.04266456629928351	0.3321061018145076	0.17330582094973462	0.021399391156705753	0.7182795698924731	0.3407084738859819
280570639	[-47,41.0,6.0]	40.7588361	-73.9193919	0.04266456629928351	0.3321061018145076	0.17330582094973462	0.021399391156705753	0.7182795698924731	0.3407084738859819
280575610	[-47,47.0,0.0]	40.75932344444445	-73.9204553888889	0.04266456629928351	0.3321061018145076	0.17330582094973462	0.021399391156705753	0.7182795698924731	0.3407084738859819
280577118	[-44,39.0,5.0]	40.759257	-73.91907436	0.04266456629928351	0.3321061018145076	0.17330582094973462	0.021399391156705753	0.7182795698924731	0.3407084738859819
280576785	[-42,35.0,7.0]	40.75918148333333	-73.91844286666667	0.04266456629928351	0.3321061018145076	0.17330582094973462	0.021399391156705753	0.7182795698924731	0.3407084738859819
280584547	[-12,23.0,-11.0]	40.764145019999994	-73.91624653999999	0.04266456629928351	0.3321061018145076	0.17330582094973462	0.021399391156705753	0.7182795698924731	0.3407084738859819
502804469	[-10,14.0,-4.0]	40.76360628	-73.91471328	0.04266456629928351	0.3321061018145076	0.17330582094973462	0.021399391156705753	0.7182795698924731	0.3407084738859819
502804471	[-10,13.0,-3.0]	40.76348634	-73.91445261999999	0.04266456629928351	0.3321061018145076	0.17330582094973462	0.021399391156705753	0.7182795698924731	0.3407084738859819
280588761	[15,19.0,-34.0]	40.76929855555556	-73.91540930000001	0.04266456629928351	0.3321061018145076	0.17330582094973462	0.021399391156705753	0.7182795698924731	0.3407084738859819
502788524	[33,-29.0,-4.0]	40.76799014	-73.90691713999999	0.04266456629928351	0.3321061018145076	0.17330582094973462	0.021399391156705753	0.7182795698924731	0.3407084738859819
502788525	[32,-26.0,-6.0]	40.76815286	-73.90749246	0.04266456629928351	0.3321061018145076	0.17330582094973462	0.021399391156705753	0.7182795698924731	0.3407084738859819
280559253	[-27,0.0,27.0]	40.758613477777786	-73.91216557222224	0.04266456629928351	0.3321061018145076	0.17330582094973462	0.021399391156705753	0.7182795698924731	0.3407084738859819
280576867	[-33,26.0,7.0]	40.76007966363636	-73.91662748181817	0.04266456629928351	0.3321061018145076	0.17330582094973462	0.021399391156705753	0.7182795698924731	0.3407084738859819
280586983	[5,8.0,-13.0]	40.7660787	-73.91355686	0.04266456629928351	0.3321061018145076	0.17330582094973462	0.021399391156705753	0.7182795698924731	0.3407084738859819
280561702	[35,-35.0,0.0]	40.767763475	-73.90591546499999	0.04266456629928351	0.3321061018145076	0.17330582094973462	0.021399391156705753	0.7182795698924731	0.3407084738859819
280584330	[-27,43.0,-16.0]	40.76314064	-73.91975546	0.04266456629928351	0.3321061018145076	0.17330582094973462	0.021399391156705753	0.7182795698924731	0.3407084738859819
280559359	[-17,-7.0,24.0]	40.760023790000005	-73.91096454999999	0.04266456629928351	0.3321061018145076	0.17330582094973462	0.021399391156705753	0.7182795698924731	0.3407084738859819
280568766	[-6,-1.0,7.0]	40.76293982368421	-73.91192866052631	0.04266456629928351	0.3321061018145076	0.17330582094973462	0.021399391156705753	0.7182795698924731	0.3407084738859819
383104837	383104837	0
280570649	383104837	1.0
280587043	383104837	3.0
280579081	383104837	3.0
280579085	383104837	3.0
280586518	383104837	3.0
280588353	383104837	3.0
280588766	383104837	3.0
280587305	383104837	2.0
280587469	383104837	2.0
280579177	383104837	3.0
280588833	383104837	4.0
284637275	383104837	3.0
284637276	383104837	3.0
377337402	383104837	1.0
377337403	383104837	1.0
280559248	383104837	3.0
280568762	383104837	3.0
377337401	383104837	1.0
374424032	383104837	3.0
500136566	383104837	3.0
338220381	383104837	2.0
377339427	383104837	3.0
377339429	383104837	2.0
475414768	383104837	3.0
298133598	383104837	3.0
298133613	383104837	4.0
298133619	383104837	4.0
298133639	383104837	4.0
280570638	383104837	1.0
280570668	383104837	1.0
280570639	383104837	1.0
280575610	383104837	0.0
280577118	383104837	1.0
280576785	383104837	1.0
280584547	383104837	2.0
502804469	383104837	2.0
502804471	383104837	3.0
280588761	383104837	4.0
502788524	383104837	4.0
502788525	383104837	4.0
280559253	383104837	3.0
280576867	383104837	2.0
280586983	383104837	3.0
280561702	383104837	4.0
280584330	383104837	2.0
280559359	383104837	3.0
280568766	383104837	3.0
280570649	280570649	0
280587043	280570649	3.0
280579081	280570649	3.0
280579085	280570649	3.0
280586518	280570649	3.0
280588353	280570649	3.0
280588766	280570649	3.0
280587305	280570649	3.0
280587469	280570649	3.0
280579177	280570649	3.0
280588833	280570649	4.0
284637275	280570649	3.0
284637276	280570649	3.0
377337402	280570649	2.0
377337403	280570649	2.0
280559248	280570649	3.0
280568762	280570649	3.0
377337401	280570649	2.0
374424032	280570649	3.0
500136566	280570649	2.0
338220381	280570649	1.0
377339427	280570649	3.0
377339429	280570649	3.0
475414768	280570649	3.0
298133598	280570649	4.0
298133613	280570649	4.0
298133619	280570649	4.0
298133639	280570649	4.0
280570638	280570649	0.0
280570668	280570649	1.0
280570639	280570649	0.0
280575610	280570649	1.0
280577118	280570649	0.0
280576785	280570649	0.0
280584547	280570649	3.0
502804469	280570649	3.0
502804471	280570649	3.0
280588761	280570649	4.0
502788524	280570649	4.0
502788525	280570649	4.0
280559253	280570649	2.0
280576867	280570649	1.0
280586983	280570649	3.0
280561702	280570649	4.0
280584330	280570649	3.0
280559359	280570649	3.0
280568766	280570649	3.0
280587043	280587043	0
280579081	280587043	0.0
280579085	280587043	0.0
280586518	280587043	1.0
280588353	280587043	2.0
280588766	280587043	1.0
280587305	280587043	3.0
280587469	280587043	3.0
280579177	280587043	0.0
280588833	280587043	3.0
284637275	280587043	3.0
284637276	280587043	3.0
377337402	280587043	2.0
377337403	280587043	2.0
280559248	280587043	3.0
280568762	280587043	2.0
377337401	280587043	3.0
374424032	280587043	4.0
500136566	280587043	3.0
338220381	280587043	2.0
377339427	280587043	1.0
377339429	280587043	1.0
475414768	280587043	2.0
298133598	280587043	3.0
298133613	280587043	3.0
298133619	280587043	3.0
298133639	280587043	3.0
280570638	280587043	3.0
280570668	280587043	3.0
280570639	280587043	3.0
280575610	280587043	3.0
280577118	280587043	3.0
280576785	280587043	3.0
280584547	280587043	1.0
502804469	280587043	1.0
502804471	280587043	1.0
280588761	280587043	3.0
502788524	280587043	3.0
502788525	280587043	2.0
280559253	280587043	3.0
280576867	280587043	2.0
280586983	280587043	0.0
280561702	280587043	3.0
280584330	280587043	3.0
280559359	280587043	3.0
280568766	280587043	2.0
280579081	280579081	0
280579085	280579081	0.0
280586518	280579081	0.0
280588353	280579081	2.0
280588766	280579081	2.0
280587305	280579081	3.0
280587469	280579081	3.0
280579177	280579081	0.0
280588833	280579081	3.0
284637275	280579081	3.0
284637276	280579081	3.0
377337402	280579081	3.0
377337403	280579081	3.0
280559248	280579081	3.0
280568762	280579081	2.0
377337401	280579081	3.0
374424032	280579081	4.0
500136566	280579081	3.0
338220381	280579081	3.0
377339427	280579081	2.0
377339429	280579081	2.0
475414768	280579081	2.0
298133598	280579081	3.0
298133613	280579081	3.0
298133619	280579081	3.0
298133639	280579081	2.0
280570638	280579081	3.0
280570668	280579081	3.0
280570639	280579081	3.0
280575610	280579081	3.0
280577118	280579081	3.0
280576785	280579081	3.0
280584547	280579081	2.0
502804469	280579081	1.0
502804471	280579081	1.0
280588761	280579081	2.0
502788524	280579081	2.0
502788525	280579081	2.0
280559253	280579081	3.0
280576867	280579081	3.0
280586983	280579081	1.0
280561702	280579081	3.0
280584330	280579081	3.0
280559359	280579081	3.0
280568766	280579081	2.0
280579085	280579085	0
280586518	280579085	1.0
280588353	280579085	2.0
280588766	280579085	2.0
280587305	280579085	3.0
280587469	280579085	3.0
280579177	280579085	0.0
280588833	280579085	3.0
284637275	280579085	3.0
284637276	280579085	3.0
377337402	280579085	3.0
377337403	280579085	2.0
280559248	280579085	3.0
280568762	280579085	2.0
377337401	280579085	3.0
374424032	280579085	4.0
500136566	280579085	3.0
338220381	280579085	2.0
377339427	280579085	2.0
377339429	280579085	2.0
475414768	280579085	2.0
298133598	280579085	3.0
298133613	280579085	3.0
298133619	280579085	3.0
298133639	280579085	2.0
280570638	280579085	3.0
280570668	280579085	3.0
280570639	280579085	3.0
280575610	280579085	3.0
280577118	280579085	3.0
280576785	280579085	3.0
280584547	280579085	2.0
502804469	280579085	1.0
502804471	280579085	1.0
280588761	280579085	2.0
502788524	280579085	2.0
502788525	280579085	2.0
280559253	280579085	3.0
280576867	280579085	3.0
280586983	280579085	1.0
280561702	280579085	3.0
280584330	280579085	3.0
280559359	280579085	3.0
280568766	280579085	2.0
280586518	280586518	0
280588353	280586518	2.0
280588766	280586518	2.0
280587305	280586518	3.0
280587469	280586518	3.0
280579177	280586518	1.0
280588833	280586518	2.0
284637275	280586518	3.0
284637276	280586518	3.0
377337402	280586518	3.0
377337403	280586518	3.0
280559248	280586518	3.0
280568762	280586518	3.0
377337401	280586518	3.0
374424032	280586518	4.0
500136566	280586518	4.0
338220381	280586518	3.0
377339427	280586518	2.0
377339429	280586518	2.0
475414768	280586518	3.0
298133598	280586518	2.0
298133613	280586518	2.0
298133619	280586518	2.0
298133639	280586518	2.0
280570638	280586518	3.0
280570668	280586518	3.0
280570639	280586518	3.0
280575610	280586518	3.0
280577118	280586518	3.0
280576785	280586518	3.0
280584547	280586518	2.0
502804469	280586518	2.0
502804471	280586518	2.0
280588761	280586518	2.0
502788524	280586518	2.0
502788525	280586518	2.0
280559253	280586518	3.0
280576867	280586518	3.0
280586983	280586518	2.0
280561702	280586518	2.0
280584330	280586518	3.0
280559359	280586518	3.0
280568766	280586518	2.0
280588353	280588353	0
280588766	280588353	1.0
280587305	280588353	3.0
280587469	280588353	3.0
280579177	280588353	2.0
280588833	280588353	2.0
284637275	280588353	3.0
284637276	280588353	3.0
377337402	280588353	3.0
377337403	280588353	3.0
280559248	280588353	4.0
280568762	280588353	3.0
377337401	280588353	3.0
374424032	280588353	4.0
500136566	280588353	4.0
338220381	280588353	3.0
377339427	280588353	2.0
377339429	280588353	3.0
475414768	280588353	3.0
298133598	280588353	2.0
298133613	280588353	2.0
298133619	280588353	2.0
298133639	280588353	2.0
280570638	280588353	3.0
280570668	280588353	3.0
280570639	280588353	3.0
280575610	280588353	3.0
280577118	280588353	3.0
280576785	280588353	3.0
280584547	280588353	3.0
502804469	280588353	3.0
502804471	280588353	3.0
280588761	280588353	2.0
502788524	280588353	2.0
502788525	280588353	2.0
280559253	280588353	4.0
280576867	280588353	3.0
280586983	280588353	2.0
280561702	280588353	3.0
280584330	280588353	2.0
280559359	280588353	4.0
280568766	280588353	3.0
280588766	280588766	0
280587305	280588766	2.0
280587469	280588766	2.0
280579177	280588766	1.0
280588833	280588766	2.0
284637275	280588766	3.0
284637276	280588766	3.0
377337402	280588766	3.0
377337403	280588766	3.0
280559248	280588766	3.0
280568762	280588766	3.0
377337401	280588766	3.0
374424032	280588766	4.0
500136566	280588766	4.0
338220381	280588766	3.0
377339427	280588766	2.0
377339429	280588766	2.0
475414768	280588766	3.0
298133598	280588766	2.0
298133613	280588766	2.0
298133619	280588766	2.0
298133639	280588766	2.0
280570638	280588766	3.0
280570668	280588766	3.0
280570639	280588766	3.0
280575610	280588766	3.0
280577118	280588766	3.0
280576785	280588766	3.0
280584547	280588766	2.0
502804469	280588766	3.0
502804471	280588766	2.0
280588761	280588766	2.0
502788524	280588766	3.0
502788525	280588766	3.0
280559253	280588766	4.0
280576867	280588766	3.0
280586983	280588766	1.0
280561702	280588766	3.0
280584330	280588766	2.0
280559359	280588766	3.0
280568766	280588766	2.0
280587305	280587305	0
280587469	280587305	0.0
280579177	280587305	3.0
280588833	280587305	3.0
284637275	280587305	3.0
284637276	280587305	3.0
377337402	280587305	2.0
377337403	280587305	2.0
280559248	280587305	3.0
280568762	280587305	3.0
377337401	280587305	3.0
374424032	280587305	3.0
500136566	280587305	3.0
338220381	280587305	2.0
377339427	280587305	2.0
377339429	280587305	2.0
475414768	280587305	3.0
298133598	280587305	3.0
298133613	280587305	3.0
298133619	280587305	3.0
298133639	280587305	3.0
280570638	280587305	2.0
280570668	280587305	3.0
280570639	280587305	2.0
280575610	280587305	2.0
280577118	280587305	2.0
280576785	280587305	2.0
280584547	280587305	2.0
502804469	280587305	2.0
502804471	280587305	2.0
280588761	280587305	3.0
502788524	280587305	4.0
502788525	280587305	4.0
280559253	280587305	3.0
280576867	280587305	3.0
280586983	280587305	3.0
280561702	280587305	4.0
280584330	280587305	0.0
280559359	280587305	3.0
280568766	280587305	3.0
280587469	280587469	0
280579177	280587469	3.0
280588833	280587469	3.0
284637275	280587469	3.0
284637276	280587469	3.0
377337402	280587469	2.0
377337403	280587469	2.0
280559248	280587469	3.0
280568762	280587469	2.0
377337401	280587469	1.0
374424032	280587469	3.0
500136566	280587469	3.0
338220381	280587469	2.0
377339427	280587469	2.0
377339429	280587469	2.0
475414768	280587469	3.0
298133598	280587469	3.0
298133613	280587469	3.0
298133619	280587469	3.0
298133639	280587469	3.0
280570638	280587469	2.0
280570668	280587469	3.0
280570639	280587469	2.0
280575610	280587469	2.0
280577118	280587469	2.0
280576785	280587469	2.0
280584547	280587469	2.0
502804469	280587469	2.0
502804471	280587469	3.0
280588761	280587469	3.0
502788524	280587469	4.0
502788525	280587469	4.0
280559253	280587469	3.0
280576867	280587469	2.0
280586983	280587469	3.0
280561702	280587469	4.0
280584330	280587469	0.0
280559359	280587469	3.0
280568766	280587469	3.0
280579177	280579177	0
280588833	280579177	3.0
284637275	280579177	2.0
284637276	280579177	2.0
377337402	280579177	2.0
377337403	280579177	2.0
280559248	280579177	3.0
280568762	280579177	2.0
377337401	280579177	3.0
374424032	280579177	4.0
500136566	280579177	3.0
338220381	280579177	2.0
377339427	280579177	1.0
377339429	280579177	2.0
475414768	280579177	2.0
298133598	280579177	3.0
298133613	280579177	3.0
298133619	280579177	3.0
298133639	280579177	3.0
280570638	280579177	3.0
280570668	280579177	3.0
280570639	280579177	3.0
280575610	280579177	3.0
280577118	280579177	3.0
280576785	280579177	3.0
280584547	280579177	1.0
502804469	280579177	1.0
502804471	280579177	1.0
280588761	280579177	3.0
502788524	280579177	3.0
502788525	280579177	2.0
280559253	280579177	3.0
280576867	280579177	2.0
280586983	280579177	0.0
280561702	280579177	3.0
280584330	280579177	3.0
280559359	280579177	3.0
280568766	280579177	1.0
280588833	280588833	0
284637275	280588833	4.0
284637276	280588833	4.0
377337402	280588833	4.0
377337403	280588833	4.0
280559248	280588833	4.0
280568762	280588833	3.0
377337401	280588833	3.0
374424032	280588833	4.0
500136566	280588833	4.0
338220381	280588833	4.0
377339427	280588833	3.0
377339429	280588833	3.0
475414768	280588833	3.0
298133598	280588833	0.0
298133613	280588833	0.0
298133619	280588833	0.0
298133639	280588833	0.0
280570638	280588833	4.0
280570668	280588833	4.0
280570639	280588833	4.0
280575610	280588833	4.0
280577118	280588833	4.0
280576785	280588833	4.0
280584547	280588833	3.0
502804469	280588833	3.0
502804471	280588833	3.0
280588761	280588833	0.0
502788524	280588833	3.0
502788525	280588833	3.0
280559253	280588833	4.0
280576867	280588833	4.0
280586983	280588833	3.0
280561702	280588833	3.0
280584330	280588833	3.0
280559359	280588833	4.0
280568766	280588833	3.0
284637275	284637275	0
284637276	284637275	0.0
377337402	284637275	3.0
377337403	284637275	3.0
280559248	284637275	1.0
280568762	284637275	2.0
377337401	284637275	3.0
374424032	284637275	3.0
500136566	284637275	3.0
338220381	284637275	2.0
377339427	284637275	3.0
377339429	284637275	2.0
475414768	284637275	2.0
298133598	284637275	4.0
298133613	284637275	4.0
298133619	284637275	4.0
298133639	284637275	4.0
280570638	284637275	3.0
280570668	284637275	3.0
280570639	284637275	3.0
280575610	284637275	3.0
280577118	284637275	3.0
280576785	284637275	3.0
280584547	284637275	2.0
502804469	284637275	2.0
502804471	284637275	2.0
280588761	284637275	4.0
502788524	284637275	3.0
502788525	284637275	3.0
280559253	284637275	2.0
280576867	284637275	2.0
280586983	284637275	3.0
280561702	284637275	3.0
280584330	284637275	3.0
280559359	284637275	1.0
280568766	284637275	1.0
284637276	284637276	0
377337402	284637276	3.0
377337403	284637276	3.0
280559248	284637276	1.0
280568762	284637276	2.0
377337401	284637276	2.0
374424032	284637276	3.0
500136566	284637276	2.0
338220381	284637276	2.0
377339427	284637276	3.0
377339429	284637276	2.0
475414768	284637276	2.0
298133598	284637276	4.0
298133613	284637276	4.0
298133619	284637276	4.0
298133639	284637276	4.0
280570638	284637276	2.0
280570668	284637276	3.0
280570639	284637276	3.0
280575610	284637276	3.0
280577118	284637276	3.0
280576785	284637276	2.0
280584547	284637276	2.0
502804469	284637276	2.0
502804471	284637276	2.0
280588761	284637276	4.0
502788524	284637276	3.0
502788525	284637276	3.0
280559253	284637276	2.0
280576867	284637276	2.0
280586983	284637276	3.0
280561702	284637276	3.0
280584330	284637276	3.0
280559359	284637276	1.0
280568766	284637276	2.0
377337402	377337402	0
377337403	377337402	0.0
280559248	377337402	2.0
280568762	377337402	2.0
377337401	377337402	1.0
374424032	377337402	3.0
500136566	377337402	3.0
338220381	377337402	1.0
377339427	377337402	2.0
377339429	377337402	2.0
475414768	377337402	3.0
298133598	377337402	4.0
298133613	377337402	4.0
298133619	377337402	4.0
298133639	377337402	3.0
280570638	377337402	1.0
280570668	377337402	1.0
280570639	377337402	1.0
280575610	377337402	1.0
280577118	377337402	1.0
280576785	377337402	1.0
280584547	377337402	2.0
502804469	377337402	2.0
502804471	377337402	2.0
280588761	377337402	3.0
502788524	377337402	4.0
502788525	377337402	4.0
280559253	377337402	3.0
280576867	377337402	1.0
280586983	377337402	3.0
280561702	377337402	4.0
280584330	377337402	3.0
280559359	377337402	3.0
280568766	377337402	3.0
377337403	377337403	0
280559248	377337403	2.0
280568762	377337403	2.0
377337401	377337403	1.0
374424032	377337403	3.0
500136566	377337403	3.0
338220381	377337403	1.0
377339427	377337403	1.0
377339429	377337403	1.0
475414768	377337403	3.0
298133598	377337403	4.0
298133613	377337403	4.0
298133619	377337403	4.0
298133639	377337403	3.0
280570638	377337403	1.0
280570668	377337403	2.0
280570639	377337403	1.0
280575610	377337403	1.0
280577118	377337403	1.0
280576785	377337403	1.0
280584547	377337403	2.0
502804469	377337403	2.0
502804471	377337403	2.0
280588761	377337403	3.0
502788524	377337403	4.0
502788525	377337403	4.0
280559253	377337403	3.0
280576867	377337403	1.0
280586983	377337403	3.0
280561702	377337403	4.0
280584330	377337403	3.0
280559359	377337403	2.0
280568766	377337403	3.0
280559248	280559248	0
280568762	280559248	3.0
377337401	280559248	3.0
374424032	280559248	2.0
500136566	280559248	2.0
338220381	280559248	2.0
377339427	280559248	3.0
377339429	280559248	3.0
475414768	280559248	2.0
298133598	280559248	4.0
298133613	280559248	4.0
298133619	280559248	4.0
298133639	280559248	4.0
280570638	280559248	3.0
280570668	280559248	3.0
280570639	280559248	3.0
280575610	280559248	3.0
280577118	280559248	3.0
280576785	280559248	2.0
280584547	280559248	3.0
502804469	280559248	3.0
502804471	280559248	2.0
280588761	280559248	4.0
502788524	280559248	3.0
502788525	280559248	3.0
280559253	280559248	0.0
280576867	280559248	3.0
280586983	280559248	3.0
280561702	280559248	3.0
280584330	280559248	3.0
280559359	280559248	0.0
280568766	280559248	2.0
280568762	280568762	0
377337401	280568762	3.0
374424032	280568762	3.0
500136566	280568762	2.0
338220381	280568762	2.0
377339427	280568762	2.0
377339429	280568762	2.0
475414768	280568762	2.0
298133598	280568762	3.0
298133613	280568762	3.0
298133619	280568762	3.0
298133639	280568762	3.0
280570638	280568762	2.0
280570668	280568762	2.0
280570639	280568762	2.0
280575610	280568762	2.0
280577118	280568762	2.0
280576785	280568762	2.0
280584547	280568762	2.0
502804469	280568762	2.0
502804471	280568762	1.0
280588761	280568762	3.0
502788524	280568762	3.0
502788525	280568762	3.0
280559253	280568762	2.0
280576867	280568762	2.0
280586983	280568762	2.0
280561702	280568762	3.0
280584330	280568762	2.0
280559359	280568762	3.0
280568766	280568762	2.0
377337401	377337401	0
374424032	377337401	3.0
500136566	377337401	3.0
338220381	377337401	1.0
377339427	377337401	3.0
377339429	377337401	2.0
475414768	377337401	3.0
298133598	377337401	3.0
298133613	377337401	3.0
298133619	377337401	3.0
298133639	377337401	4.0
280570638	377337401	2.0
280570668	377337401	2.0
280570639	377337401	2.0
280575610	377337401	1.0
280577118	377337401	2.0
280576785	377337401	2.0
280584547	377337401	2.0
502804469	377337401	2.0
502804471	377337401	2.0
280588761	377337401	4.0
502788524	377337401	3.0
502788525	377337401	3.0
280559253	377337401	2.0
280576867	377337401	3.0
280586983	377337401	3.0
280561702	377337401	4.0
280584330	377337401	1.0
280559359	377337401	3.0
280568766	377337401	3.0
374424032	374424032	0
500136566	374424032	1.0
338220381	374424032	3.0
377339427	374424032	3.0
377339429	374424032	3.0
475414768	374424032	3.0
298133598	374424032	4.0
298133613	374424032	4.0
298133619	374424032	4.0
298133639	374424032	4.0
280570638	374424032	3.0
280570668	374424032	3.0
280570639	374424032	3.0
280575610	374424032	3.0
280577118	374424032	3.0
280576785	374424032	3.0
280584547	374424032	3.0
502804469	374424032	3.0
502804471	374424032	3.0
280588761	374424032	4.0
502788524	374424032	4.0
502788525	374424032	4.0
280559253	374424032	2.0
280576867	374424032	3.0
280586983	374424032	4.0
280561702	374424032	4.0
280584330	374424032	4.0
280559359	374424032	3.0
280568766	374424032	3.0
500136566	500136566	0
338220381	500136566	3.0
377339427	500136566	3.0
377339429	500136566	3.0
475414768	500136566	3.0
298133598	500136566	4.0
298133613	500136566	4.0
298133619	500136566	4.0
298133639	500136566	4.0
280570638	500136566	2.0
280570668	500136566	2.0
280570639	500136566	2.0
280575610	500136566	2.0
280577118	500136566	2.0
280576785	500136566	2.0
280584547	500136566	3.0
502804469	500136566	3.0
502804471	500136566	3.0
280588761	500136566	4.0
502788524	500136566	4.0
502788525	500136566	4.0
280559253	500136566	2.0
280576867	500136566	3.0
280586983	500136566	3.0
280561702	500136566	3.0
280584330	500136566	3.0
280559359	500136566	2.0
280568766	500136566	3.0
338220381	338220381	0
377339427	338220381	2.0
377339429	338220381	2.0
475414768	338220381	3.0
298133598	338220381	4.0
298133613	338220381	4.0
298133619	338220381	4.0
298133639	338220381	3.0
280570638	338220381	1.0
280570668	338220381	1.0
280570639	338220381	1.0
280575610	338220381	1.0
280577118	338220381	1.0
280576785	338220381	0.0
280584547	338220381	2.0
502804469	338220381	2.0
502804471	338220381	2.0
280588761	338220381	3.0
502788524	338220381	3.0
502788525	338220381	3.0
280559253	338220381	2.0
280576867	338220381	1.0
280586983	338220381	2.0
280561702	338220381	4.0
280584330	338220381	2.0
280559359	338220381	2.0
280568766	338220381	2.0
377339427	377339427	0
377339429	377339427	0.0
475414768	377339427	3.0
298133598	377339427	3.0
298133613	377339427	3.0
298133619	377339427	3.0
298133639	377339427	3.0
280570638	377339427	2.0
280570668	377339427	3.0
280570639	377339427	2.0
280575610	377339427	3.0
280577118	377339427	2.0
280576785	377339427	2.0
280584547	377339427	0.0
502804469	377339427	0.0
502804471	377339427	0.0
280588761	377339427	3.0
502788524	377339427	3.0
502788525	377339427	3.0
280559253	377339427	3.0
280576867	377339427	2.0
280586983	377339427	2.0
280561702	377339427	3.0
280584330	377339427	2.0
280559359	377339427	2.0
280568766	377339427	1.0
377339429	377339429	0
475414768	377339429	2.0
298133598	377339429	3.0
298133613	377339429	3.0
298133619	377339429	3.0
298133639	377339429	3.0
280570638	377339429	2.0
280570668	377339429	3.0
280570639	377339429	2.0
280575610	377339429	2.0
280577118	377339429	2.0
280576785	377339429	2.0
280584547	377339429	0.0
502804469	377339429	1.0
502804471	377339429	1.0
280588761	377339429	3.0
502788524	377339429	3.0
502788525	377339429	3.0
280559253	377339429	3.0
280576867	377339429	2.0
280586983	377339429	1.0
280561702	377339429	3.0
280584330	377339429	2.0
280559359	377339429	3.0
280568766	377339429	2.0
475414768	475414768	0
298133598	475414768	3.0
298133613	475414768	3.0
298133619	475414768	3.0
298133639	475414768	3.0
280570638	475414768	3.0
280570668	475414768	3.0
280570639	475414768	3.0
280575610	475414768	3.0
280577118	475414768	3.0
280576785	475414768	3.0
280584547	475414768	2.0
502804469	475414768	2.0
502804471	475414768	2.0
280588761	475414768	3.0
502788524	475414768	3.0
502788525	475414768	3.0
280559253	475414768	2.0
280576867	475414768	3.0
280586983	475414768	2.0
280561702	475414768	2.0
280584330	475414768	3.0
280559359	475414768	1.0
280568766	475414768	2.0
298133598	298133598	0
298133613	298133598	0.0
298133619	298133598	0.0
298133639	298133598	0.0
280570638	298133598	4.0
280570668	298133598	4.0
280570639	298133598	4.0
280575610	298133598	4.0
280577118	298133598	4.0
280576785	298133598	4.0
280584547	298133598	3.0
502804469	298133598	3.0
502804471	298133598	3.0
280588761	298133598	0.0
502788524	298133598	3.0
502788525	298133598	3.0
280559253	298133598	4.0
280576867	298133598	4.0
280586983	298133598	3.0
280561702	298133598	3.0
280584330	298133598	3.0
280559359	298133598	4.0
280568766	298133598	3.0
298133613	298133613	0
298133619	298133613	0.0
298133639	298133613	0.0
280570638	298133613	4.0
280570668	298133613	4.0
280570639	298133613	4.0
280575610	298133613	4.0
280577118	298133613	4.0
280576785	298133613	4.0
280584547	298133613	3.0
502804469	298133613	3.0
502804471	298133613	3.0
280588761	298133613	0.0
502788524	298133613	3.0
502788525	298133613	3.0
280559253	298133613	4.0
280576867	298133613	4.0
280586983	298133613	3.0
280561702	298133613	3.0
280584330	298133613	3.0
280559359	298133613	4.0
280568766	298133613	3.0
298133619	298133619	0
298133639	298133619	0.0
280570638	298133619	4.0
280570668	298133619	4.0
280570639	298133619	4.0
280575610	298133619	4.0
280577118	298133619	4.0
280576785	298133619	4.0
280584547	298133619	3.0
502804469	298133619	3.0
502804471	298133619	3.0
280588761	298133619	0.0
502788524	298133619	3.0
502788525	298133619	3.0
280559253	298133619	4.0
280576867	298133619	4.0
280586983	298133619	3.0
280561702	298133619	3.0
280584330	298133619	3.0
280559359	298133619	4.0
280568766	298133619	3.0
298133639	298133639	0
280570638	298133639	4.0
280570668	298133639	4.0
280570639	298133639	4.0
280575610	298133639	4.0
280577118	298133639	4.0
280576785	298133639	4.0
280584547	298133639	3.0
502804469	298133639	3.0
502804471	298133639	3.0
280588761	298133639	0.0
502788524	298133639	2.0
502788525	298133639	2.0
280559253	298133639	4.0
280576867	298133639	4.0
280586983	298133639	3.0
280561702	298133639	3.0
280584330	298133639	3.0
280559359	298133639	4.0
280568766	298133639	3.0
280570638	280570638	0
280570668	280570638	0.0
280570639	280570638	0.0
280575610	280570638	0.0
280577118	280570638	0.0
280576785	280570638	0.0
280584547	280570638	2.0
502804469	280570638	2.0
502804471	280570638	2.0
280588761	280570638	4.0
502788524	280570638	4.0
502788525	280570638	4.0
280559253	280570638	2.0
280576867	280570638	1.0
280586983	280570638	3.0
280561702	280570638	4.0
280584330	280570638	2.0
280559359	280570638	3.0
280568766	280570638	3.0
280570668	280570668	0
280570639	280570668	0.0
280575610	280570668	1.0
280577118	280570668	0.0
280576785	280570668	0.0
280584547	280570668	3.0
502804469	280570668	2.0
502804471	280570668	2.0
280588761	280570668	4.0
502788524	280570668	4.0
502788525	280570668	4.0
280559253	280570668	3.0
280576867	280570668	1.0
280586983	280570668	3.0
280561702	280570668	4.0
280584330	280570668	2.0
280559359	280570668	3.0
280568766	280570668	3.0
280570639	280570639	0
280575610	280570639	0.0
280577118	280570639	0.0
280576785	280570639	0.0
280584547	280570639	2.0
502804469	280570639	2.0
502804471	280570639	2.0
280588761	280570639	4.0
502788524	280570639	4.0
502788525	280570639	4.0
280559253	280570639	2.0
280576867	280570639	1.0
280586983	280570639	3.0
280561702	280570639	4.0
280584330	280570639	2.0
280559359	280570639	3.0
280568766	280570639	3.0
280575610	280575610	0
280577118	280575610	0.0
280576785	280575610	0.0
280584547	280575610	2.0
502804469	280575610	3.0
502804471	280575610	3.0
280588761	280575610	4.0
502788524	280575610	4.0
502788525	280575610	4.0
280559253	280575610	3.0
280576867	280575610	2.0
280586983	280575610	3.0
280561702	280575610	4.0
280584330	280575610	2.0
280559359	280575610	3.0
280568766	280575610	3.0
280577118	280577118	0
280576785	280577118	0.0
280584547	280577118	2.0
502804469	280577118	2.0
502804471	280577118	2.0
280588761	280577118	4.0
502788524	280577118	4.0
502788525	280577118	3.0
280559253	280577118	2.0
280576867	280577118	1.0
280586983	280577118	3.0
280561702	280577118	4.0
280584330	280577118	2.0
280559359	280577118	3.0
280568766	280577118	3.0
280576785	280576785	0
280584547	280576785	2.0
502804469	280576785	2.0
502804471	280576785	2.0
280588761	280576785	4.0
502788524	280576785	3.0
502788525	280576785	3.0
280559253	280576785	2.0
280576867	280576785	1.0
280586983	280576785	3.0
280561702	280576785	4.0
280584330	280576785	2.0
280559359	280576785	3.0
280568766	280576785	3.0
280584547	280584547	0
502804469	280584547	1.0
502804471	280584547	1.0
280588761	280584547	3.0
502788524	280584547	3.0
502788525	280584547	3.0
280559253	280584547	3.0
280576867	280584547	2.0
280586983	280584547	1.0
280561702	280584547	3.0
280584330	280584547	2.0
280559359	280584547	3.0
280568766	280584547	2.0
502804469	502804469	0
502804471	502804469	0.0
280588761	502804469	3.0
502788524	502804469	3.0
502788525	502804469	3.0
280559253	502804469	2.0
280576867	502804469	2.0
280586983	502804469	1.0
280561702	502804469	3.0
280584330	502804469	2.0
280559359	502804469	3.0
280568766	502804469	2.0
502804471	502804471	0
280588761	502804471	3.0
502788524	502804471	3.0
502788525	502804471	3.0
280559253	502804471	2.0
280576867	502804471	2.0
280586983	502804471	1.0
280561702	502804471	3.0
280584330	502804471	2.0
280559359	502804471	2.0
280568766	502804471	1.0
280588761	280588761	0
502788524	280588761	2.0
502788525	280588761	2.0
280559253	280588761	4.0
280576867	280588761	4.0
280586983	280588761	3.0
280561702	280588761	3.0
280584330	280588761	3.0
280559359	280588761	4.0
280568766	280588761	3.0
502788524	502788524	0
502788525	502788524	0.0
280559253	502788524	3.0
280576867	502788524	3.0
280586983	502788524	3.0
280561702	502788524	1.0
280584330	502788524	4.0
280559359	502788524	3.0
280568766	502788524	2.0
502788525	502788525	0
280559253	502788525	3.0
280576867	502788525	3.0
280586983	502788525	3.0
280561702	502788525	1.0
280584330	502788525	3.0
280559359	502788525	3.0
280568766	502788525	2.0
280559253	280559253	0
280576867	280559253	2.0
280586983	280559253	3.0
280561702	280559253	3.0
280584330	280559253	3.0
280559359	280559253	1.0
280568766	280559253	3.0
280576867	280576867	0
280586983	280576867	3.0
280561702	280576867	4.0
280584330	280576867	2.0
280559359	280576867	3.0
280568766	280576867	2.0
280586983	280586983	0
280561702	280586983	3.0
280584330	280586983	3.0
280559359	280586983	3.0
280568766	280586983	2.0
280561702	280561702	0
280584330	280561702	4.0
280559359	280561702	3.0
280568766	280561702	3.0
280584330	280584330	0
280559359	280584330	3.0
280568766	280584330	3.0
280559359	280559359	0
280568766	280559359	2.0
280568766	280568766	0
