409389970	[11,-56.0,45.0]	40.762385040000005	-73.92679918	0.05035196363823978	0.2987116713880868	0.17584205309654394	0.017655496843806386	0.7333333333333334	0.3067899103119162
515115621	[-32,-20.0,52.0]	40.757256563157895	-73.93311510000001	0.05035196363823978	0.2987116713880868	0.17584205309654394	0.017655496843806386	0.7333333333333334	0.3067899103119162
280572875	[12,-72.0,60.0]	40.76092846666666	-73.92383606666668	0.05035196363823978	0.2987116713880868	0.17584205309654394	0.017655496843806386	0.7333333333333334	0.3067899103119162
280572876	[12,-71.0,59.0]	40.76113888	-73.9240614	0.05035196363823978	0.2987116713880868	0.17584205309654394	0.017655496843806386	0.7333333333333334	0.3067899103119162
280572908	[13,-77.0,64.0]	40.76061706	-73.92300406000001	0.05035196363823978	0.2987116713880868	0.17584205309654394	0.017655496843806386	0.7333333333333334	0.3067899103119162
280587933	[30,-90.0,60.0]	40.76281478	-73.9207929	0.05035196363823978	0.2987116713880868	0.17584205309654394	0.017655496843806386	0.7333333333333334	0.3067899103119162
280587941	[30,-89.0,59.0]	40.762871	-73.92089204000001	0.05035196363823978	0.2987116713880868	0.17584205309654394	0.017655496843806386	0.7333333333333334	0.3067899103119162
280587942	[16,-77.0,61.0]	40.76119341428571	-73.92296881428571	0.05035196363823978	0.2987116713880868	0.17584205309654394	0.017655496843806386	0.7333333333333334	0.3067899103119162
280587943	[15,-74.0,59.0]	40.761344900000005	-73.92348925	0.05035196363823978	0.2987116713880868	0.17584205309654394	0.017655496843806386	0.7333333333333334	0.3067899103119162
280599256	[15,-71.0,56.0]	40.761613	-73.92415634	0.05035196363823978	0.2987116713880868	0.17584205309654394	0.017655496843806386	0.7333333333333334	0.3067899103119162
280599269	[13,-57.0,44.0]	40.762747420000004	-73.92662388000001	0.05035196363823978	0.2987116713880868	0.17584205309654394	0.017655496843806386	0.7333333333333334	0.3067899103119162
280599344	[15,-67.0,52.0]	40.76202044285714	-73.92476218571429	0.05035196363823978	0.2987116713880868	0.17584205309654394	0.017655496843806386	0.7333333333333334	0.3067899103119162
280599821	[15,-64.0,49.0]	40.762398228571435	-73.92543315714286	0.05035196363823978	0.2987116713880868	0.17584205309654394	0.017655496843806386	0.7333333333333334	0.3067899103119162
280599854	[15,-70.0,55.0]	40.761677680000005	-73.92426506000001	0.05035196363823978	0.2987116713880868	0.17584205309654394	0.017655496843806386	0.7333333333333334	0.3067899103119162
280599858	[15,-71.0,56.0]	40.7617012	-73.92416494285715	0.05035196363823978	0.2987116713880868	0.17584205309654394	0.017655496843806386	0.7333333333333334	0.3067899103119162
280599862	[15,-72.0,57.0]	40.76160361666667	-73.92400515000001	0.05035196363823978	0.2987116713880868	0.17584205309654394	0.017655496843806386	0.7333333333333334	0.3067899103119162
280613202	[12,-30.0,18.0]	40.76525820909091	-73.93126964545455	0.05035196363823978	0.2987116713880868	0.17584205309654394	0.017655496843806386	0.7333333333333334	0.3067899103119162
220632075	[-34,-19.0,53.0]	40.75694275	-73.93328633333333	0.05035196363823978	0.2987116713880868	0.17584205309654394	0.017655496843806386	0.7333333333333334	0.3067899103119162
220632077	[-30,-22.0,52.0]	40.75738798	-73.93287652000001	0.05035196363823978	0.2987116713880868	0.17584205309654394	0.017655496843806386	0.7333333333333334	0.3067899103119162
220632078	[-31,-22.0,53.0]	40.75733338	-73.93275630000001	0.05035196363823978	0.2987116713880868	0.17584205309654394	0.017655496843806386	0.7333333333333334	0.3067899103119162
515115622	[-34,-18.0,52.0]	40.757034815384614	-73.93350258461538	0.05035196363823978	0.2987116713880868	0.17584205309654394	0.017655496843806386	0.7333333333333334	0.3067899103119162
515115623	[-34,-19.0,53.0]	40.75684505	-73.93336705	0.05035196363823978	0.2987116713880868	0.17584205309654394	0.017655496843806386	0.7333333333333334	0.3067899103119162
515115624	[-35,-19.0,54.0]	40.75674085	-73.93346001666667	0.05035196363823978	0.2987116713880868	0.17584205309654394	0.017655496843806386	0.7333333333333334	0.3067899103119162
515115625	[-36,-18.0,54.0]	40.75663598333333	-73.93354253333332	0.05035196363823978	0.2987116713880868	0.17584205309654394	0.017655496843806386	0.7333333333333334	0.3067899103119162
515115626	[-30,-22.0,52.0]	40.75745466	-73.93276552	0.05035196363823978	0.2987116713880868	0.17584205309654394	0.017655496843806386	0.7333333333333334	0.3067899103119162
159861036	[-2,-24.0,26.0]	40.76297106	-73.9323587	0.05035196363823978	0.2987116713880868	0.17584205309654394	0.017655496843806386	0.7333333333333334	0.3067899103119162
178759303	[-24,3.0,21.0]	40.76127984	-73.9373459	0.05035196363823978	0.2987116713880868	0.17584205309654394	0.017655496843806386	0.7333333333333334	0.3067899103119162
178759304	[-10,-11.0,21.0]	40.76262292	-73.93483546	0.05035196363823978	0.2987116713880868	0.17584205309654394	0.017655496843806386	0.7333333333333334	0.3067899103119162
178759305	[-10,-9.0,19.0]	40.762858211111116	-73.93520612222223	0.05035196363823978	0.2987116713880868	0.17584205309654394	0.017655496843806386	0.7333333333333334	0.3067899103119162
220632076	[-30,-19.0,49.0]	40.757783471428574	-73.93329582857142	0.05035196363823978	0.2987116713880868	0.17584205309654394	0.017655496843806386	0.7333333333333334	0.3067899103119162
220632420	[-14,-6.0,20.0]	40.76236868888888	-73.93572973333332	0.05035196363823978	0.2987116713880868	0.17584205309654394	0.017655496843806386	0.7333333333333334	0.3067899103119162
220632421	[-10,-12.0,22.0]	40.76257058	-73.93466792	0.05035196363823978	0.2987116713880868	0.17584205309654394	0.017655496843806386	0.7333333333333334	0.3067899103119162
220635619	[-15,27.0,-12.0]	40.765572795000004	-73.94138737	0.05035196363823978	0.2987116713880868	0.17584205309654394	0.017655496843806386	0.7333333333333334	0.3067899103119162
178759554	[8,-13.0,5.0]	40.7661123	-73.93433378	0.05035196363823978	0.2987116713880868	0.17584205309654394	0.017655496843806386	0.7333333333333334	0.3067899103119162
178759555	[9,-10.0,1.0]	40.76669176	-73.93500844	0.05035196363823978	0.2987116713880868	0.17584205309654394	0.017655496843806386	0.7333333333333334	0.3067899103119162
240023675	[-6,21.0,-15.0]	40.76675942	-73.94035772	0.05035196363823978	0.2987116713880868	0.17584205309654394	0.017655496843806386	0.7333333333333334	0.3067899103119162
240023676	[-9,23.0,-14.0]	40.766346541666664	-73.940811525	0.05035196363823978	0.2987116713880868	0.17584205309654394	0.017655496843806386	0.7333333333333334	0.3067899103119162
243007185	[9,-10.0,1.0]	40.7666551	-73.93484618	0.05035196363823978	0.2987116713880868	0.17584205309654394	0.017655496843806386	0.7333333333333334	0.3067899103119162
243007186	[7,-9.0,2.0]	40.76645076	-73.9351549	0.05035196363823978	0.2987116713880868	0.17584205309654394	0.017655496843806386	0.7333333333333334	0.3067899103119162
243542732	[22,-23.0,1.0]	40.767951249999996	-73.93270129999999	0.05035196363823978	0.2987116713880868	0.17584205309654394	0.017655496843806386	0.7333333333333334	0.3067899103119162
280616731	[-34,-23.0,57.0]	40.75651916000001	-73.93266252	0.05035196363823978	0.2987116713880868	0.17584205309654394	0.017655496843806386	0.7333333333333334	0.3067899103119162
280616733	[-34,-16.0,50.0]	40.75719083870967	-73.93393578709679	0.05035196363823978	0.2987116713880868	0.17584205309654394	0.017655496843806386	0.7333333333333334	0.3067899103119162
280613417	[8,-21.0,13.0]	40.765332987499995	-73.932896875	0.05035196363823978	0.2987116713880868	0.17584205309654394	0.017655496843806386	0.7333333333333334	0.3067899103119162
280642380	[-35,17.0,18.0]	40.76036397142857	-73.93971185714285	0.05035196363823978	0.2987116713880868	0.17584205309654394	0.017655496843806386	0.7333333333333334	0.3067899103119162
241836727	[18,-16.0,-2.0]	40.7679584	-73.93378646666667	0.05035196363823978	0.2987116713880868	0.17584205309654394	0.017655496843806386	0.7333333333333334	0.3067899103119162
280569560	[-15,-66.0,81.0]	40.75608258571428	-73.92503212857142	0.05035196363823978	0.2987116713880868	0.17584205309654394	0.017655496843806386	0.7333333333333334	0.3067899103119162
280569719	[-14,-71.0,85.0]	40.7557279875	-73.9241032875	0.05035196363823978	0.2987116713880868	0.17584205309654394	0.017655496843806386	0.7333333333333334	0.3067899103119162
280613366	[20,-37.0,17.0]	40.766121127272726	-73.93011612272727	0.05035196363823978	0.2987116713880868	0.17584205309654394	0.017655496843806386	0.7333333333333334	0.3067899103119162
516688144	[19,-34.0,15.0]	40.76633223333332	-73.93067076666667	0.05035196363823978	0.2987116713880868	0.17584205309654394	0.017655496843806386	0.7333333333333334	0.3067899103119162
240569209	[-36,27.0,9.0]	40.76122724285714	-73.9414543	0.05035196363823978	0.2987116713880868	0.17584205309654394	0.017655496843806386	0.7333333333333334	0.3067899103119162
243544155	[-2,-4.0,6.0]	40.76507426470589	-73.93603423529413	0.05035196363823978	0.2987116713880868	0.17584205309654394	0.017655496843806386	0.7333333333333334	0.3067899103119162
243544934	[-1,-3.0,4.0]	40.76542431666666	-73.93613986666666	0.05035196363823978	0.2987116713880868	0.17584205309654394	0.017655496843806386	0.7333333333333334	0.3067899103119162
510048853	[4,-18.0,14.0]	40.76484751428571	-73.93341707142856	0.05035196363823978	0.2987116713880868	0.17584205309654394	0.017655496843806386	0.7333333333333334	0.3067899103119162
160741320	[5,10.0,-15.0]	40.76788929130434	-73.93840313478262	0.05035196363823978	0.2987116713880868	0.17584205309654394	0.017655496843806386	0.7333333333333334	0.3067899103119162
231847469	[12,1.0,-13.0]	40.76840203571429	-73.93693421428573	0.05035196363823978	0.2987116713880868	0.17584205309654394	0.017655496843806386	0.7333333333333334	0.3067899103119162
231965007	[1,6.0,-7.0]	40.76675157	-73.93785242999999	0.05035196363823978	0.2987116713880868	0.17584205309654394	0.017655496843806386	0.7333333333333334	0.3067899103119162
231965394	[5,1.0,-6.0]	40.767066125	-73.93688102499999	0.05035196363823978	0.2987116713880868	0.17584205309654394	0.017655496843806386	0.7333333333333334	0.3067899103119162
231965397	[4,-4.0,0.0]	40.76620433333333	-73.93602738333334	0.05035196363823978	0.2987116713880868	0.17584205309654394	0.017655496843806386	0.7333333333333334	0.3067899103119162
239085023	[-1,15.0,-14.0]	40.767139979999996	-73.93941451999999	0.05035196363823978	0.2987116713880868	0.17584205309654394	0.017655496843806386	0.7333333333333334	0.3067899103119162
243542736	[23,-24.0,1.0]	40.76806779999999	-73.93252595714286	0.05035196363823978	0.2987116713880868	0.17584205309654394	0.017655496843806386	0.7333333333333334	0.3067899103119162
243544148	[5,-9.0,4.0]	40.76602271111111	-73.93518724444444	0.05035196363823978	0.2987116713880868	0.17584205309654394	0.017655496843806386	0.7333333333333334	0.3067899103119162
275302259	[-4,13.0,-9.0]	40.76644062	-73.93910257999998	0.05035196363823978	0.2987116713880868	0.17584205309654394	0.017655496843806386	0.7333333333333334	0.3067899103119162
364484161	[-16,-68.0,84.0]	40.75558098333334	-73.92469345	0.05035196363823978	0.2987116713880868	0.17584205309654394	0.017655496843806386	0.7333333333333334	0.3067899103119162
377995615	[-19,-59.0,78.0]	40.755840899999995	-73.92624024	0.05035196363823978	0.2987116713880868	0.17584205309654394	0.017655496843806386	0.7333333333333334	0.3067899103119162
378472020	[-4,-76.0,80.0]	40.75715247777779	-73.92324392222221	0.05035196363823978	0.2987116713880868	0.17584205309654394	0.017655496843806386	0.7333333333333334	0.3067899103119162
314845258	[14,-87.0,73.0]	40.75973748333333	-73.92129021666666	0.05035196363823978	0.2987116713880868	0.17584205309654394	0.017655496843806386	0.7333333333333334	0.3067899103119162
507664510	[10,-64.0,54.0]	40.76130781176471	-73.92530579411766	0.05035196363823978	0.2987116713880868	0.17584205309654394	0.017655496843806386	0.7333333333333334	0.3067899103119162
507664511	[7,-58.0,51.0]	40.76125276	-73.92639306000001	0.05035196363823978	0.2987116713880868	0.17584205309654394	0.017655496843806386	0.7333333333333334	0.3067899103119162
507664512	[3,-59.0,56.0]	40.76039128571428	-73.9263359142857	0.05035196363823978	0.2987116713880868	0.17584205309654394	0.017655496843806386	0.7333333333333334	0.3067899103119162
510048851	[19,-32.0,13.0]	40.76647597272727	-73.93099887272727	0.05035196363823978	0.2987116713880868	0.17584205309654394	0.017655496843806386	0.7333333333333334	0.3067899103119162
623965075	[-19,23.0,-4.0]	40.76433784285715	-73.94081102857142	0.05035196363823978	0.2987116713880868	0.17584205309654394	0.017655496843806386	0.7333333333333334	0.3067899103119162
351824068	[-5,-51.0,56.0]	40.75968417142857	-73.92762051428572	0.05035196363823978	0.2987116713880868	0.17584205309654394	0.017655496843806386	0.7333333333333334	0.3067899103119162
510048852	[9,-28.0,19.0]	40.76483228000001	-73.93181378	0.05035196363823978	0.2987116713880868	0.17584205309654394	0.017655496843806386	0.7333333333333334	0.3067899103119162
277315840	[9,-60.0,51.0]	40.76158456666666	-73.92614073333334	0.05035196363823978	0.2987116713880868	0.17584205309654394	0.017655496843806386	0.7333333333333334	0.3067899103119162
280613203	[9,-24.0,15.0]	40.76534094444445	-73.93250298888887	0.05035196363823978	0.2987116713880868	0.17584205309654394	0.017655496843806386	0.7333333333333334	0.3067899103119162
280642402	[-34,18.0,16.0]	40.76068898571428	-73.93985764285715	0.05035196363823978	0.2987116713880868	0.17584205309654394	0.017655496843806386	0.7333333333333334	0.3067899103119162
280575613	[25,-90.0,65.0]	40.76184746470588	-73.91916921176471	0.05035196363823978	0.2987116713880868	0.17584205309654394	0.017655496843806386	0.7333333333333334	0.3067899103119162
280575615	[10,-86.0,76.0]	40.75915563684211	-73.92151064736841	0.05035196363823978	0.2987116713880868	0.17584205309654394	0.017655496843806386	0.7333333333333334	0.3067899103119162
280599864	[28,-68.0,40.0]	40.76457034782609	-73.92467158695653	0.05035196363823978	0.2987116713880868	0.17584205309654394	0.017655496843806386	0.7333333333333334	0.3067899103119162
280608715	[-34,-35.0,69.0]	40.755287816666666	-73.93055046666667	0.05035196363823978	0.2987116713880868	0.17584205309654394	0.017655496843806386	0.7333333333333334	0.3067899103119162
280572874	[12,-73.0,61.0]	40.760924339999995	-73.92377436000001	0.05035196363823978	0.2987116713880868	0.17584205309654394	0.017655496843806386	0.7333333333333334	0.3067899103119162
378472019	[-6,-68.0,74.0]	40.75770266	-73.92473262000001	0.05035196363823978	0.2987116713880868	0.17584205309654394	0.017655496843806386	0.7333333333333334	0.3067899103119162
409389970	409389970	0
515115621	409389970	3.0
280572875	409389970	1.0
280572876	409389970	1.0
280572908	409389970	1.0
280587933	409389970	2.0
280587941	409389970	2.0
280587942	409389970	1.0
280587943	409389970	1.0
280599256	409389970	1.0
280599269	409389970	0.0
280599344	409389970	1.0
280599821	409389970	0.0
280599854	409389970	1.0
280599858	409389970	1.0
280599862	409389970	1.0
280613202	409389970	2.0
220632075	409389970	3.0
220632077	409389970	3.0
220632078	409389970	3.0
515115622	409389970	3.0
515115623	409389970	3.0
515115624	409389970	3.0
515115625	409389970	3.0
515115626	409389970	3.0
159861036	409389970	3.0
178759303	409389970	3.0
178759304	409389970	3.0
178759305	409389970	3.0
220632076	409389970	3.0
220632420	409389970	3.0
220632421	409389970	3.0
220635619	409389970	3.0
178759554	409389970	3.0
178759555	409389970	3.0
240023675	409389970	3.0
240023676	409389970	3.0
243007185	409389970	3.0
243007186	409389970	3.0
243542732	409389970	3.0
280616731	409389970	3.0
280616733	409389970	3.0
280613417	409389970	2.0
280642380	409389970	3.0
241836727	409389970	3.0
280569560	409389970	3.0
280569719	409389970	3.0
280613366	409389970	2.0
516688144	409389970	2.0
240569209	409389970	4.0
243544155	409389970	3.0
243544934	409389970	3.0
510048853	409389970	2.0
160741320	409389970	3.0
231847469	409389970	3.0
231965007	409389970	3.0
231965394	409389970	3.0
231965397	409389970	3.0
239085023	409389970	3.0
243542736	409389970	3.0
243544148	409389970	3.0
275302259	409389970	3.0
364484161	409389970	3.0
377995615	409389970	3.0
378472020	409389970	3.0
314845258	409389970	2.0
507664510	409389970	2.0
507664511	409389970	1.0
507664512	409389970	1.0
510048851	409389970	2.0
623965075	409389970	3.0
351824068	409389970	2.0
510048852	409389970	2.0
277315840	409389970	0.0
280613203	409389970	2.0
280642402	409389970	3.0
280575613	409389970	3.0
280575615	409389970	2.0
280599864	409389970	1.0
280608715	409389970	3.0
280572874	409389970	1.0
378472019	409389970	3.0
515115621	515115621	0
280572875	515115621	3.0
280572876	515115621	3.0
280572908	515115621	3.0
280587933	515115621	4.0
280587941	515115621	4.0
280587942	515115621	3.0
280587943	515115621	3.0
280599256	515115621	3.0
280599269	515115621	3.0
280599344	515115621	3.0
280599821	515115621	3.0
280599854	515115621	3.0
280599858	515115621	3.0
280599862	515115621	3.0
280613202	515115621	3.0
220632075	515115621	0.0
220632077	515115621	0.0
220632078	515115621	0.0
515115622	515115621	0.0
515115623	515115621	0.0
515115624	515115621	0.0
515115625	515115621	0.0
515115626	515115621	0.0
159861036	515115621	3.0
178759303	515115621	3.0
178759304	515115621	3.0
178759305	515115621	3.0
220632076	515115621	2.0
220632420	515115621	3.0
220632421	515115621	3.0
220635619	515115621	3.0
178759554	515115621	3.0
178759555	515115621	4.0
240023675	515115621	4.0
240023676	515115621	3.0
243007185	515115621	3.0
243007186	515115621	4.0
243542732	515115621	4.0
280616731	515115621	0.0
280616733	515115621	2.0
280613417	515115621	3.0
280642380	515115621	3.0
241836727	515115621	4.0
280569560	515115621	3.0
280569719	515115621	3.0
280613366	515115621	3.0
516688144	515115621	3.0
240569209	515115621	3.0
243544155	515115621	3.0
243544934	515115621	3.0
510048853	515115621	3.0
160741320	515115621	4.0
231847469	515115621	4.0
231965007	515115621	4.0
231965394	515115621	4.0
231965397	515115621	4.0
239085023	515115621	4.0
243542736	515115621	4.0
243544148	515115621	4.0
275302259	515115621	4.0
364484161	515115621	3.0
377995615	515115621	3.0
378472020	515115621	3.0
314845258	515115621	4.0
507664510	515115621	3.0
507664511	515115621	3.0
507664512	515115621	3.0
510048851	515115621	3.0
623965075	515115621	3.0
351824068	515115621	3.0
510048852	515115621	3.0
277315840	515115621	3.0
280613203	515115621	3.0
280642402	515115621	3.0
280575613	515115621	4.0
280575615	515115621	4.0
280599864	515115621	3.0
280608715	515115621	1.0
280572874	515115621	3.0
378472019	515115621	3.0
280572875	280572875	0
280572876	280572875	0.0
280572908	280572875	0.0
280587933	280572875	2.0
280587941	280572875	2.0
280587942	280572875	2.0
280587943	280572875	0.0
280599256	280572875	0.0
280599269	280572875	1.0
280599344	280572875	2.0
280599821	280572875	1.0
280599854	280572875	2.0
280599858	280572875	2.0
280599862	280572875	0.0
280613202	280572875	3.0
220632075	280572875	3.0
220632077	280572875	3.0
220632078	280572875	3.0
515115622	280572875	3.0
515115623	280572875	3.0
515115624	280572875	3.0
515115625	280572875	3.0
515115626	280572875	3.0
159861036	280572875	3.0
178759303	280572875	3.0
178759304	280572875	3.0
178759305	280572875	3.0
220632076	280572875	3.0
220632420	280572875	3.0
220632421	280572875	3.0
220635619	280572875	4.0
178759554	280572875	3.0
178759555	280572875	3.0
240023675	280572875	4.0
240023676	280572875	4.0
243007185	280572875	3.0
243007186	280572875	3.0
243542732	280572875	3.0
280616731	280572875	3.0
280616733	280572875	3.0
280613417	280572875	3.0
280642380	280572875	4.0
241836727	280572875	3.0
280569560	280572875	3.0
280569719	280572875	3.0
280613366	280572875	3.0
516688144	280572875	3.0
240569209	280572875	4.0
243544155	280572875	3.0
243544934	280572875	4.0
510048853	280572875	3.0
160741320	280572875	3.0
231847469	280572875	3.0
231965007	280572875	3.0
231965394	280572875	4.0
231965397	280572875	3.0
239085023	280572875	4.0
243542736	280572875	3.0
243544148	280572875	3.0
275302259	280572875	4.0
364484161	280572875	3.0
377995615	280572875	2.0
378472020	280572875	2.0
314845258	280572875	2.0
507664510	280572875	1.0
507664511	280572875	1.0
507664512	280572875	1.0
510048851	280572875	3.0
623965075	280572875	4.0
351824068	280572875	2.0
510048852	280572875	3.0
277315840	280572875	1.0
280613203	280572875	3.0
280642402	280572875	4.0
280575613	280572875	2.0
280575615	280572875	3.0
280599864	280572875	2.0
280608715	280572875	3.0
280572874	280572875	0.0
378472019	280572875	2.0
280572876	280572876	0
280572908	280572876	0.0
280587933	280572876	2.0
280587941	280572876	2.0
280587942	280572876	2.0
280587943	280572876	0.0
280599256	280572876	0.0
280599269	280572876	1.0
280599344	280572876	2.0
280599821	280572876	1.0
280599854	280572876	2.0
280599858	280572876	2.0
280599862	280572876	0.0
280613202	280572876	3.0
220632075	280572876	3.0
220632077	280572876	3.0
220632078	280572876	3.0
515115622	280572876	3.0
515115623	280572876	3.0
515115624	280572876	3.0
515115625	280572876	3.0
515115626	280572876	3.0
159861036	280572876	3.0
178759303	280572876	3.0
178759304	280572876	3.0
178759305	280572876	3.0
220632076	280572876	3.0
220632420	280572876	3.0
220632421	280572876	3.0
220635619	280572876	4.0
178759554	280572876	3.0
178759555	280572876	3.0
240023675	280572876	4.0
240023676	280572876	4.0
243007185	280572876	3.0
243007186	280572876	3.0
243542732	280572876	3.0
280616731	280572876	3.0
280616733	280572876	3.0
280613417	280572876	3.0
280642380	280572876	4.0
241836727	280572876	3.0
280569560	280572876	2.0
280569719	280572876	3.0
280613366	280572876	3.0
516688144	280572876	3.0
240569209	280572876	4.0
243544155	280572876	3.0
243544934	280572876	4.0
510048853	280572876	3.0
160741320	280572876	3.0
231847469	280572876	3.0
231965007	280572876	3.0
231965394	280572876	4.0
231965397	280572876	3.0
239085023	280572876	3.0
243542736	280572876	3.0
243544148	280572876	3.0
275302259	280572876	3.0
364484161	280572876	3.0
377995615	280572876	2.0
378472020	280572876	2.0
314845258	280572876	2.0
507664510	280572876	1.0
507664511	280572876	1.0
507664512	280572876	1.0
510048851	280572876	3.0
623965075	280572876	4.0
351824068	280572876	2.0
510048852	280572876	3.0
277315840	280572876	1.0
280613203	280572876	3.0
280642402	280572876	4.0
280575613	280572876	2.0
280575615	280572876	3.0
280599864	280572876	2.0
280608715	280572876	3.0
280572874	280572876	0.0
378472019	280572876	2.0
280572908	280572908	0
280587933	280572908	1.0
280587941	280572908	1.0
280587942	280572908	0.0
280587943	280572908	2.0
280599256	280572908	0.0
280599269	280572908	1.0
280599344	280572908	1.0
280599821	280572908	1.0
280599854	280572908	1.0
280599858	280572908	1.0
280599862	280572908	0.0
280613202	280572908	3.0
220632075	280572908	3.0
220632077	280572908	3.0
220632078	280572908	3.0
515115622	280572908	3.0
515115623	280572908	3.0
515115624	280572908	3.0
515115625	280572908	3.0
515115626	280572908	3.0
159861036	280572908	3.0
178759303	280572908	3.0
178759304	280572908	3.0
178759305	280572908	3.0
220632076	280572908	3.0
220632420	280572908	3.0
220632421	280572908	3.0
220635619	280572908	4.0
178759554	280572908	3.0
178759555	280572908	3.0
240023675	280572908	4.0
240023676	280572908	4.0
243007185	280572908	3.0
243007186	280572908	3.0
243542732	280572908	3.0
280616731	280572908	3.0
280616733	280572908	3.0
280613417	280572908	3.0
280642380	280572908	4.0
241836727	280572908	4.0
280569560	280572908	2.0
280569719	280572908	2.0
280613366	280572908	3.0
516688144	280572908	3.0
240569209	280572908	4.0
243544155	280572908	3.0
243544934	280572908	3.0
510048853	280572908	3.0
160741320	280572908	4.0
231847469	280572908	3.0
231965007	280572908	4.0
231965394	280572908	3.0
231965397	280572908	3.0
239085023	280572908	4.0
243542736	280572908	3.0
243544148	280572908	3.0
275302259	280572908	4.0
364484161	280572908	2.0
377995615	280572908	2.0
378472020	280572908	2.0
314845258	280572908	2.0
507664510	280572908	2.0
507664511	280572908	1.0
507664512	280572908	2.0
510048851	280572908	3.0
623965075	280572908	4.0
351824068	280572908	2.0
510048852	280572908	3.0
277315840	280572908	1.0
280613203	280572908	3.0
280642402	280572908	4.0
280575613	280572908	2.0
280575615	280572908	1.0
280599864	280572908	2.0
280608715	280572908	3.0
280572874	280572908	0.0
378472019	280572908	2.0
280587933	280587933	0
280587941	280587933	0.0
280587942	280587933	1.0
280587943	280587933	2.0
280599256	280587933	2.0
280599269	280587933	2.0
280599344	280587933	2.0
280599821	280587933	2.0
280599854	280587933	2.0
280599858	280587933	2.0
280599862	280587933	2.0
280613202	280587933	3.0
220632075	280587933	4.0
220632077	280587933	4.0
220632078	280587933	4.0
515115622	280587933	4.0
515115623	280587933	4.0
515115624	280587933	4.0
515115625	280587933	4.0
515115626	280587933	4.0
159861036	280587933	4.0
178759303	280587933	4.0
178759304	280587933	3.0
178759305	280587933	4.0
220632076	280587933	4.0
220632420	280587933	4.0
220632421	280587933	3.0
220635619	280587933	4.0
178759554	280587933	4.0
178759555	280587933	3.0
240023675	280587933	4.0
240023676	280587933	4.0
243007185	280587933	3.0
243007186	280587933	4.0
243542732	280587933	3.0
280616731	280587933	4.0
280616733	280587933	4.0
280613417	280587933	3.0
280642380	280587933	4.0
241836727	280587933	3.0
280569560	280587933	3.0
280569719	280587933	3.0
280613366	280587933	3.0
516688144	280587933	3.0
240569209	280587933	4.0
243544155	280587933	4.0
243544934	280587933	4.0
510048853	280587933	3.0
160741320	280587933	4.0
231847469	280587933	4.0
231965007	280587933	4.0
231965394	280587933	4.0
231965397	280587933	4.0
239085023	280587933	4.0
243542736	280587933	3.0
243544148	280587933	4.0
275302259	280587933	4.0
364484161	280587933	3.0
377995615	280587933	3.0
378472020	280587933	3.0
314845258	280587933	2.0
507664510	280587933	2.0
507664511	280587933	2.0
507664512	280587933	2.0
510048851	280587933	3.0
623965075	280587933	4.0
351824068	280587933	3.0
510048852	280587933	3.0
277315840	280587933	2.0
280613203	280587933	3.0
280642402	280587933	4.0
280575613	280587933	1.0
280575615	280587933	2.0
280599864	280587933	1.0
280608715	280587933	3.0
280572874	280587933	2.0
378472019	280587933	2.0
280587941	280587941	0
280587942	280587941	1.0
280587943	280587941	1.0
280599256	280587941	2.0
280599269	280587941	2.0
280599344	280587941	2.0
280599821	280587941	2.0
280599854	280587941	2.0
280599858	280587941	2.0
280599862	280587941	2.0
280613202	280587941	3.0
220632075	280587941	4.0
220632077	280587941	4.0
220632078	280587941	4.0
515115622	280587941	4.0
515115623	280587941	4.0
515115624	280587941	4.0
515115625	280587941	4.0
515115626	280587941	4.0
159861036	280587941	4.0
178759303	280587941	4.0
178759304	280587941	3.0
178759305	280587941	4.0
220632076	280587941	4.0
220632420	280587941	4.0
220632421	280587941	3.0
220635619	280587941	4.0
178759554	280587941	4.0
178759555	280587941	3.0
240023675	280587941	4.0
240023676	280587941	4.0
243007185	280587941	3.0
243007186	280587941	4.0
243542732	280587941	3.0
280616731	280587941	4.0
280616733	280587941	4.0
280613417	280587941	3.0
280642380	280587941	4.0
241836727	280587941	3.0
280569560	280587941	3.0
280569719	280587941	3.0
280613366	280587941	3.0
516688144	280587941	3.0
240569209	280587941	4.0
243544155	280587941	4.0
243544934	280587941	4.0
510048853	280587941	3.0
160741320	280587941	4.0
231847469	280587941	4.0
231965007	280587941	4.0
231965394	280587941	4.0
231965397	280587941	4.0
239085023	280587941	4.0
243542736	280587941	3.0
243544148	280587941	4.0
275302259	280587941	4.0
364484161	280587941	3.0
377995615	280587941	3.0
378472020	280587941	3.0
314845258	280587941	2.0
507664510	280587941	2.0
507664511	280587941	2.0
507664512	280587941	2.0
510048851	280587941	3.0
623965075	280587941	4.0
351824068	280587941	3.0
510048852	280587941	3.0
277315840	280587941	2.0
280613203	280587941	3.0
280642402	280587941	4.0
280575613	280587941	1.0
280575615	280587941	2.0
280599864	280587941	1.0
280608715	280587941	3.0
280572874	280587941	2.0
378472019	280587941	2.0
280587942	280587942	0
280587943	280587942	0.0
280599256	280587942	0.0
280599269	280587942	2.0
280599344	280587942	2.0
280599821	280587942	1.0
280599854	280587942	2.0
280599858	280587942	2.0
280599862	280587942	0.0
280613202	280587942	3.0
220632075	280587942	3.0
220632077	280587942	3.0
220632078	280587942	3.0
515115622	280587942	3.0
515115623	280587942	3.0
515115624	280587942	3.0
515115625	280587942	3.0
515115626	280587942	3.0
159861036	280587942	3.0
178759303	280587942	3.0
178759304	280587942	3.0
178759305	280587942	3.0
220632076	280587942	3.0
220632420	280587942	3.0
220632421	280587942	3.0
220635619	280587942	4.0
178759554	280587942	3.0
178759555	280587942	3.0
240023675	280587942	4.0
240023676	280587942	4.0
243007185	280587942	3.0
243007186	280587942	3.0
243542732	280587942	3.0
280616731	280587942	3.0
280616733	280587942	3.0
280613417	280587942	3.0
280642380	280587942	4.0
241836727	280587942	3.0
280569560	280587942	2.0
280569719	280587942	3.0
280613366	280587942	3.0
516688144	280587942	3.0
240569209	280587942	4.0
243544155	280587942	4.0
243544934	280587942	4.0
510048853	280587942	3.0
160741320	280587942	4.0
231847469	280587942	3.0
231965007	280587942	4.0
231965394	280587942	4.0
231965397	280587942	4.0
239085023	280587942	4.0
243542736	280587942	3.0
243544148	280587942	3.0
275302259	280587942	4.0
364484161	280587942	2.0
377995615	280587942	3.0
378472020	280587942	3.0
314845258	280587942	1.0
507664510	280587942	1.0
507664511	280587942	1.0
507664512	280587942	2.0
510048851	280587942	3.0
623965075	280587942	4.0
351824068	280587942	2.0
510048852	280587942	3.0
277315840	280587942	1.0
280613203	280587942	3.0
280642402	280587942	4.0
280575613	280587942	2.0
280575615	280587942	2.0
280599864	280587942	2.0
280608715	280587942	3.0
280572874	280587942	2.0
378472019	280587942	2.0
280587943	280587943	0
280599256	280587943	0.0
280599269	280587943	1.0
280599344	280587943	1.0
280599821	280587943	1.0
280599854	280587943	0.0
280599858	280587943	0.0
280599862	280587943	0.0
280613202	280587943	3.0
220632075	280587943	3.0
220632077	280587943	3.0
220632078	280587943	3.0
515115622	280587943	3.0
515115623	280587943	3.0
515115624	280587943	3.0
515115625	280587943	3.0
515115626	280587943	3.0
159861036	280587943	3.0
178759303	280587943	3.0
178759304	280587943	3.0
178759305	280587943	3.0
220632076	280587943	4.0
220632420	280587943	3.0
220632421	280587943	3.0
220635619	280587943	4.0
178759554	280587943	3.0
178759555	280587943	3.0
240023675	280587943	4.0
240023676	280587943	4.0
243007185	280587943	3.0
243007186	280587943	3.0
243542732	280587943	3.0
280616731	280587943	3.0
280616733	280587943	4.0
280613417	280587943	3.0
280642380	280587943	4.0
241836727	280587943	3.0
280569560	280587943	3.0
280569719	280587943	3.0
280613366	280587943	3.0
516688144	280587943	3.0
240569209	280587943	4.0
243544155	280587943	3.0
243544934	280587943	3.0
510048853	280587943	3.0
160741320	280587943	3.0
231847469	280587943	3.0
231965007	280587943	3.0
231965394	280587943	3.0
231965397	280587943	3.0
239085023	280587943	3.0
243542736	280587943	3.0
243544148	280587943	3.0
275302259	280587943	4.0
364484161	280587943	3.0
377995615	280587943	3.0
378472020	280587943	2.0
314845258	280587943	3.0
507664510	280587943	2.0
507664511	280587943	1.0
507664512	280587943	1.0
510048851	280587943	3.0
623965075	280587943	4.0
351824068	280587943	2.0
510048852	280587943	3.0
277315840	280587943	1.0
280613203	280587943	3.0
280642402	280587943	4.0
280575613	280587943	2.0
280575615	280587943	2.0
280599864	280587943	2.0
280608715	280587943	3.0
280572874	280587943	0.0
378472019	280587943	2.0
280599256	280599256	0
280599269	280599256	1.0
280599344	280599256	0.0
280599821	280599256	0.0
280599854	280599256	0.0
280599858	280599256	0.0
280599862	280599256	0.0
280613202	280599256	2.0
220632075	280599256	3.0
220632077	280599256	3.0
220632078	280599256	3.0
515115622	280599256	3.0
515115623	280599256	3.0
515115624	280599256	3.0
515115625	280599256	3.0
515115626	280599256	3.0
159861036	280599256	3.0
178759303	280599256	3.0
178759304	280599256	3.0
178759305	280599256	3.0
220632076	280599256	3.0
220632420	280599256	3.0
220632421	280599256	3.0
220635619	280599256	4.0
178759554	280599256	3.0
178759555	280599256	3.0
240023675	280599256	3.0
240023676	280599256	3.0
243007185	280599256	3.0
243007186	280599256	3.0
243542732	280599256	3.0
280616731	280599256	3.0
280616733	280599256	3.0
280613417	280599256	3.0
280642380	280599256	4.0
241836727	280599256	3.0
280569560	280599256	3.0
280569719	280599256	3.0
280613366	280599256	3.0
516688144	280599256	3.0
240569209	280599256	4.0
243544155	280599256	3.0
243544934	280599256	3.0
510048853	280599256	3.0
160741320	280599256	3.0
231847469	280599256	3.0
231965007	280599256	3.0
231965394	280599256	3.0
231965397	280599256	3.0
239085023	280599256	3.0
243542736	280599256	3.0
243544148	280599256	3.0
275302259	280599256	3.0
364484161	280599256	3.0
377995615	280599256	3.0
378472020	280599256	2.0
314845258	280599256	2.0
507664510	280599256	1.0
507664511	280599256	1.0
507664512	280599256	1.0
510048851	280599256	3.0
623965075	280599256	4.0
351824068	280599256	2.0
510048852	280599256	3.0
277315840	280599256	0.0
280613203	280599256	3.0
280642402	280599256	4.0
280575613	280599256	2.0
280575615	280599256	2.0
280599864	280599256	2.0
280608715	280599256	3.0
280572874	280599256	0.0
378472019	280599256	2.0
280599269	280599269	0
280599344	280599269	1.0
280599821	280599269	0.0
280599854	280599269	1.0
280599858	280599269	1.0
280599862	280599269	1.0
280613202	280599269	2.0
220632075	280599269	3.0
220632077	280599269	3.0
220632078	280599269	3.0
515115622	280599269	3.0
515115623	280599269	3.0
515115624	280599269	3.0
515115625	280599269	3.0
515115626	280599269	3.0
159861036	280599269	3.0
178759303	280599269	3.0
178759304	280599269	3.0
178759305	280599269	3.0
220632076	280599269	3.0
220632420	280599269	3.0
220632421	280599269	3.0
220635619	280599269	3.0
178759554	280599269	3.0
178759555	280599269	3.0
240023675	280599269	3.0
240023676	280599269	3.0
243007185	280599269	3.0
243007186	280599269	3.0
243542732	280599269	3.0
280616731	280599269	3.0
280616733	280599269	3.0
280613417	280599269	2.0
280642380	280599269	3.0
241836727	280599269	3.0
280569560	280599269	3.0
280569719	280599269	3.0
280613366	280599269	2.0
516688144	280599269	2.0
240569209	280599269	4.0
243544155	280599269	3.0
243544934	280599269	3.0
510048853	280599269	2.0
160741320	280599269	3.0
231847469	280599269	3.0
231965007	280599269	3.0
231965394	280599269	3.0
231965397	280599269	3.0
239085023	280599269	3.0
243542736	280599269	3.0
243544148	280599269	3.0
275302259	280599269	3.0
364484161	280599269	3.0
377995615	280599269	3.0
378472020	280599269	3.0
314845258	280599269	2.0
507664510	280599269	2.0
507664511	280599269	1.0
507664512	280599269	1.0
510048851	280599269	2.0
623965075	280599269	3.0
351824068	280599269	2.0
510048852	280599269	2.0
277315840	280599269	1.0
280613203	280599269	2.0
280642402	280599269	3.0
280575613	280599269	3.0
280575615	280599269	2.0
280599864	280599269	1.0
280608715	280599269	3.0
280572874	280599269	1.0
378472019	280599269	3.0
280599344	280599344	0
280599821	280599344	1.0
280599854	280599344	0.0
280599858	280599344	0.0
280599862	280599344	0.0
280613202	280599344	3.0
220632075	280599344	3.0
220632077	280599344	3.0
220632078	280599344	3.0
515115622	280599344	3.0
515115623	280599344	3.0
515115624	280599344	3.0
515115625	280599344	3.0
515115626	280599344	3.0
159861036	280599344	3.0
178759303	280599344	3.0
178759304	280599344	3.0
178759305	280599344	3.0
220632076	280599344	3.0
220632420	280599344	3.0
220632421	280599344	3.0
220635619	280599344	4.0
178759554	280599344	3.0
178759555	280599344	3.0
240023675	280599344	4.0
240023676	280599344	4.0
243007185	280599344	3.0
243007186	280599344	3.0
243542732	280599344	3.0
280616731	280599344	3.0
280616733	280599344	3.0
280613417	280599344	3.0
280642380	280599344	4.0
241836727	280599344	3.0
280569560	280599344	3.0
280569719	280599344	3.0
280613366	280599344	3.0
516688144	280599344	3.0
240569209	280599344	4.0
243544155	280599344	4.0
243544934	280599344	4.0
510048853	280599344	3.0
160741320	280599344	3.0
231847469	280599344	3.0
231965007	280599344	3.0
231965394	280599344	4.0
231965397	280599344	3.0
239085023	280599344	4.0
243542736	280599344	3.0
243544148	280599344	3.0
275302259	280599344	4.0
364484161	280599344	3.0
377995615	280599344	3.0
378472020	280599344	3.0
314845258	280599344	2.0
507664510	280599344	1.0
507664511	280599344	1.0
507664512	280599344	1.0
510048851	280599344	3.0
623965075	280599344	4.0
351824068	280599344	2.0
510048852	280599344	3.0
277315840	280599344	1.0
280613203	280599344	3.0
280642402	280599344	4.0
280575613	280599344	2.0
280575615	280599344	3.0
280599864	280599344	2.0
280608715	280599344	3.0
280572874	280599344	2.0
378472019	280599344	3.0
280599821	280599821	0
280599854	280599821	0.0
280599858	280599821	0.0
280599862	280599821	0.0
280613202	280599821	2.0
220632075	280599821	3.0
220632077	280599821	3.0
220632078	280599821	3.0
515115622	280599821	3.0
515115623	280599821	3.0
515115624	280599821	3.0
515115625	280599821	3.0
515115626	280599821	3.0
159861036	280599821	3.0
178759303	280599821	3.0
178759304	280599821	3.0
178759305	280599821	3.0
220632076	280599821	3.0
220632420	280599821	3.0
220632421	280599821	3.0
220635619	280599821	4.0
178759554	280599821	3.0
178759555	280599821	3.0
240023675	280599821	3.0
240023676	280599821	3.0
243007185	280599821	3.0
243007186	280599821	3.0
243542732	280599821	3.0
280616731	280599821	3.0
280616733	280599821	3.0
280613417	280599821	3.0
280642380	280599821	4.0
241836727	280599821	3.0
280569560	280599821	3.0
280569719	280599821	3.0
280613366	280599821	3.0
516688144	280599821	3.0
240569209	280599821	4.0
243544155	280599821	3.0
243544934	280599821	3.0
510048853	280599821	3.0
160741320	280599821	3.0
231847469	280599821	3.0
231965007	280599821	3.0
231965394	280599821	3.0
231965397	280599821	3.0
239085023	280599821	3.0
243542736	280599821	3.0
243544148	280599821	3.0
275302259	280599821	3.0
364484161	280599821	3.0
377995615	280599821	3.0
378472020	280599821	3.0
314845258	280599821	2.0
507664510	280599821	1.0
507664511	280599821	0.0
507664512	280599821	1.0
510048851	280599821	3.0
623965075	280599821	4.0
351824068	280599821	1.0
510048852	280599821	2.0
277315840	280599821	0.0
280613203	280599821	2.0
280642402	280599821	4.0
280575613	280599821	2.0
280575615	280599821	2.0
280599864	280599821	1.0
280608715	280599821	3.0
280572874	280599821	1.0
378472019	280599821	2.0
280599854	280599854	0
280599858	280599854	0.0
280599862	280599854	0.0
280613202	280599854	2.0
220632075	280599854	3.0
220632077	280599854	3.0
220632078	280599854	3.0
515115622	280599854	3.0
515115623	280599854	3.0
515115624	280599854	3.0
515115625	280599854	3.0
515115626	280599854	3.0
159861036	280599854	3.0
178759303	280599854	3.0
178759304	280599854	3.0
178759305	280599854	3.0
220632076	280599854	3.0
220632420	280599854	3.0
220632421	280599854	3.0
220635619	280599854	4.0
178759554	280599854	3.0
178759555	280599854	3.0
240023675	280599854	3.0
240023676	280599854	3.0
243007185	280599854	3.0
243007186	280599854	3.0
243542732	280599854	3.0
280616731	280599854	3.0
280616733	280599854	3.0
280613417	280599854	3.0
280642380	280599854	4.0
241836727	280599854	3.0
280569560	280599854	3.0
280569719	280599854	3.0
280613366	280599854	3.0
516688144	280599854	3.0
240569209	280599854	4.0
243544155	280599854	3.0
243544934	280599854	3.0
510048853	280599854	3.0
160741320	280599854	3.0
231847469	280599854	3.0
231965007	280599854	3.0
231965394	280599854	3.0
231965397	280599854	3.0
239085023	280599854	3.0
243542736	280599854	3.0
243544148	280599854	3.0
275302259	280599854	3.0
364484161	280599854	3.0
377995615	280599854	3.0
378472020	280599854	3.0
314845258	280599854	2.0
507664510	280599854	1.0
507664511	280599854	1.0
507664512	280599854	1.0
510048851	280599854	3.0
623965075	280599854	4.0
351824068	280599854	2.0
510048852	280599854	2.0
277315840	280599854	0.0
280613203	280599854	3.0
280642402	280599854	4.0
280575613	280599854	2.0
280575615	280599854	3.0
280599864	280599854	2.0
280608715	280599854	3.0
280572874	280599854	2.0
378472019	280599854	3.0
280599858	280599858	0
280599862	280599858	0.0
280613202	280599858	2.0
220632075	280599858	3.0
220632077	280599858	3.0
220632078	280599858	3.0
515115622	280599858	3.0
515115623	280599858	3.0
515115624	280599858	3.0
515115625	280599858	3.0
515115626	280599858	3.0
159861036	280599858	3.0
178759303	280599858	3.0
178759304	280599858	3.0
178759305	280599858	3.0
220632076	280599858	3.0
220632420	280599858	3.0
220632421	280599858	3.0
220635619	280599858	4.0
178759554	280599858	3.0
178759555	280599858	3.0
240023675	280599858	3.0
240023676	280599858	3.0
243007185	280599858	3.0
243007186	280599858	3.0
243542732	280599858	3.0
280616731	280599858	3.0
280616733	280599858	3.0
280613417	280599858	3.0
280642380	280599858	4.0
241836727	280599858	3.0
280569560	280599858	3.0
280569719	280599858	3.0
280613366	280599858	3.0
516688144	280599858	3.0
240569209	280599858	4.0
243544155	280599858	3.0
243544934	280599858	3.0
510048853	280599858	3.0
160741320	280599858	3.0
231847469	280599858	3.0
231965007	280599858	3.0
231965394	280599858	4.0
231965397	280599858	3.0
239085023	280599858	3.0
243542736	280599858	3.0
243544148	280599858	3.0
275302259	280599858	3.0
364484161	280599858	3.0
377995615	280599858	3.0
378472020	280599858	3.0
314845258	280599858	2.0
507664510	280599858	1.0
507664511	280599858	1.0
507664512	280599858	1.0
510048851	280599858	3.0
623965075	280599858	4.0
351824068	280599858	2.0
510048852	280599858	3.0
277315840	280599858	0.0
280613203	280599858	3.0
280642402	280599858	4.0
280575613	280599858	2.0
280575615	280599858	3.0
280599864	280599858	2.0
280608715	280599858	3.0
280572874	280599858	2.0
378472019	280599858	3.0
280599862	280599862	0
280613202	280599862	2.0
220632075	280599862	3.0
220632077	280599862	3.0
220632078	280599862	3.0
515115622	280599862	3.0
515115623	280599862	3.0
515115624	280599862	3.0
515115625	280599862	3.0
515115626	280599862	3.0
159861036	280599862	3.0
178759303	280599862	3.0
178759304	280599862	3.0
178759305	280599862	3.0
220632076	280599862	3.0
220632420	280599862	3.0
220632421	280599862	3.0
220635619	280599862	4.0
178759554	280599862	3.0
178759555	280599862	3.0
240023675	280599862	3.0
240023676	280599862	4.0
243007185	280599862	3.0
243007186	280599862	3.0
243542732	280599862	3.0
280616731	280599862	3.0
280616733	280599862	3.0
280613417	280599862	3.0
280642380	280599862	4.0
241836727	280599862	3.0
280569560	280599862	3.0
280569719	280599862	3.0
280613366	280599862	3.0
516688144	280599862	3.0
240569209	280599862	4.0
243544155	280599862	3.0
243544934	280599862	3.0
510048853	280599862	3.0
160741320	280599862	3.0
231847469	280599862	3.0
231965007	280599862	3.0
231965394	280599862	3.0
231965397	280599862	3.0
239085023	280599862	3.0
243542736	280599862	3.0
243544148	280599862	3.0
275302259	280599862	3.0
364484161	280599862	3.0
377995615	280599862	3.0
378472020	280599862	2.0
314845258	280599862	2.0
507664510	280599862	1.0
507664511	280599862	1.0
507664512	280599862	1.0
510048851	280599862	3.0
623965075	280599862	4.0
351824068	280599862	2.0
510048852	280599862	3.0
277315840	280599862	0.0
280613203	280599862	3.0
280642402	280599862	4.0
280575613	280599862	2.0
280575615	280599862	2.0
280599864	280599862	2.0
280608715	280599862	3.0
280572874	280599862	0.0
378472019	280599862	2.0
280613202	280613202	0
220632075	280613202	3.0
220632077	280613202	3.0
220632078	280613202	3.0
515115622	280613202	3.0
515115623	280613202	3.0
515115624	280613202	3.0
515115625	280613202	3.0
515115626	280613202	3.0
159861036	280613202	2.0
178759303	280613202	2.0
178759304	280613202	2.0
178759305	280613202	2.0
220632076	280613202	3.0
220632420	280613202	2.0
220632421	280613202	2.0
220635619	280613202	3.0
178759554	280613202	2.0
178759555	280613202	2.0
240023675	280613202	3.0
240023676	280613202	3.0
243007185	280613202	2.0
243007186	280613202	2.0
243542732	280613202	2.0
280616731	280613202	3.0
280616733	280613202	3.0
280613417	280613202	1.0
280642380	280613202	3.0
241836727	280613202	2.0
280569560	280613202	4.0
280569719	280613202	4.0
280613366	280613202	1.0
516688144	280613202	0.0
240569209	280613202	3.0
243544155	280613202	2.0
243544934	280613202	2.0
510048853	280613202	1.0
160741320	280613202	3.0
231847469	280613202	2.0
231965007	280613202	3.0
231965394	280613202	2.0
231965397	280613202	2.0
239085023	280613202	3.0
243542736	280613202	2.0
243544148	280613202	2.0
275302259	280613202	3.0
364484161	280613202	4.0
377995615	280613202	4.0
378472020	280613202	3.0
314845258	280613202	3.0
507664510	280613202	3.0
507664511	280613202	2.0
507664512	280613202	3.0
510048851	280613202	1.0
623965075	280613202	3.0
351824068	280613202	3.0
510048852	280613202	0.0
277315840	280613202	2.0
280613203	280613202	0.0
280642402	280613202	3.0
280575613	280613202	3.0
280575615	280613202	3.0
280599864	280613202	3.0
280608715	280613202	3.0
280572874	280613202	3.0
378472019	280613202	3.0
220632075	220632075	0
220632077	220632075	0.0
220632078	220632075	0.0
515115622	220632075	0.0
515115623	220632075	0.0
515115624	220632075	0.0
515115625	220632075	0.0
515115626	220632075	0.0
159861036	220632075	3.0
178759303	220632075	3.0
178759304	220632075	3.0
178759305	220632075	3.0
220632076	220632075	2.0
220632420	220632075	3.0
220632421	220632075	3.0
220635619	220632075	3.0
178759554	220632075	3.0
178759555	220632075	4.0
240023675	220632075	4.0
240023676	220632075	4.0
243007185	220632075	3.0
243007186	220632075	4.0
243542732	220632075	4.0
280616731	220632075	0.0
280616733	220632075	2.0
280613417	220632075	3.0
280642380	220632075	3.0
241836727	220632075	4.0
280569560	220632075	3.0
280569719	220632075	3.0
280613366	220632075	3.0
516688144	220632075	3.0
240569209	220632075	3.0
243544155	220632075	3.0
243544934	220632075	3.0
510048853	220632075	3.0
160741320	220632075	4.0
231847469	220632075	4.0
231965007	220632075	4.0
231965394	220632075	4.0
231965397	220632075	4.0
239085023	220632075	4.0
243542736	220632075	4.0
243544148	220632075	4.0
275302259	220632075	4.0
364484161	220632075	3.0
377995615	220632075	3.0
378472020	220632075	3.0
314845258	220632075	4.0
507664510	220632075	3.0
507664511	220632075	3.0
507664512	220632075	3.0
510048851	220632075	3.0
623965075	220632075	3.0
351824068	220632075	3.0
510048852	220632075	3.0
277315840	220632075	3.0
280613203	220632075	3.0
280642402	220632075	3.0
280575613	220632075	4.0
280575615	220632075	3.0
280599864	220632075	3.0
280608715	220632075	1.0
280572874	220632075	3.0
378472019	220632075	3.0
220632077	220632077	0
220632078	220632077	0.0
515115622	220632077	0.0
515115623	220632077	0.0
515115624	220632077	0.0
515115625	220632077	0.0
515115626	220632077	0.0
159861036	220632077	3.0
178759303	220632077	3.0
178759304	220632077	3.0
178759305	220632077	3.0
220632076	220632077	2.0
220632420	220632077	3.0
220632421	220632077	3.0
220635619	220632077	3.0
178759554	220632077	3.0
178759555	220632077	4.0
240023675	220632077	3.0
240023676	220632077	3.0
243007185	220632077	3.0
243007186	220632077	4.0
243542732	220632077	4.0
280616731	220632077	0.0
280616733	220632077	2.0
280613417	220632077	3.0
280642380	220632077	3.0
241836727	220632077	4.0
280569560	220632077	3.0
280569719	220632077	3.0
280613366	220632077	3.0
516688144	220632077	3.0
240569209	220632077	3.0
243544155	220632077	3.0
243544934	220632077	4.0
510048853	220632077	3.0
160741320	220632077	4.0
231847469	220632077	4.0
231965007	220632077	4.0
231965394	220632077	4.0
231965397	220632077	4.0
239085023	220632077	4.0
243542736	220632077	4.0
243544148	220632077	4.0
275302259	220632077	4.0
364484161	220632077	3.0
377995615	220632077	3.0
378472020	220632077	3.0
314845258	220632077	4.0
507664510	220632077	3.0
507664511	220632077	3.0
507664512	220632077	3.0
510048851	220632077	3.0
623965075	220632077	3.0
351824068	220632077	3.0
510048852	220632077	3.0
277315840	220632077	3.0
280613203	220632077	3.0
280642402	220632077	3.0
280575613	220632077	4.0
280575615	220632077	4.0
280599864	220632077	3.0
280608715	220632077	2.0
280572874	220632077	3.0
378472019	220632077	3.0
220632078	220632078	0
515115622	220632078	0.0
515115623	220632078	0.0
515115624	220632078	0.0
515115625	220632078	0.0
515115626	220632078	0.0
159861036	220632078	3.0
178759303	220632078	3.0
178759304	220632078	3.0
178759305	220632078	3.0
220632076	220632078	2.0
220632420	220632078	3.0
220632421	220632078	3.0
220635619	220632078	3.0
178759554	220632078	3.0
178759555	220632078	4.0
240023675	220632078	3.0
240023676	220632078	3.0
243007185	220632078	3.0
243007186	220632078	4.0
243542732	220632078	4.0
280616731	220632078	0.0
280616733	220632078	2.0
280613417	220632078	3.0
280642380	220632078	3.0
241836727	220632078	4.0
280569560	220632078	3.0
280569719	220632078	3.0
280613366	220632078	3.0
516688144	220632078	3.0
240569209	220632078	3.0
243544155	220632078	3.0
243544934	220632078	4.0
510048853	220632078	3.0
160741320	220632078	4.0
231847469	220632078	4.0
231965007	220632078	4.0
231965394	220632078	4.0
231965397	220632078	4.0
239085023	220632078	4.0
243542736	220632078	4.0
243544148	220632078	4.0
275302259	220632078	4.0
364484161	220632078	3.0
377995615	220632078	3.0
378472020	220632078	3.0
314845258	220632078	4.0
507664510	220632078	3.0
507664511	220632078	3.0
507664512	220632078	3.0
510048851	220632078	3.0
623965075	220632078	3.0
351824068	220632078	3.0
510048852	220632078	3.0
277315840	220632078	3.0
280613203	220632078	3.0
280642402	220632078	3.0
280575613	220632078	4.0
280575615	220632078	4.0
280599864	220632078	3.0
280608715	220632078	2.0
280572874	220632078	3.0
378472019	220632078	3.0
515115622	515115622	0
515115623	515115622	0.0
515115624	515115622	0.0
515115625	515115622	0.0
515115626	515115622	0.0
159861036	515115622	3.0
178759303	515115622	3.0
178759304	515115622	3.0
178759305	515115622	3.0
220632076	515115622	2.0
220632420	515115622	3.0
220632421	515115622	3.0
220635619	515115622	3.0
178759554	515115622	3.0
178759555	515115622	4.0
240023675	515115622	4.0
240023676	515115622	4.0
243007185	515115622	3.0
243007186	515115622	4.0
243542732	515115622	4.0
280616731	515115622	0.0
280616733	515115622	2.0
280613417	515115622	3.0
280642380	515115622	3.0
241836727	515115622	4.0
280569560	515115622	3.0
280569719	515115622	3.0
280613366	515115622	3.0
516688144	515115622	3.0
240569209	515115622	3.0
243544155	515115622	3.0
243544934	515115622	3.0
510048853	515115622	3.0
160741320	515115622	4.0
231847469	515115622	4.0
231965007	515115622	4.0
231965394	515115622	4.0
231965397	515115622	4.0
239085023	515115622	4.0
243542736	515115622	4.0
243544148	515115622	4.0
275302259	515115622	4.0
364484161	515115622	3.0
377995615	515115622	3.0
378472020	515115622	3.0
314845258	515115622	4.0
507664510	515115622	3.0
507664511	515115622	3.0
507664512	515115622	3.0
510048851	515115622	3.0
623965075	515115622	3.0
351824068	515115622	3.0
510048852	515115622	3.0
277315840	515115622	3.0
280613203	515115622	3.0
280642402	515115622	3.0
280575613	515115622	4.0
280575615	515115622	3.0
280599864	515115622	3.0
280608715	515115622	1.0
280572874	515115622	3.0
378472019	515115622	3.0
515115623	515115623	0
515115624	515115623	0.0
515115625	515115623	0.0
515115626	515115623	0.0
159861036	515115623	3.0
178759303	515115623	3.0
178759304	515115623	3.0
178759305	515115623	3.0
220632076	515115623	2.0
220632420	515115623	3.0
220632421	515115623	3.0
220635619	515115623	3.0
178759554	515115623	3.0
178759555	515115623	4.0
240023675	515115623	4.0
240023676	515115623	4.0
243007185	515115623	4.0
243007186	515115623	4.0
243542732	515115623	4.0
280616731	515115623	0.0
280616733	515115623	2.0
280613417	515115623	3.0
280642380	515115623	3.0
241836727	515115623	4.0
280569560	515115623	3.0
280569719	515115623	3.0
280613366	515115623	3.0
516688144	515115623	3.0
240569209	515115623	3.0
243544155	515115623	3.0
243544934	515115623	3.0
510048853	515115623	3.0
160741320	515115623	4.0
231847469	515115623	4.0
231965007	515115623	4.0
231965394	515115623	4.0
231965397	515115623	4.0
239085023	515115623	4.0
243542736	515115623	4.0
243544148	515115623	4.0
275302259	515115623	4.0
364484161	515115623	3.0
377995615	515115623	3.0
378472020	515115623	3.0
314845258	515115623	4.0
507664510	515115623	3.0
507664511	515115623	3.0
507664512	515115623	3.0
510048851	515115623	3.0
623965075	515115623	3.0
351824068	515115623	3.0
510048852	515115623	3.0
277315840	515115623	3.0
280613203	515115623	3.0
280642402	515115623	3.0
280575613	515115623	4.0
280575615	515115623	3.0
280599864	515115623	3.0
280608715	515115623	1.0
280572874	515115623	3.0
378472019	515115623	3.0
515115624	515115624	0
515115625	515115624	0.0
515115626	515115624	0.0
159861036	515115624	3.0
178759303	515115624	3.0
178759304	515115624	3.0
178759305	515115624	3.0
220632076	515115624	2.0
220632420	515115624	3.0
220632421	515115624	3.0
220635619	515115624	3.0
178759554	515115624	3.0
178759555	515115624	4.0
240023675	515115624	4.0
240023676	515115624	4.0
243007185	515115624	4.0
243007186	515115624	4.0
243542732	515115624	4.0
280616731	515115624	0.0
280616733	515115624	2.0
280613417	515115624	3.0
280642380	515115624	3.0
241836727	515115624	4.0
280569560	515115624	3.0
280569719	515115624	3.0
280613366	515115624	3.0
516688144	515115624	3.0
240569209	515115624	3.0
243544155	515115624	3.0
243544934	515115624	3.0
510048853	515115624	3.0
160741320	515115624	4.0
231847469	515115624	4.0
231965007	515115624	4.0
231965394	515115624	4.0
231965397	515115624	4.0
239085023	515115624	4.0
243542736	515115624	4.0
243544148	515115624	4.0
275302259	515115624	4.0
364484161	515115624	3.0
377995615	515115624	3.0
378472020	515115624	3.0
314845258	515115624	4.0
507664510	515115624	3.0
507664511	515115624	3.0
507664512	515115624	3.0
510048851	515115624	3.0
623965075	515115624	3.0
351824068	515115624	3.0
510048852	515115624	3.0
277315840	515115624	3.0
280613203	515115624	3.0
280642402	515115624	3.0
280575613	515115624	4.0
280575615	515115624	3.0
280599864	515115624	3.0
280608715	515115624	1.0
280572874	515115624	3.0
378472019	515115624	3.0
515115625	515115625	0
515115626	515115625	0.0
159861036	515115625	3.0
178759303	515115625	3.0
178759304	515115625	3.0
178759305	515115625	3.0
220632076	515115625	1.0
220632420	515115625	3.0
220632421	515115625	3.0
220635619	515115625	3.0
178759554	515115625	3.0
178759555	515115625	4.0
240023675	515115625	4.0
240023676	515115625	4.0
243007185	515115625	4.0
243007186	515115625	3.0
243542732	515115625	4.0
280616731	515115625	0.0
280616733	515115625	0.0
280613417	515115625	3.0
280642380	515115625	2.0
241836727	515115625	4.0
280569560	515115625	3.0
280569719	515115625	3.0
280613366	515115625	3.0
516688144	515115625	3.0
240569209	515115625	3.0
243544155	515115625	3.0
243544934	515115625	3.0
510048853	515115625	3.0
160741320	515115625	4.0
231847469	515115625	4.0
231965007	515115625	4.0
231965394	515115625	4.0
231965397	515115625	3.0
239085023	515115625	4.0
243542736	515115625	4.0
243544148	515115625	3.0
275302259	515115625	4.0
364484161	515115625	3.0
377995615	515115625	3.0
378472020	515115625	3.0
314845258	515115625	4.0
507664510	515115625	3.0
507664511	515115625	3.0
507664512	515115625	3.0
510048851	515115625	3.0
623965075	515115625	3.0
351824068	515115625	3.0
510048852	515115625	3.0
277315840	515115625	3.0
280613203	515115625	3.0
280642402	515115625	3.0
280575613	515115625	4.0
280575615	515115625	3.0
280599864	515115625	3.0
280608715	515115625	1.0
280572874	515115625	3.0
378472019	515115625	3.0
515115626	515115626	0
159861036	515115626	3.0
178759303	515115626	3.0
178759304	515115626	3.0
178759305	515115626	3.0
220632076	515115626	2.0
220632420	515115626	2.0
220632421	515115626	3.0
220635619	515115626	3.0
178759554	515115626	3.0
178759555	515115626	3.0
240023675	515115626	3.0
240023676	515115626	3.0
243007185	515115626	3.0
243007186	515115626	4.0
243542732	515115626	4.0
280616731	515115626	0.0
280616733	515115626	2.0
280613417	515115626	3.0
280642380	515115626	2.0
241836727	515115626	4.0
280569560	515115626	3.0
280569719	515115626	3.0
280613366	515115626	3.0
516688144	515115626	3.0
240569209	515115626	3.0
243544155	515115626	4.0
243544934	515115626	4.0
510048853	515115626	3.0
160741320	515115626	4.0
231847469	515115626	4.0
231965007	515115626	4.0
231965394	515115626	4.0
231965397	515115626	4.0
239085023	515115626	4.0
243542736	515115626	4.0
243544148	515115626	4.0
275302259	515115626	4.0
364484161	515115626	3.0
377995615	515115626	3.0
378472020	515115626	3.0
314845258	515115626	4.0
507664510	515115626	3.0
507664511	515115626	3.0
507664512	515115626	3.0
510048851	515115626	3.0
623965075	515115626	3.0
351824068	515115626	3.0
510048852	515115626	3.0
277315840	515115626	3.0
280613203	515115626	3.0
280642402	515115626	3.0
280575613	515115626	4.0
280575615	515115626	4.0
280599864	515115626	3.0
280608715	515115626	2.0
280572874	515115626	3.0
378472019	515115626	3.0
159861036	159861036	0
178759303	159861036	2.0
178759304	159861036	2.0
178759305	159861036	2.0
220632076	159861036	3.0
220632420	159861036	2.0
220632421	159861036	2.0
220635619	159861036	3.0
178759554	159861036	3.0
178759555	159861036	2.0
240023675	159861036	3.0
240023676	159861036	3.0
243007185	159861036	2.0
243007186	159861036	3.0
243542732	159861036	2.0
280616731	159861036	3.0
280616733	159861036	3.0
280613417	159861036	1.0
280642380	159861036	3.0
241836727	159861036	3.0
280569560	159861036	3.0
280569719	159861036	4.0
280613366	159861036	2.0
516688144	159861036	2.0
240569209	159861036	4.0
243544155	159861036	3.0
243544934	159861036	3.0
510048853	159861036	1.0
160741320	159861036	3.0
231847469	159861036	3.0
231965007	159861036	3.0
231965394	159861036	3.0
231965397	159861036	3.0
239085023	159861036	3.0
243542736	159861036	3.0
243544148	159861036	3.0
275302259	159861036	3.0
364484161	159861036	3.0
377995615	159861036	3.0
378472020	159861036	3.0
314845258	159861036	3.0
507664510	159861036	3.0
507664511	159861036	3.0
507664512	159861036	3.0
510048851	159861036	2.0
623965075	159861036	3.0
351824068	159861036	2.0
510048852	159861036	1.0
277315840	159861036	3.0
280613203	159861036	2.0
280642402	159861036	3.0
280575613	159861036	4.0
280575615	159861036	3.0
280599864	159861036	3.0
280608715	159861036	3.0
280572874	159861036	3.0
378472019	159861036	3.0
178759303	178759303	0
178759304	178759303	1.0
178759305	178759303	2.0
220632076	178759303	2.0
220632420	178759303	0.0
220632421	178759303	1.0
220635619	178759303	2.0
178759554	178759303	3.0
178759555	178759303	2.0
240023675	178759303	2.0
240023676	178759303	2.0
243007185	178759303	3.0
243007186	178759303	2.0
243542732	178759303	3.0
280616731	178759303	3.0
280616733	178759303	3.0
280613417	178759303	2.0
280642380	178759303	2.0
241836727	178759303	3.0
280569560	178759303	3.0
280569719	178759303	3.0
280613366	178759303	3.0
516688144	178759303	3.0
240569209	178759303	3.0
243544155	178759303	2.0
243544934	178759303	2.0
510048853	178759303	2.0
160741320	178759303	3.0
231847469	178759303	3.0
231965007	178759303	3.0
231965394	178759303	3.0
231965397	178759303	2.0
239085023	178759303	3.0
243542736	178759303	3.0
243544148	178759303	3.0
275302259	178759303	3.0
364484161	178759303	3.0
377995615	178759303	3.0
378472020	178759303	3.0
314845258	178759303	4.0
507664510	178759303	3.0
507664511	178759303	3.0
507664512	178759303	3.0
510048851	178759303	3.0
623965075	178759303	2.0
351824068	178759303	3.0
510048852	178759303	2.0
277315840	178759303	3.0
280613203	178759303	2.0
280642402	178759303	2.0
280575613	178759303	4.0
280575615	178759303	4.0
280599864	178759303	3.0
280608715	178759303	3.0
280572874	178759303	3.0
378472019	178759303	3.0
178759304	178759304	0
178759305	178759304	0.0
220632076	178759304	2.0
220632420	178759304	1.0
220632421	178759304	0.0
220635619	178759304	2.0
178759554	178759304	2.0
178759555	178759304	2.0
240023675	178759304	2.0
240023676	178759304	2.0
243007185	178759304	2.0
243007186	178759304	2.0
243542732	178759304	2.0
280616731	178759304	3.0
280616733	178759304	3.0
280613417	178759304	1.0
280642380	178759304	2.0
241836727	178759304	3.0
280569560	178759304	3.0
280569719	178759304	3.0
280613366	178759304	2.0
516688144	178759304	2.0
240569209	178759304	3.0
243544155	178759304	2.0
243544934	178759304	2.0
510048853	178759304	1.0
160741320	178759304	3.0
231847469	178759304	3.0
231965007	178759304	2.0
231965394	178759304	2.0
231965397	178759304	2.0
239085023	178759304	3.0
243542736	178759304	3.0
243544148	178759304	2.0
275302259	178759304	3.0
364484161	178759304	3.0
377995615	178759304	3.0
378472020	178759304	3.0
314845258	178759304	3.0
507664510	178759304	3.0
507664511	178759304	3.0
507664512	178759304	3.0
510048851	178759304	2.0
623965075	178759304	2.0
351824068	178759304	2.0
510048852	178759304	1.0
277315840	178759304	3.0
280613203	178759304	2.0
280642402	178759304	2.0
280575613	178759304	4.0
280575615	178759304	3.0
280599864	178759304	3.0
280608715	178759304	3.0
280572874	178759304	3.0
378472019	178759304	3.0
178759305	178759305	0
220632076	178759305	3.0
220632420	178759305	1.0
220632421	178759305	0.0
220635619	178759305	2.0
178759554	178759305	2.0
178759555	178759305	2.0
240023675	178759305	2.0
240023676	178759305	2.0
243007185	178759305	2.0
243007186	178759305	2.0
243542732	178759305	3.0
280616731	178759305	3.0
280616733	178759305	3.0
280613417	178759305	2.0
280642380	178759305	2.0
241836727	178759305	3.0
280569560	178759305	3.0
280569719	178759305	3.0
280613366	178759305	2.0
516688144	178759305	2.0
240569209	178759305	3.0
243544155	178759305	1.0
243544934	178759305	1.0
510048853	178759305	1.0
160741320	178759305	3.0
231847469	178759305	3.0
231965007	178759305	2.0
231965394	178759305	2.0
231965397	178759305	2.0
239085023	178759305	3.0
243542736	178759305	3.0
243544148	178759305	2.0
275302259	178759305	2.0
364484161	178759305	3.0
377995615	178759305	3.0
378472020	178759305	3.0
314845258	178759305	3.0
507664510	178759305	3.0
507664511	178759305	3.0
507664512	178759305	3.0
510048851	178759305	2.0
623965075	178759305	2.0
351824068	178759305	2.0
510048852	178759305	1.0
277315840	178759305	3.0
280613203	178759305	2.0
280642402	178759305	3.0
280575613	178759305	4.0
280575615	178759305	3.0
280599864	178759305	3.0
280608715	178759305	3.0
280572874	178759305	3.0
378472019	178759305	3.0
220632076	220632076	0
220632420	220632076	2.0
220632421	220632076	2.0
220635619	220632076	3.0
178759554	220632076	3.0
178759555	220632076	3.0
240023675	220632076	3.0
240023676	220632076	3.0
243007185	220632076	3.0
243007186	220632076	3.0
243542732	220632076	3.0
280616731	220632076	2.0
280616733	220632076	0.0
280613417	220632076	3.0
280642380	220632076	2.0
241836727	220632076	4.0
280569560	220632076	3.0
280569719	220632076	3.0
280613366	220632076	3.0
516688144	220632076	3.0
240569209	220632076	3.0
243544155	220632076	3.0
243544934	220632076	3.0
510048853	220632076	3.0
160741320	220632076	4.0
231847469	220632076	4.0
231965007	220632076	4.0
231965394	220632076	4.0
231965397	220632076	3.0
239085023	220632076	4.0
243542736	220632076	3.0
243544148	220632076	3.0
275302259	220632076	3.0
364484161	220632076	3.0
377995615	220632076	3.0
378472020	220632076	3.0
314845258	220632076	3.0
507664510	220632076	3.0
507664511	220632076	3.0
507664512	220632076	3.0
510048851	220632076	3.0
623965075	220632076	3.0
351824068	220632076	2.0
510048852	220632076	3.0
277315840	220632076	3.0
280613203	220632076	3.0
280642402	220632076	2.0
280575613	220632076	4.0
280575615	220632076	4.0
280599864	220632076	3.0
280608715	220632076	2.0
280572874	220632076	3.0
378472019	220632076	3.0
220632420	220632420	0
220632421	220632420	1.0
220635619	220632420	2.0
178759554	220632420	2.0
178759555	220632420	2.0
240023675	220632420	3.0
240023676	220632420	2.0
243007185	220632420	3.0
243007186	220632420	3.0
243542732	220632420	3.0
280616731	220632420	3.0
280616733	220632420	2.0
280613417	220632420	2.0
280642380	220632420	2.0
241836727	220632420	3.0
280569560	220632420	3.0
280569719	220632420	3.0
280613366	220632420	3.0
516688144	220632420	2.0
240569209	220632420	2.0
243544155	220632420	2.0
243544934	220632420	2.0
510048853	220632420	2.0
160741320	220632420	3.0
231847469	220632420	3.0
231965007	220632420	3.0
231965394	220632420	3.0
231965397	220632420	2.0
239085023	220632420	3.0
243542736	220632420	3.0
243544148	220632420	3.0
275302259	220632420	3.0
364484161	220632420	3.0
377995615	220632420	3.0
378472020	220632420	3.0
314845258	220632420	4.0
507664510	220632420	3.0
507664511	220632420	3.0
507664512	220632420	3.0
510048851	220632420	3.0
623965075	220632420	2.0
351824068	220632420	3.0
510048852	220632420	2.0
277315840	220632420	3.0
280613203	220632420	2.0
280642402	220632420	2.0
280575613	220632420	4.0
280575615	220632420	4.0
280599864	220632420	3.0
280608715	220632420	3.0
280572874	220632420	3.0
378472019	220632420	3.0
220632421	220632421	0
220635619	220632421	2.0
178759554	220632421	2.0
178759555	220632421	2.0
240023675	220632421	2.0
240023676	220632421	2.0
243007185	220632421	2.0
243007186	220632421	2.0
243542732	220632421	2.0
280616731	220632421	3.0
280616733	220632421	3.0
280613417	220632421	1.0
280642380	220632421	2.0
241836727	220632421	3.0
280569560	220632421	3.0
280569719	220632421	3.0
280613366	220632421	2.0
516688144	220632421	2.0
240569209	220632421	3.0
243544155	220632421	2.0
243544934	220632421	2.0
510048853	220632421	1.0
160741320	220632421	3.0
231847469	220632421	3.0
231965007	220632421	2.0
231965394	220632421	2.0
231965397	220632421	2.0
239085023	220632421	3.0
243542736	220632421	3.0
243544148	220632421	2.0
275302259	220632421	3.0
364484161	220632421	3.0
377995615	220632421	3.0
378472020	220632421	3.0
314845258	220632421	3.0
507664510	220632421	3.0
507664511	220632421	3.0
507664512	220632421	3.0
510048851	220632421	2.0
623965075	220632421	2.0
351824068	220632421	2.0
510048852	220632421	1.0
277315840	220632421	3.0
280613203	220632421	2.0
280642402	220632421	2.0
280575613	220632421	4.0
280575615	220632421	3.0
280599864	220632421	3.0
280608715	220632421	3.0
280572874	220632421	3.0
378472019	220632421	3.0
220635619	220635619	0
178759554	220635619	2.0
178759555	220635619	2.0
240023675	220635619	0.0
240023676	220635619	0.0
243007185	220635619	2.0
243007186	220635619	2.0
243542732	220635619	3.0
280616731	220635619	3.0
280616733	220635619	3.0
280613417	220635619	3.0
280642380	220635619	2.0
241836727	220635619	2.0
280569560	220635619	4.0
280569719	220635619	4.0
280613366	220635619	3.0
516688144	220635619	3.0
240569209	220635619	2.0
243544155	220635619	2.0
243544934	220635619	2.0
510048853	220635619	3.0
160741320	220635619	2.0
231847469	220635619	2.0
231965007	220635619	1.0
231965394	220635619	2.0
231965397	220635619	2.0
239085023	220635619	1.0
243542736	220635619	3.0
243544148	220635619	2.0
275302259	220635619	0.0
364484161	220635619	4.0
377995615	220635619	4.0
378472020	220635619	4.0
314845258	220635619	4.0
507664510	220635619	4.0
507664511	220635619	4.0
507664512	220635619	3.0
510048851	220635619	3.0
623965075	220635619	0.0
351824068	220635619	3.0
510048852	220635619	3.0
277315840	220635619	4.0
280613203	220635619	3.0
280642402	220635619	2.0
280575613	220635619	4.0
280575615	220635619	4.0
280599864	220635619	4.0
280608715	220635619	4.0
280572874	220635619	4.0
378472019	220635619	4.0
178759554	178759554	0
178759555	178759554	0.0
240023675	178759554	2.0
240023676	178759554	2.0
243007185	178759554	0.0
243007186	178759554	0.0
243542732	178759554	2.0
280616731	178759554	3.0
280616733	178759554	3.0
280613417	178759554	1.0
280642380	178759554	3.0
241836727	178759554	1.0
280569560	178759554	4.0
280569719	178759554	4.0
280613366	178759554	3.0
516688144	178759554	2.0
240569209	178759554	3.0
243544155	178759554	1.0
243544934	178759554	0.0
510048853	178759554	1.0
160741320	178759554	2.0
231847469	178759554	1.0
231965007	178759554	1.0
231965394	178759554	1.0
231965397	178759554	0.0
239085023	178759554	2.0
243542736	178759554	2.0
243544148	178759554	0.0
275302259	178759554	2.0
364484161	178759554	4.0
377995615	178759554	4.0
378472020	178759554	4.0
314845258	178759554	4.0
507664510	178759554	3.0
507664511	178759554	3.0
507664512	178759554	3.0
510048851	178759554	2.0
623965075	178759554	3.0
351824068	178759554	3.0
510048852	178759554	2.0
277315840	178759554	3.0
280613203	178759554	2.0
280642402	178759554	3.0
280575613	178759554	4.0
280575615	178759554	4.0
280599864	178759554	3.0
280608715	178759554	4.0
280572874	178759554	3.0
378472019	178759554	3.0
178759555	178759555	0
240023675	178759555	2.0
240023676	178759555	2.0
243007185	178759555	0.0
243007186	178759555	0.0
243542732	178759555	2.0
280616731	178759555	4.0
280616733	178759555	3.0
280613417	178759555	1.0
280642380	178759555	3.0
241836727	178759555	0.0
280569560	178759555	4.0
280569719	178759555	4.0
280613366	178759555	2.0
516688144	178759555	2.0
240569209	178759555	3.0
243544155	178759555	1.0
243544934	178759555	0.0
510048853	178759555	1.0
160741320	178759555	2.0
231847469	178759555	1.0
231965007	178759555	1.0
231965394	178759555	1.0
231965397	178759555	0.0
239085023	178759555	2.0
243542736	178759555	2.0
243544148	178759555	0.0
275302259	178759555	2.0
364484161	178759555	4.0
377995615	178759555	4.0
378472020	178759555	4.0
314845258	178759555	3.0
507664510	178759555	3.0
507664511	178759555	3.0
507664512	178759555	3.0
510048851	178759555	2.0
623965075	178759555	2.0
351824068	178759555	3.0
510048852	178759555	2.0
277315840	178759555	3.0
280613203	178759555	1.0
280642402	178759555	3.0
280575613	178759555	4.0
280575615	178759555	4.0
280599864	178759555	3.0
280608715	178759555	4.0
280572874	178759555	3.0
378472019	178759555	4.0
240023675	240023675	0
240023676	240023675	0.0
243007185	240023675	2.0
243007186	240023675	2.0
243542732	240023675	3.0
280616731	240023675	4.0
280616733	240023675	3.0
280613417	240023675	3.0
280642380	240023675	3.0
241836727	240023675	2.0
280569560	240023675	4.0
280569719	240023675	4.0
280613366	240023675	3.0
516688144	240023675	3.0
240569209	240023675	2.0
243544155	240023675	2.0
243544934	240023675	2.0
510048853	240023675	3.0
160741320	240023675	2.0
231847469	240023675	1.0
231965007	240023675	0.0
231965394	240023675	1.0
231965397	240023675	1.0
239085023	240023675	0.0
243542736	240023675	3.0
243544148	240023675	2.0
275302259	240023675	0.0
364484161	240023675	4.0
377995615	240023675	4.0
378472020	240023675	4.0
314845258	240023675	4.0
507664510	240023675	4.0
507664511	240023675	3.0
507664512	240023675	4.0
510048851	240023675	3.0
623965075	240023675	1.0
351824068	240023675	3.0
510048852	240023675	3.0
277315840	240023675	3.0
280613203	240023675	2.0
280642402	240023675	3.0
280575613	240023675	4.0
280575615	240023675	4.0
280599864	240023675	4.0
280608715	240023675	4.0
280572874	240023675	4.0
378472019	240023675	4.0
240023676	240023676	0
243007185	240023676	2.0
243007186	240023676	2.0
243542732	240023676	3.0
280616731	240023676	4.0
280616733	240023676	3.0
280613417	240023676	3.0
280642380	240023676	3.0
241836727	240023676	2.0
280569560	240023676	4.0
280569719	240023676	4.0
280613366	240023676	3.0
516688144	240023676	3.0
240569209	240023676	2.0
243544155	240023676	2.0
243544934	240023676	2.0
510048853	240023676	3.0
160741320	240023676	2.0
231847469	240023676	2.0
231965007	240023676	1.0
231965394	240023676	1.0
231965397	240023676	2.0
239085023	240023676	1.0
243542736	240023676	3.0
243544148	240023676	2.0
275302259	240023676	0.0
364484161	240023676	4.0
377995615	240023676	4.0
378472020	240023676	4.0
314845258	240023676	4.0
507664510	240023676	4.0
507664511	240023676	4.0
507664512	240023676	3.0
510048851	240023676	3.0
623965075	240023676	1.0
351824068	240023676	3.0
510048852	240023676	3.0
277315840	240023676	3.0
280613203	240023676	2.0
280642402	240023676	2.0
280575613	240023676	4.0
280575615	240023676	4.0
280599864	240023676	4.0
280608715	240023676	4.0
280572874	240023676	4.0
378472019	240023676	4.0
243007185	243007185	0
243007186	243007185	0.0
243542732	243007185	1.0
280616731	243007185	4.0
280616733	243007185	3.0
280613417	243007185	2.0
280642380	243007185	3.0
241836727	243007185	0.0
280569560	243007185	4.0
280569719	243007185	4.0
280613366	243007185	2.0
516688144	243007185	2.0
240569209	243007185	3.0
243544155	243007185	1.0
243544934	243007185	1.0
510048853	243007185	2.0
160741320	243007185	2.0
231847469	243007185	1.0
231965007	243007185	2.0
231965394	243007185	1.0
231965397	243007185	0.0
239085023	243007185	2.0
243542736	243007185	1.0
243544148	243007185	0.0
275302259	243007185	2.0
364484161	243007185	4.0
377995615	243007185	4.0
378472020	243007185	4.0
314845258	243007185	3.0
507664510	243007185	3.0
507664511	243007185	3.0
507664512	243007185	3.0
510048851	243007185	2.0
623965075	243007185	2.0
351824068	243007185	3.0
510048852	243007185	1.0
277315840	243007185	3.0
280613203	243007185	1.0
280642402	243007185	3.0
280575613	243007185	4.0
280575615	243007185	3.0
280599864	243007185	3.0
280608715	243007185	4.0
280572874	243007185	3.0
378472019	243007185	4.0
243007186	243007186	0
243542732	243007186	2.0
280616731	243007186	4.0
280616733	243007186	3.0
280613417	243007186	1.0
280642380	243007186	2.0
241836727	243007186	1.0
280569560	243007186	4.0
280569719	243007186	4.0
280613366	243007186	3.0
516688144	243007186	2.0
240569209	243007186	3.0
243544155	243007186	0.0
243544934	243007186	0.0
510048853	243007186	1.0
160741320	243007186	2.0
231847469	243007186	1.0
231965007	243007186	1.0
231965394	243007186	1.0
231965397	243007186	0.0
239085023	243007186	2.0
243542736	243007186	2.0
243544148	243007186	0.0
275302259	243007186	2.0
364484161	243007186	4.0
377995615	243007186	4.0
378472020	243007186	4.0
314845258	243007186	4.0
507664510	243007186	3.0
507664511	243007186	3.0
507664512	243007186	3.0
510048851	243007186	2.0
623965075	243007186	2.0
351824068	243007186	3.0
510048852	243007186	2.0
277315840	243007186	3.0
280613203	243007186	1.0
280642402	243007186	3.0
280575613	243007186	4.0
280575615	243007186	4.0
280599864	243007186	3.0
280608715	243007186	4.0
280572874	243007186	3.0
378472019	243007186	3.0
243542732	243542732	0
280616731	243542732	4.0
280616733	243542732	3.0
280613417	243542732	2.0
280642380	243542732	3.0
241836727	243542732	1.0
280569560	243542732	4.0
280569719	243542732	4.0
280613366	243542732	2.0
516688144	243542732	1.0
240569209	243542732	3.0
243544155	243542732	2.0
243544934	243542732	2.0
510048853	243542732	2.0
160741320	243542732	2.0
231847469	243542732	2.0
231965007	243542732	2.0
231965394	243542732	2.0
231965397	243542732	2.0
239085023	243542732	2.0
243542736	243542732	0.0
243544148	243542732	2.0
275302259	243542732	2.0
364484161	243542732	4.0
377995615	243542732	4.0
378472020	243542732	4.0
314845258	243542732	3.0
507664510	243542732	3.0
507664511	243542732	3.0
507664512	243542732	3.0
510048851	243542732	1.0
623965075	243542732	3.0
351824068	243542732	3.0
510048852	243542732	2.0
277315840	243542732	3.0
280613203	243542732	1.0
280642402	243542732	3.0
280575613	243542732	3.0
280575615	243542732	4.0
280599864	243542732	3.0
280608715	243542732	4.0
280572874	243542732	3.0
378472019	243542732	4.0
280616731	280616731	0
280616733	280616731	2.0
280613417	280616731	3.0
280642380	280616731	3.0
241836727	280616731	4.0
280569560	280616731	3.0
280569719	280616731	3.0
280613366	280616731	3.0
516688144	280616731	3.0
240569209	280616731	3.0
243544155	280616731	3.0
243544934	280616731	3.0
510048853	280616731	3.0
160741320	280616731	4.0
231847469	280616731	4.0
231965007	280616731	4.0
231965394	280616731	4.0
231965397	280616731	4.0
239085023	280616731	4.0
243542736	280616731	4.0
243544148	280616731	4.0
275302259	280616731	4.0
364484161	280616731	3.0
377995615	280616731	3.0
378472020	280616731	3.0
314845258	280616731	4.0
507664510	280616731	3.0
507664511	280616731	3.0
507664512	280616731	3.0
510048851	280616731	3.0
623965075	280616731	3.0
351824068	280616731	3.0
510048852	280616731	3.0
277315840	280616731	3.0
280613203	280616731	3.0
280642402	280616731	3.0
280575613	280616731	4.0
280575615	280616731	3.0
280599864	280616731	3.0
280608715	280616731	1.0
280572874	280616731	3.0
378472019	280616731	3.0
280616733	280616733	0
280613417	280616733	3.0
280642380	280616733	2.0
241836727	280616733	4.0
280569560	280616733	3.0
280569719	280616733	3.0
280613366	280616733	3.0
516688144	280616733	3.0
240569209	280616733	3.0
243544155	280616733	3.0
243544934	280616733	3.0
510048853	280616733	3.0
160741320	280616733	4.0
231847469	280616733	4.0
231965007	280616733	4.0
231965394	280616733	4.0
231965397	280616733	3.0
239085023	280616733	4.0
243542736	280616733	3.0
243544148	280616733	3.0
275302259	280616733	3.0
364484161	280616733	3.0
377995615	280616733	3.0
378472020	280616733	3.0
314845258	280616733	3.0
507664510	280616733	3.0
507664511	280616733	3.0
507664512	280616733	3.0
510048851	280616733	3.0
623965075	280616733	3.0
351824068	280616733	3.0
510048852	280616733	3.0
277315840	280616733	3.0
280613203	280616733	3.0
280642402	280616733	3.0
280575613	280616733	4.0
280575615	280616733	4.0
280599864	280616733	3.0
280608715	280616733	2.0
280572874	280616733	3.0
378472019	280616733	3.0
280613417	280613417	0
280642380	280613417	3.0
241836727	280613417	2.0
280569560	280613417	4.0
280569719	280613417	4.0
280613366	280613417	2.0
516688144	280613417	1.0
240569209	280613417	3.0
243544155	280613417	2.0
243544934	280613417	2.0
510048853	280613417	0.0
160741320	280613417	3.0
231847469	280613417	2.0
231965007	280613417	3.0
231965394	280613417	2.0
231965397	280613417	1.0
239085023	280613417	3.0
243542736	280613417	2.0
243544148	280613417	1.0
275302259	280613417	3.0
364484161	280613417	4.0
377995615	280613417	4.0
378472020	280613417	3.0
314845258	280613417	3.0
507664510	280613417	3.0
507664511	280613417	3.0
507664512	280613417	3.0
510048851	280613417	1.0
623965075	280613417	3.0
351824068	280613417	3.0
510048852	280613417	0.0
277315840	280613417	3.0
280613203	280613417	1.0
280642402	280613417	3.0
280575613	280613417	3.0
280575615	280613417	3.0
280599864	280613417	3.0
280608715	280613417	3.0
280572874	280613417	3.0
378472019	280613417	3.0
280642380	280642380	0
241836727	280642380	3.0
280569560	280642380	4.0
280569719	280642380	4.0
280613366	280642380	3.0
516688144	280642380	3.0
240569209	280642380	1.0
243544155	280642380	2.0
243544934	280642380	2.0
510048853	280642380	3.0
160741320	280642380	3.0
231847469	280642380	3.0
231965007	280642380	3.0
231965394	280642380	3.0
231965397	280642380	2.0
239085023	280642380	3.0
243542736	280642380	3.0
243544148	280642380	3.0
275302259	280642380	3.0
364484161	280642380	4.0
377995615	280642380	3.0
378472020	280642380	4.0
314845258	280642380	4.0
507664510	280642380	4.0
507664511	280642380	3.0
507664512	280642380	3.0
510048851	280642380	3.0
623965075	280642380	2.0
351824068	280642380	3.0
510048852	280642380	3.0
277315840	280642380	4.0
280613203	280642380	3.0
280642402	280642380	0.0
280575613	280642380	4.0
280575615	280642380	4.0
280599864	280642380	4.0
280608715	280642380	3.0
280572874	280642380	4.0
378472019	280642380	4.0
241836727	241836727	0
280569560	241836727	4.0
280569719	241836727	4.0
280613366	241836727	2.0
516688144	241836727	2.0
240569209	241836727	3.0
243544155	241836727	1.0
243544934	241836727	1.0
510048853	241836727	2.0
160741320	241836727	2.0
231847469	241836727	1.0
231965007	241836727	2.0
231965394	241836727	1.0
231965397	241836727	1.0
239085023	241836727	2.0
243542736	241836727	1.0
243544148	241836727	1.0
275302259	241836727	2.0
364484161	241836727	4.0
377995615	241836727	4.0
378472020	241836727	4.0
314845258	241836727	4.0
507664510	241836727	4.0
507664511	241836727	3.0
507664512	241836727	3.0
510048851	241836727	2.0
623965075	241836727	3.0
351824068	241836727	3.0
510048852	241836727	2.0
277315840	241836727	3.0
280613203	241836727	2.0
280642402	241836727	3.0
280575613	241836727	4.0
280575615	241836727	4.0
280599864	241836727	3.0
280608715	241836727	4.0
280572874	241836727	3.0
378472019	241836727	4.0
280569560	280569560	0
280569719	280569560	0.0
280613366	280569560	4.0
516688144	280569560	4.0
240569209	280569560	4.0
243544155	280569560	4.0
243544934	280569560	4.0
510048853	280569560	4.0
160741320	280569560	4.0
231847469	280569560	4.0
231965007	280569560	4.0
231965394	280569560	4.0
231965397	280569560	4.0
239085023	280569560	4.0
243542736	280569560	4.0
243544148	280569560	4.0
275302259	280569560	4.0
364484161	280569560	0.0
377995615	280569560	1.0
378472020	280569560	2.0
314845258	280569560	3.0
507664510	280569560	3.0
507664511	280569560	3.0
507664512	280569560	2.0
510048851	280569560	4.0
623965075	280569560	4.0
351824068	280569560	2.0
510048852	280569560	4.0
277315840	280569560	3.0
280613203	280569560	4.0
280642402	280569560	3.0
280575613	280569560	3.0
280575615	280569560	3.0
280599864	280569560	3.0
280608715	280569560	2.0
280572874	280569560	3.0
378472019	280569560	2.0
280569719	280569719	0
280613366	280569719	4.0
516688144	280569719	4.0
240569209	280569719	4.0
243544155	280569719	4.0
243544934	280569719	4.0
510048853	280569719	4.0
160741320	280569719	4.0
231847469	280569719	4.0
231965007	280569719	4.0
231965394	280569719	4.0
231965397	280569719	4.0
239085023	280569719	4.0
243542736	280569719	4.0
243544148	280569719	4.0
275302259	280569719	4.0
364484161	280569719	0.0
377995615	280569719	2.0
378472020	280569719	0.0
314845258	280569719	2.0
507664510	280569719	3.0
507664511	280569719	3.0
507664512	280569719	3.0
510048851	280569719	4.0
623965075	280569719	4.0
351824068	280569719	2.0
510048852	280569719	4.0
277315840	280569719	3.0
280613203	280569719	4.0
280642402	280569719	4.0
280575613	280569719	2.0
280575615	280569719	2.0
280599864	280569719	3.0
280608715	280569719	3.0
280572874	280569719	3.0
378472019	280569719	1.0
280613366	280613366	0
516688144	280613366	0.0
240569209	280613366	3.0
243544155	280613366	3.0
243544934	280613366	3.0
510048853	280613366	2.0
160741320	280613366	3.0
231847469	280613366	3.0
231965007	280613366	3.0
231965394	280613366	3.0
231965397	280613366	3.0
239085023	280613366	3.0
243542736	280613366	1.0
243544148	280613366	3.0
275302259	280613366	3.0
364484161	280613366	4.0
377995615	280613366	4.0
378472020	280613366	4.0
314845258	280613366	3.0
507664510	280613366	3.0
507664511	280613366	3.0
507664512	280613366	3.0
510048851	280613366	0.0
623965075	280613366	3.0
351824068	280613366	3.0
510048852	280613366	1.0
277315840	280613366	3.0
280613203	280613366	1.0
280642402	280613366	3.0
280575613	280613366	3.0
280575615	280613366	3.0
280599864	280613366	2.0
280608715	280613366	4.0
280572874	280613366	3.0
378472019	280613366	3.0
516688144	516688144	0
240569209	516688144	3.0
243544155	516688144	2.0
243544934	516688144	2.0
510048853	516688144	2.0
160741320	516688144	3.0
231847469	516688144	2.0
231965007	516688144	3.0
231965394	516688144	2.0
231965397	516688144	2.0
239085023	516688144	3.0
243542736	516688144	1.0
243544148	516688144	2.0
275302259	516688144	3.0
364484161	516688144	4.0
377995615	516688144	4.0
378472020	516688144	4.0
314845258	516688144	3.0
507664510	516688144	3.0
507664511	516688144	3.0
507664512	516688144	3.0
510048851	516688144	0.0
623965075	516688144	3.0
351824068	516688144	3.0
510048852	516688144	1.0
277315840	516688144	3.0
280613203	516688144	1.0
280642402	516688144	3.0
280575613	516688144	3.0
280575615	516688144	3.0
280599864	516688144	2.0
280608715	516688144	4.0
280572874	516688144	3.0
378472019	516688144	3.0
240569209	240569209	0
243544155	240569209	3.0
243544934	240569209	3.0
510048853	240569209	3.0
160741320	240569209	3.0
231847469	240569209	3.0
231965007	240569209	3.0
231965394	240569209	3.0
231965397	240569209	3.0
239085023	240569209	3.0
243542736	240569209	3.0
243544148	240569209	3.0
275302259	240569209	2.0
364484161	240569209	4.0
377995615	240569209	4.0
378472020	240569209	4.0
314845258	240569209	4.0
507664510	240569209	4.0
507664511	240569209	4.0
507664512	240569209	4.0
510048851	240569209	3.0
623965075	240569209	2.0
351824068	240569209	3.0
510048852	240569209	3.0
277315840	240569209	4.0
280613203	240569209	3.0
280642402	240569209	1.0
280575613	240569209	4.0
280575615	240569209	4.0
280599864	240569209	4.0
280608715	240569209	3.0
280572874	240569209	4.0
378472019	240569209	4.0
243544155	243544155	0
243544934	243544155	0.0
510048853	243544155	2.0
160741320	243544155	2.0
231847469	243544155	2.0
231965007	243544155	1.0
231965394	243544155	1.0
231965397	243544155	0.0
239085023	243544155	2.0
243542736	243544155	2.0
243544148	243544155	1.0
275302259	243544155	2.0
364484161	243544155	4.0
377995615	243544155	4.0
378472020	243544155	4.0
314845258	243544155	4.0
507664510	243544155	3.0
507664511	243544155	3.0
507664512	243544155	3.0
510048851	243544155	2.0
623965075	243544155	2.0
351824068	243544155	3.0
510048852	243544155	2.0
277315840	243544155	3.0
280613203	243544155	2.0
280642402	243544155	2.0
280575613	243544155	4.0
280575615	243544155	4.0
280599864	243544155	3.0
280608715	243544155	4.0
280572874	243544155	3.0
378472019	243544155	3.0
243544934	243544934	0
510048853	243544934	2.0
160741320	243544934	2.0
231847469	243544934	2.0
231965007	243544934	1.0
231965394	243544934	1.0
231965397	243544934	0.0
239085023	243544934	1.0
243542736	243544934	2.0
243544148	243544934	0.0
275302259	243544934	1.0
364484161	243544934	4.0
377995615	243544934	4.0
378472020	243544934	4.0
314845258	243544934	4.0
507664510	243544934	3.0
507664511	243544934	3.0
507664512	243544934	3.0
510048851	243544934	2.0
623965075	243544934	2.0
351824068	243544934	3.0
510048852	243544934	2.0
277315840	243544934	3.0
280613203	243544934	2.0
280642402	243544934	2.0
280575613	243544934	4.0
280575615	243544934	4.0
280599864	243544934	3.0
280608715	243544934	4.0
280572874	243544934	4.0
378472019	243544934	3.0
510048853	510048853	0
160741320	510048853	3.0
231847469	510048853	3.0
231965007	510048853	2.0
231965394	510048853	2.0
231965397	510048853	1.0
239085023	510048853	3.0
243542736	510048853	2.0
243544148	510048853	1.0
275302259	510048853	3.0
364484161	510048853	4.0
377995615	510048853	4.0
378472020	510048853	3.0
314845258	510048853	3.0
507664510	510048853	3.0
507664511	510048853	3.0
507664512	510048853	3.0
510048851	510048853	2.0
623965075	510048853	3.0
351824068	510048853	3.0
510048852	510048853	1.0
277315840	510048853	3.0
280613203	510048853	1.0
280642402	510048853	3.0
280575613	510048853	4.0
280575615	510048853	3.0
280599864	510048853	3.0
280608715	510048853	3.0
280572874	510048853	3.0
378472019	510048853	3.0
160741320	160741320	0
231847469	160741320	0.0
231965007	160741320	2.0
231965394	160741320	1.0
231965397	160741320	2.0
239085023	160741320	2.0
243542736	160741320	2.0
243544148	160741320	2.0
275302259	160741320	2.0
364484161	160741320	4.0
377995615	160741320	4.0
378472020	160741320	4.0
314845258	160741320	4.0
507664510	160741320	4.0
507664511	160741320	3.0
507664512	160741320	3.0
510048851	160741320	3.0
623965075	160741320	2.0
351824068	160741320	4.0
510048852	160741320	2.0
277315840	160741320	3.0
280613203	160741320	2.0
280642402	160741320	3.0
280575613	160741320	4.0
280575615	160741320	4.0
280599864	160741320	3.0
280608715	160741320	4.0
280572874	160741320	3.0
378472019	160741320	4.0
231847469	231847469	0
231965007	231847469	1.0
231965394	231847469	0.0
231965397	231847469	1.0
239085023	231847469	1.0
243542736	231847469	2.0
243544148	231847469	1.0
275302259	231847469	1.0
364484161	231847469	4.0
377995615	231847469	4.0
378472020	231847469	4.0
314845258	231847469	4.0
507664510	231847469	3.0
507664511	231847469	3.0
507664512	231847469	3.0
510048851	231847469	2.0
623965075	231847469	2.0
351824068	231847469	3.0
510048852	231847469	2.0
277315840	231847469	3.0
280613203	231847469	2.0
280642402	231847469	3.0
280575613	231847469	4.0
280575615	231847469	4.0
280599864	231847469	3.0
280608715	231847469	4.0
280572874	231847469	3.0
378472019	231847469	4.0
231965007	231965007	0
231965394	231965007	0.0
231965397	231965007	1.0
239085023	231965007	0.0
243542736	231965007	2.0
243544148	231965007	1.0
275302259	231965007	0.0
364484161	231965007	4.0
377995615	231965007	4.0
378472020	231965007	4.0
314845258	231965007	4.0
507664510	231965007	4.0
507664511	231965007	3.0
507664512	231965007	3.0
510048851	231965007	3.0
623965075	231965007	2.0
351824068	231965007	3.0
510048852	231965007	2.0
277315840	231965007	3.0
280613203	231965007	2.0
280642402	231965007	3.0
280575613	231965007	4.0
280575615	231965007	4.0
280599864	231965007	3.0
280608715	231965007	4.0
280572874	231965007	3.0
378472019	231965007	4.0
231965394	231965394	0
231965397	231965394	1.0
239085023	231965394	1.0
243542736	231965394	2.0
243544148	231965394	1.0
275302259	231965394	1.0
364484161	231965394	4.0
377995615	231965394	4.0
378472020	231965394	4.0
314845258	231965394	4.0
507664510	231965394	3.0
507664511	231965394	3.0
507664512	231965394	3.0
510048851	231965394	2.0
623965075	231965394	2.0
351824068	231965394	3.0
510048852	231965394	2.0
277315840	231965394	3.0
280613203	231965394	2.0
280642402	231965394	3.0
280575613	231965394	4.0
280575615	231965394	4.0
280599864	231965394	3.0
280608715	231965394	4.0
280572874	231965394	4.0
378472019	231965394	4.0
231965397	231965397	0
239085023	231965397	1.0
243542736	231965397	2.0
243544148	231965397	0.0
275302259	231965397	1.0
364484161	231965397	4.0
377995615	231965397	4.0
378472020	231965397	4.0
314845258	231965397	4.0
507664510	231965397	3.0
507664511	231965397	3.0
507664512	231965397	3.0
510048851	231965397	2.0
623965075	231965397	2.0
351824068	231965397	3.0
510048852	231965397	2.0
277315840	231965397	3.0
280613203	231965397	2.0
280642402	231965397	2.0
280575613	231965397	4.0
280575615	231965397	4.0
280599864	231965397	3.0
280608715	231965397	4.0
280572874	231965397	3.0
378472019	231965397	3.0
239085023	239085023	0
243542736	239085023	2.0
243544148	239085023	2.0
275302259	239085023	0.0
364484161	239085023	4.0
377995615	239085023	4.0
378472020	239085023	4.0
314845258	239085023	4.0
507664510	239085023	4.0
507664511	239085023	3.0
507664512	239085023	4.0
510048851	239085023	3.0
623965075	239085023	2.0
351824068	239085023	3.0
510048852	239085023	3.0
277315840	239085023	3.0
280613203	239085023	2.0
280642402	239085023	3.0
280575613	239085023	4.0
280575615	239085023	4.0
280599864	239085023	4.0
280608715	239085023	4.0
280572874	239085023	3.0
378472019	239085023	4.0
243542736	243542736	0
243544148	243542736	2.0
275302259	243542736	2.0
364484161	243542736	4.0
377995615	243542736	4.0
378472020	243542736	4.0
314845258	243542736	4.0
507664510	243542736	3.0
507664511	243542736	3.0
507664512	243542736	3.0
510048851	243542736	2.0
623965075	243542736	3.0
351824068	243542736	3.0
510048852	243542736	2.0
277315840	243542736	3.0
280613203	243542736	1.0
280642402	243542736	3.0
280575613	243542736	3.0
280575615	243542736	4.0
280599864	243542736	3.0
280608715	243542736	4.0
280572874	243542736	3.0
378472019	243542736	4.0
243544148	243544148	0
275302259	243544148	2.0
364484161	243544148	4.0
377995615	243544148	4.0
378472020	243544148	4.0
314845258	243544148	4.0
507664510	243544148	3.0
507664511	243544148	3.0
507664512	243544148	3.0
510048851	243544148	2.0
623965075	243544148	3.0
351824068	243544148	3.0
510048852	243544148	2.0
277315840	243544148	3.0
280613203	243544148	2.0
280642402	243544148	3.0
280575613	243544148	4.0
280575615	243544148	4.0
280599864	243544148	3.0
280608715	243544148	4.0
280572874	243544148	3.0
378472019	243544148	3.0
275302259	275302259	0
364484161	275302259	4.0
377995615	275302259	4.0
378472020	275302259	4.0
314845258	275302259	4.0
507664510	275302259	4.0
507664511	275302259	3.0
507664512	275302259	4.0
510048851	275302259	3.0
623965075	275302259	1.0
351824068	275302259	3.0
510048852	275302259	3.0
277315840	275302259	3.0
280613203	275302259	2.0
280642402	275302259	3.0
280575613	275302259	4.0
280575615	275302259	4.0
280599864	275302259	4.0
280608715	275302259	4.0
280572874	275302259	4.0
378472019	275302259	4.0
364484161	364484161	0
377995615	364484161	1.0
378472020	364484161	2.0
314845258	364484161	3.0
507664510	364484161	3.0
507664511	364484161	3.0
507664512	364484161	2.0
510048851	364484161	4.0
623965075	364484161	4.0
351824068	364484161	2.0
510048852	364484161	4.0
277315840	364484161	3.0
280613203	364484161	4.0
280642402	364484161	3.0
280575613	364484161	3.0
280575615	364484161	3.0
280599864	364484161	3.0
280608715	364484161	2.0
280572874	364484161	3.0
378472019	364484161	2.0
377995615	377995615	0
378472020	377995615	2.0
314845258	377995615	3.0
507664510	377995615	3.0
507664511	377995615	3.0
507664512	377995615	2.0
510048851	377995615	4.0
623965075	377995615	4.0
351824068	377995615	2.0
510048852	377995615	4.0
277315840	377995615	3.0
280613203	377995615	4.0
280642402	377995615	3.0
280575613	377995615	3.0
280575615	377995615	2.0
280599864	377995615	3.0
280608715	377995615	2.0
280572874	377995615	2.0
378472019	377995615	1.0
378472020	378472020	0
314845258	378472020	2.0
507664510	378472020	3.0
507664511	378472020	2.0
507664512	378472020	2.0
510048851	378472020	4.0
623965075	378472020	4.0
351824068	378472020	2.0
510048852	378472020	3.0
277315840	378472020	2.0
280613203	378472020	3.0
280642402	378472020	4.0
280575613	378472020	2.0
280575615	378472020	1.0
280599864	378472020	3.0
280608715	378472020	3.0
280572874	378472020	2.0
378472019	378472020	2.0
314845258	314845258	0
507664510	314845258	3.0
507664511	314845258	2.0
507664512	314845258	2.0
510048851	314845258	3.0
623965075	314845258	4.0
351824068	314845258	2.0
510048852	314845258	3.0
277315840	314845258	2.0
280613203	314845258	3.0
280642402	314845258	4.0
280575613	314845258	2.0
280575615	314845258	1.0
280599864	314845258	3.0
280608715	314845258	3.0
280572874	314845258	2.0
378472019	314845258	2.0
507664510	507664510	0
507664511	507664510	1.0
507664512	507664510	2.0
510048851	507664510	3.0
623965075	507664510	4.0
351824068	507664510	2.0
510048852	507664510	3.0
277315840	507664510	1.0
280613203	507664510	3.0
280642402	507664510	4.0
280575613	507664510	3.0
280575615	507664510	2.0
280599864	507664510	2.0
280608715	507664510	3.0
280572874	507664510	1.0
378472019	507664510	3.0
507664511	507664511	0
507664512	507664511	0.0
510048851	507664511	3.0
623965075	507664511	4.0
351824068	507664511	1.0
510048852	507664511	3.0
277315840	507664511	0.0
280613203	507664511	3.0
280642402	507664511	3.0
280575613	507664511	3.0
280575615	507664511	2.0
280599864	507664511	2.0
280608715	507664511	2.0
280572874	507664511	1.0
378472019	507664511	2.0
507664512	507664512	0
510048851	507664512	3.0
623965075	507664512	3.0
351824068	507664512	0.0
510048852	507664512	3.0
277315840	507664512	0.0
280613203	507664512	3.0
280642402	507664512	3.0
280575613	507664512	3.0
280575615	507664512	2.0
280599864	507664512	2.0
280608715	507664512	2.0
280572874	507664512	1.0
378472019	507664512	2.0
510048851	510048851	0
623965075	510048851	3.0
351824068	510048851	3.0
510048852	510048851	1.0
277315840	510048851	3.0
280613203	510048851	1.0
280642402	510048851	3.0
280575613	510048851	3.0
280575615	510048851	3.0
280599864	510048851	2.0
280608715	510048851	4.0
280572874	510048851	3.0
378472019	510048851	3.0
623965075	623965075	0
351824068	623965075	3.0
510048852	623965075	3.0
277315840	623965075	4.0
280613203	623965075	3.0
280642402	623965075	2.0
280575613	623965075	4.0
280575615	623965075	4.0
280599864	623965075	4.0
280608715	623965075	4.0
280572874	623965075	4.0
378472019	623965075	4.0
351824068	351824068	0
510048852	351824068	3.0
277315840	351824068	1.0
280613203	351824068	3.0
280642402	351824068	3.0
280575613	351824068	3.0
280575615	351824068	2.0
280599864	351824068	2.0
280608715	351824068	2.0
280572874	351824068	2.0
378472019	351824068	2.0
510048852	510048852	0
277315840	510048852	2.0
280613203	510048852	0.0
280642402	510048852	3.0
280575613	510048852	3.0
280575615	510048852	3.0
280599864	510048852	3.0
280608715	510048852	3.0
280572874	510048852	3.0
378472019	510048852	3.0
277315840	277315840	0
280613203	277315840	2.0
280642402	277315840	4.0
280575613	277315840	3.0
280575615	277315840	2.0
280599864	277315840	2.0
280608715	277315840	2.0
280572874	277315840	1.0
378472019	277315840	2.0
280613203	280613203	0
280642402	280613203	3.0
280575613	280613203	3.0
280575615	280613203	3.0
280599864	280613203	3.0
280608715	280613203	4.0
280572874	280613203	3.0
378472019	280613203	3.0
280642402	280642402	0
280575613	280642402	4.0
280575615	280642402	4.0
280599864	280642402	4.0
280608715	280642402	3.0
280572874	280642402	4.0
378472019	280642402	4.0
280575613	280575613	0
280575615	280575613	1.0
280599864	280575613	2.0
280608715	280575613	3.0
280572874	280575613	2.0
378472019	280575613	2.0
280575615	280575615	0
280599864	280575615	3.0
280608715	280575615	3.0
280572874	280575615	3.0
378472019	280575615	2.0
280599864	280599864	0
280608715	280599864	3.0
280572874	280599864	2.0
378472019	280599864	3.0
280608715	280608715	0
280572874	280608715	3.0
378472019	280608715	3.0
280572874	280572874	0
378472019	280572874	2.0
378472019	378472019	0
