396624364	[-26,30.0,-4.0]	40.85154297619048	-73.92336114761906	0.05432338668417207	0.574533037309383	0.2093949884043299	0.0011106247588551004	0.5741935483870968	0.18689296749803005
396624365	[-28,31.0,-3.0]	40.85122167391303	-73.92339577391306	0.05432338668417207	0.574533037309383	0.2093949884043299	0.0011106247588551004	0.5741935483870968	0.18689296749803005
608125236	[-37,6.0,31.0]	40.8468994	-73.91908036	0.05432338668417207	0.574533037309383	0.2093949884043299	0.0011106247588551004	0.5741935483870968	0.18689296749803005
376131203	[0,10.0,-10.0]	40.85490074	-73.91968256	0.05432338668417207	0.574533037309383	0.2093949884043299	0.0011106247588551004	0.5741935483870968	0.18689296749803005
376131204	[2,9.0,-11.0]	40.855179760000006	-73.91950708	0.05432338668417207	0.574533037309383	0.2093949884043299	0.0011106247588551004	0.5741935483870968	0.18689296749803005
376131206	[9,6.0,-15.0]	40.85637931428572	-73.9189846	0.05432338668417207	0.574533037309383	0.2093949884043299	0.0011106247588551004	0.5741935483870968	0.18689296749803005
286996630	[32,-36.0,4.0]	40.85673524	-73.91163808	0.05432338668417207	0.574533037309383	0.2093949884043299	0.0011106247588551004	0.5741935483870968	0.18689296749803005
286996631	[30,-35.0,5.0]	40.85640764	-73.91183162	0.05432338668417207	0.574533037309383	0.2093949884043299	0.0011106247588551004	0.5741935483870968	0.18689296749803005
294237314	[-1,-22.0,23.0]	40.85134394285715	-73.91409237142857	0.05432338668417207	0.574533037309383	0.2093949884043299	0.0011106247588551004	0.5741935483870968	0.18689296749803005
294237315	[-1,-22.0,23.0]	40.85143986	-73.91408666	0.05432338668417207	0.574533037309383	0.2093949884043299	0.0011106247588551004	0.5741935483870968	0.18689296749803005
294241325	[-1,-21.0,22.0]	40.85140008	-73.91417656	0.05432338668417207	0.574533037309383	0.2093949884043299	0.0011106247588551004	0.5741935483870968	0.18689296749803005
294241328	[-2,-21.0,23.0]	40.851219199999996	-73.91422571666668	0.05432338668417207	0.574533037309383	0.2093949884043299	0.0011106247588551004	0.5741935483870968	0.18689296749803005
294248638	[43,-51.0,8.0]	40.85745359166666	-73.90880726666666	0.05432338668417207	0.574533037309383	0.2093949884043299	0.0011106247588551004	0.5741935483870968	0.18689296749803005
294248669	[34,-37.0,3.0]	40.85699014	-73.91146244	0.05432338668417207	0.574533037309383	0.2093949884043299	0.0011106247588551004	0.5741935483870968	0.18689296749803005
376131207	[15,3.0,-18.0]	40.8572197625	-73.91843472500001	0.05432338668417207	0.574533037309383	0.2093949884043299	0.0011106247588551004	0.5741935483870968	0.18689296749803005
294248633	[47,-54.0,7.0]	40.8579038	-73.90841508	0.05432338668417207	0.574533037309383	0.2093949884043299	0.0011106247588551004	0.5741935483870968	0.18689296749803005
294248634	[48,-55.0,7.0]	40.858095060000004	-73.90824834	0.05432338668417207	0.574533037309383	0.2093949884043299	0.0011106247588551004	0.5741935483870968	0.18689296749803005
305095845	[38,-37.0,-1.0]	40.85784030312499	-73.91136148125001	0.05432338668417207	0.574533037309383	0.2093949884043299	0.0011106247588551004	0.5741935483870968	0.18689296749803005
305095846	[46,-46.0,0.0]	40.85847622	-73.90972694000001	0.05432338668417207	0.574533037309383	0.2093949884043299	0.0011106247588551004	0.5741935483870968	0.18689296749803005
276138949	[0,-51.0,51.0]	40.848649212	-73.90882665999999	0.05432338668417207	0.574533037309383	0.2093949884043299	0.0011106247588551004	0.5741935483870968	0.18689296749803005
276140801	[11,-60.0,49.0]	40.8498823	-73.90723308	0.05432338668417207	0.574533037309383	0.2093949884043299	0.0011106247588551004	0.5741935483870968	0.18689296749803005
276273784	[38,-34.0,-4.0]	40.85812272903227	-73.91195652903225	0.05432338668417207	0.574533037309383	0.2093949884043299	0.0011106247588551004	0.5741935483870968	0.18689296749803005
276142294	[46,-80.0,34.0]	40.85516927272727	-73.90325323636364	0.05432338668417207	0.574533037309383	0.2093949884043299	0.0011106247588551004	0.5741935483870968	0.18689296749803005
276142516	[60,-80.0,20.0]	40.857895830000004	-73.90371127	0.05432338668417207	0.574533037309383	0.2093949884043299	0.0011106247588551004	0.5741935483870968	0.18689296749803005
516204836	[-55,47.0,8.0]	40.847388941176476	-73.92638289411765	0.05432338668417207	0.574533037309383	0.2093949884043299	0.0011106247588551004	0.5741935483870968	0.18689296749803005
627959357	[-32,4.0,28.0]	40.847739419999996	-73.91860024	0.05432338668417207	0.574533037309383	0.2093949884043299	0.0011106247588551004	0.5741935483870968	0.18689296749803005
627960061	[-38,8.0,30.0]	40.84683977142857	-73.91926769999999	0.05432338668417207	0.574533037309383	0.2093949884043299	0.0011106247588551004	0.5741935483870968	0.18689296749803005
376131194	[-3,11.0,-8.0]	40.85443483333332	-73.91991587142859	0.05432338668417207	0.574533037309383	0.2093949884043299	0.0011106247588551004	0.5741935483870968	0.18689296749803005
376131205	[-5,12.0,-7.0]	40.85400475	-73.92016229999999	0.05432338668417207	0.574533037309383	0.2093949884043299	0.0011106247588551004	0.5741935483870968	0.18689296749803005
376469088	[0,12.0,-12.0]	40.855159164705874	-73.9200357	0.05432338668417207	0.574533037309383	0.2093949884043299	0.0011106247588551004	0.5741935483870968	0.18689296749803005
376469090	[0,12.0,-12.0]	40.85507496	-73.91993509500003	0.05432338668417207	0.574533037309383	0.2093949884043299	0.0011106247588551004	0.5741935483870968	0.18689296749803005
376469091	[4,7.0,-11.0]	40.85539628	-73.91925490000001	0.05432338668417207	0.574533037309383	0.2093949884043299	0.0011106247588551004	0.5741935483870968	0.18689296749803005
376469104	[2,11.0,-13.0]	40.85535045333334	-73.91986349333332	0.05432338668417207	0.574533037309383	0.2093949884043299	0.0011106247588551004	0.5741935483870968	0.18689296749803005
376469107	[-6,13.0,-7.0]	40.85396729	-73.92029930000001	0.05432338668417207	0.574533037309383	0.2093949884043299	0.0011106247588551004	0.5741935483870968	0.18689296749803005
627958210	[-19,-12.0,31.0]	40.848652975	-73.91573980833333	0.05432338668417207	0.574533037309383	0.2093949884043299	0.0011106247588551004	0.5741935483870968	0.18689296749803005
627958594	[-30,1.0,29.0]	40.847770960000005	-73.91803994	0.05432338668417207	0.574533037309383	0.2093949884043299	0.0011106247588551004	0.5741935483870968	0.18689296749803005
187909074	[2,-44.0,42.0]	40.84975352857143	-73.91017777142858	0.05432338668417207	0.574533037309383	0.2093949884043299	0.0011106247588551004	0.5741935483870968	0.18689296749803005
229891249	[26,-48.0,22.0]	40.85426506666666	-73.90947883333334	0.05432338668417207	0.574533037309383	0.2093949884043299	0.0011106247588551004	0.5741935483870968	0.18689296749803005
286996646	[30,-30.0,0.0]	40.856882166666665	-73.91252317777779	0.05432338668417207	0.574533037309383	0.2093949884043299	0.0011106247588551004	0.5741935483870968	0.18689296749803005
294248636	[42,-50.0,8.0]	40.85730995555556	-73.90914974444445	0.05432338668417207	0.574533037309383	0.2093949884043299	0.0011106247588551004	0.5741935483870968	0.18689296749803005
562586513	[29,-71.0,42.0]	40.8525341	-73.90533017999999	0.05432338668417207	0.574533037309383	0.2093949884043299	0.0011106247588551004	0.5741935483870968	0.18689296749803005
286996651	[41,-36.0,-5.0]	40.8585491875	-73.91162357500001	0.05432338668417207	0.574533037309383	0.2093949884043299	0.0011106247588551004	0.5741935483870968	0.18689296749803005
286996655	[44,-34.0,-10.0]	40.85942841666667	-73.91180960000001	0.05432338668417207	0.574533037309383	0.2093949884043299	0.0011106247588551004	0.5741935483870968	0.18689296749803005
286996658	[47,-35.0,-12.0]	40.85994830869566	-73.91175512173913	0.05432338668417207	0.574533037309383	0.2093949884043299	0.0011106247588551004	0.5741935483870968	0.18689296749803005
286996659	[48,-41.0,-7.0]	40.85950937692307	-73.91063091538462	0.05432338668417207	0.574533037309383	0.2093949884043299	0.0011106247588551004	0.5741935483870968	0.18689296749803005
604024562	[32,-77.0,45.0]	40.852446709999995	-73.90420648999999	0.05432338668417207	0.574533037309383	0.2093949884043299	0.0011106247588551004	0.5741935483870968	0.18689296749803005
276255277	[-21,-1.0,22.0]	40.8494709	-73.91766290909091	0.05432338668417207	0.574533037309383	0.2093949884043299	0.0011106247588551004	0.5741935483870968	0.18689296749803005
276281617	[42,-49.0,7.0]	40.85745470454545	-73.90931141363639	0.05432338668417207	0.574533037309383	0.2093949884043299	0.0011106247588551004	0.5741935483870968	0.18689296749803005
276273759	[33,-38.0,5.0]	40.85668185	-73.91121706666667	0.05432338668417207	0.574533037309383	0.2093949884043299	0.0011106247588551004	0.5741935483870968	0.18689296749803005
276259433	[5,-3.0,-2.0]	40.8545905625	-73.9172977625	0.05432338668417207	0.574533037309383	0.2093949884043299	0.0011106247588551004	0.5741935483870968	0.18689296749803005
276142746	[49,-76.0,27.0]	40.85613879999999	-73.90442477777779	0.05432338668417207	0.574533037309383	0.2093949884043299	0.0011106247588551004	0.5741935483870968	0.18689296749803005
359188534	[47,-80.0,33.0]	40.8553169	-73.90179153	0.05432338668417207	0.574533037309383	0.2093949884043299	0.0011106247588551004	0.5741935483870968	0.18689296749803005
276250917	[27,-44.0,17.0]	40.854795030000005	-73.910160445	0.05432338668417207	0.574533037309383	0.2093949884043299	0.0011106247588551004	0.5741935483870968	0.18689296749803005
276249034	[-43,14.0,29.0]	40.84644554545454	-73.92039205454546	0.05432338668417207	0.574533037309383	0.2093949884043299	0.0011106247588551004	0.5741935483870968	0.18689296749803005
276121947	[-2,-44.0,46.0]	40.84901595	-73.91015342499999	0.05432338668417207	0.574533037309383	0.2093949884043299	0.0011106247588551004	0.5741935483870968	0.18689296749803005
276140799	[8,-54.0,46.0]	40.84997528000001	-73.90824078	0.05432338668417207	0.574533037309383	0.2093949884043299	0.0011106247588551004	0.5741935483870968	0.18689296749803005
276140800	[11,-58.0,47.0]	40.85011737142857	-73.90753217142857	0.05432338668417207	0.574533037309383	0.2093949884043299	0.0011106247588551004	0.5741935483870968	0.18689296749803005
276251584	[15,-33.0,18.0]	40.85352925555556	-73.91203111666668	0.05432338668417207	0.574533037309383	0.2093949884043299	0.0011106247588551004	0.5741935483870968	0.18689296749803005
276258163	[6,-24.0,18.0]	40.85266912142857	-73.91360831428571	0.05432338668417207	0.574533037309383	0.2093949884043299	0.0011106247588551004	0.5741935483870968	0.18689296749803005
396624364	396624364	0
396624365	396624364	0.0
608125236	396624364	3.0
376131203	396624364	2.0
376131204	396624364	2.0
376131206	396624364	2.0
286996630	396624364	3.0
286996631	396624364	3.0
294237314	396624364	3.0
294237315	396624364	3.0
294241325	396624364	3.0
294241328	396624364	3.0
294248638	396624364	4.0
294248669	396624364	4.0
376131207	396624364	4.0
294248633	396624364	4.0
294248634	396624364	4.0
305095845	396624364	4.0
305095846	396624364	4.0
276138949	396624364	4.0
276140801	396624364	4.0
276273784	396624364	4.0
276142294	396624364	4.0
276142516	396624364	4.0
516204836	396624364	5.0
627959357	396624364	3.0
627960061	396624364	3.0
376131194	396624364	2.0
376131205	396624364	2.0
376469088	396624364	2.0
376469090	396624364	2.0
376469091	396624364	2.0
376469104	396624364	2.0
376469107	396624364	1.0
627958210	396624364	3.0
627958594	396624364	3.0
187909074	396624364	3.0
229891249	396624364	3.0
286996646	396624364	3.0
294248636	396624364	4.0
562586513	396624364	4.0
286996651	396624364	4.0
286996655	396624364	4.0
286996658	396624364	4.0
286996659	396624364	4.0
604024562	396624364	4.0
276255277	396624364	3.0
276281617	396624364	4.0
276273759	396624364	4.0
276259433	396624364	2.0
276142746	396624364	4.0
359188534	396624364	4.0
276250917	396624364	3.0
276249034	396624364	4.0
276121947	396624364	4.0
276140799	396624364	4.0
276140800	396624364	4.0
276251584	396624364	3.0
276258163	396624364	3.0
396624365	396624365	0
608125236	396624365	3.0
376131203	396624365	2.0
376131204	396624365	2.0
376131206	396624365	2.0
286996630	396624365	3.0
286996631	396624365	3.0
294237314	396624365	3.0
294237315	396624365	3.0
294241325	396624365	3.0
294241328	396624365	3.0
294248638	396624365	4.0
294248669	396624365	4.0
376131207	396624365	4.0
294248633	396624365	4.0
294248634	396624365	4.0
305095845	396624365	4.0
305095846	396624365	4.0
276138949	396624365	4.0
276140801	396624365	4.0
276273784	396624365	4.0
276142294	396624365	4.0
276142516	396624365	4.0
516204836	396624365	5.0
627959357	396624365	3.0
627960061	396624365	3.0
376131194	396624365	2.0
376131205	396624365	2.0
376469088	396624365	2.0
376469090	396624365	2.0
376469091	396624365	2.0
376469104	396624365	2.0
376469107	396624365	2.0
627958210	396624365	3.0
627958594	396624365	3.0
187909074	396624365	3.0
229891249	396624365	3.0
286996646	396624365	3.0
294248636	396624365	4.0
562586513	396624365	4.0
286996651	396624365	4.0
286996655	396624365	4.0
286996658	396624365	4.0
286996659	396624365	4.0
604024562	396624365	4.0
276255277	396624365	3.0
276281617	396624365	4.0
276273759	396624365	4.0
276259433	396624365	2.0
276142746	396624365	4.0
359188534	396624365	4.0
276250917	396624365	3.0
276249034	396624365	4.0
276121947	396624365	4.0
276140799	396624365	4.0
276140800	396624365	4.0
276251584	396624365	3.0
276258163	396624365	3.0
608125236	608125236	0
376131203	608125236	4.0
376131204	608125236	4.0
376131206	608125236	4.0
286996630	608125236	4.0
286996631	608125236	4.0
294237314	608125236	2.0
294237315	608125236	2.0
294241325	608125236	2.0
294241328	608125236	2.0
294248638	608125236	4.0
294248669	608125236	4.0
376131207	608125236	4.0
294248633	608125236	4.0
294248634	608125236	4.0
305095845	608125236	4.0
305095846	608125236	4.0
276138949	608125236	3.0
276140801	608125236	4.0
276273784	608125236	4.0
276142294	608125236	4.0
276142516	608125236	4.0
516204836	608125236	4.0
627959357	608125236	1.0
627960061	608125236	0.0
376131194	608125236	4.0
376131205	608125236	4.0
376469088	608125236	4.0
376469090	608125236	4.0
376469091	608125236	4.0
376469104	608125236	4.0
376469107	608125236	4.0
627958210	608125236	1.0
627958594	608125236	0.0
187909074	608125236	3.0
229891249	608125236	3.0
286996646	608125236	4.0
294248636	608125236	3.0
562586513	608125236	4.0
286996651	608125236	4.0
286996655	608125236	4.0
286996658	608125236	4.0
286996659	608125236	4.0
604024562	608125236	4.0
276255277	608125236	2.0
276281617	608125236	4.0
276273759	608125236	4.0
276259433	608125236	3.0
276142746	608125236	4.0
359188534	608125236	4.0
276250917	608125236	3.0
276249034	608125236	0.0
276121947	608125236	3.0
276140799	608125236	3.0
276140800	608125236	3.0
276251584	608125236	3.0
276258163	608125236	3.0
376131203	376131203	0
376131204	376131203	0.0
376131206	376131203	0.0
286996630	376131203	3.0
286996631	376131203	3.0
294237314	376131203	3.0
294237315	376131203	3.0
294241325	376131203	3.0
294241328	376131203	3.0
294248638	376131203	4.0
294248669	376131203	4.0
376131207	376131203	4.0
294248633	376131203	4.0
294248634	376131203	4.0
305095845	376131203	4.0
305095846	376131203	4.0
276138949	376131203	4.0
276140801	376131203	4.0
276273784	376131203	4.0
276142294	376131203	4.0
276142516	376131203	4.0
516204836	376131203	5.0
627959357	376131203	3.0
627960061	376131203	4.0
376131194	376131203	0.0
376131205	376131203	0.0
376469088	376131203	0.0
376469090	376131203	0.0
376469091	376131203	0.0
376469104	376131203	0.0
376469107	376131203	0.0
627958210	376131203	3.0
627958594	376131203	3.0
187909074	376131203	4.0
229891249	376131203	3.0
286996646	376131203	4.0
294248636	376131203	4.0
562586513	376131203	4.0
286996651	376131203	4.0
286996655	376131203	4.0
286996658	376131203	4.0
286996659	376131203	4.0
604024562	376131203	4.0
276255277	376131203	3.0
276281617	376131203	4.0
276273759	376131203	4.0
276259433	376131203	2.0
276142746	376131203	4.0
359188534	376131203	4.0
276250917	376131203	3.0
276249034	376131203	4.0
276121947	376131203	4.0
276140799	376131203	4.0
276140800	376131203	4.0
276251584	376131203	3.0
276258163	376131203	3.0
376131204	376131204	0
376131206	376131204	0.0
286996630	376131204	4.0
286996631	376131204	3.0
294237314	376131204	3.0
294237315	376131204	3.0
294241325	376131204	3.0
294241328	376131204	3.0
294248638	376131204	4.0
294248669	376131204	4.0
376131207	376131204	4.0
294248633	376131204	4.0
294248634	376131204	4.0
305095845	376131204	4.0
305095846	376131204	4.0
276138949	376131204	4.0
276140801	376131204	4.0
276273784	376131204	4.0
276142294	376131204	4.0
276142516	376131204	4.0
516204836	376131204	5.0
627959357	376131204	3.0
627960061	376131204	4.0
376131194	376131204	0.0
376131205	376131204	0.0
376469088	376131204	0.0
376469090	376131204	0.0
376469091	376131204	0.0
376469104	376131204	0.0
376469107	376131204	0.0
627958210	376131204	3.0
627958594	376131204	3.0
187909074	376131204	4.0
229891249	376131204	4.0
286996646	376131204	4.0
294248636	376131204	4.0
562586513	376131204	4.0
286996651	376131204	4.0
286996655	376131204	4.0
286996658	376131204	4.0
286996659	376131204	4.0
604024562	376131204	4.0
276255277	376131204	3.0
276281617	376131204	4.0
276273759	376131204	4.0
276259433	376131204	3.0
276142746	376131204	4.0
359188534	376131204	4.0
276250917	376131204	3.0
276249034	376131204	4.0
276121947	376131204	4.0
276140799	376131204	4.0
276140800	376131204	4.0
276251584	376131204	3.0
276258163	376131204	3.0
376131206	376131206	0
286996630	376131206	4.0
286996631	376131206	4.0
294237314	376131206	3.0
294237315	376131206	3.0
294241325	376131206	3.0
294241328	376131206	3.0
294248638	376131206	4.0
294248669	376131206	4.0
376131207	376131206	4.0
294248633	376131206	4.0
294248634	376131206	4.0
305095845	376131206	4.0
305095846	376131206	4.0
276138949	376131206	4.0
276140801	376131206	4.0
276273784	376131206	4.0
276142294	376131206	4.0
276142516	376131206	4.0
516204836	376131206	5.0
627959357	376131206	3.0
627960061	376131206	4.0
376131194	376131206	0.0
376131205	376131206	1.0
376469088	376131206	0.0
376469090	376131206	0.0
376469091	376131206	0.0
376469104	376131206	0.0
376469107	376131206	1.0
627958210	376131206	3.0
627958594	376131206	3.0
187909074	376131206	4.0
229891249	376131206	4.0
286996646	376131206	4.0
294248636	376131206	4.0
562586513	376131206	4.0
286996651	376131206	4.0
286996655	376131206	4.0
286996658	376131206	4.0
286996659	376131206	4.0
604024562	376131206	4.0
276255277	376131206	3.0
276281617	376131206	4.0
276273759	376131206	4.0
276259433	376131206	3.0
276142746	376131206	4.0
359188534	376131206	4.0
276250917	376131206	4.0
276249034	376131206	4.0
276121947	376131206	4.0
276140799	376131206	4.0
276140800	376131206	4.0
276251584	376131206	3.0
276258163	376131206	3.0
286996630	286996630	0
286996631	286996630	0.0
294237314	286996630	3.0
294237315	286996630	3.0
294241325	286996630	3.0
294241328	286996630	3.0
294248638	286996630	2.0
294248669	286996630	1.0
376131207	286996630	4.0
294248633	286996630	3.0
294248634	286996630	3.0
305095845	286996630	1.0
305095846	286996630	2.0
276138949	286996630	4.0
276140801	286996630	3.0
276273784	286996630	1.0
276142294	286996630	3.0
276142516	286996630	3.0
516204836	286996630	5.0
627959357	286996630	3.0
627960061	286996630	4.0
376131194	286996630	3.0
376131205	286996630	3.0
376469088	286996630	3.0
376469090	286996630	3.0
376469091	286996630	4.0
376469104	286996630	4.0
376469107	286996630	3.0
627958210	286996630	3.0
627958594	286996630	3.0
187909074	286996630	3.0
229891249	286996630	3.0
286996646	286996630	0.0
294248636	286996630	2.0
562586513	286996630	3.0
286996651	286996630	1.0
286996655	286996630	1.0
286996658	286996630	2.0
286996659	286996630	2.0
604024562	286996630	3.0
276255277	286996630	3.0
276281617	286996630	2.0
276273759	286996630	1.0
276259433	286996630	2.0
276142746	286996630	3.0
359188534	286996630	4.0
276250917	286996630	2.0
276249034	286996630	4.0
276121947	286996630	3.0
276140799	286996630	3.0
276140800	286996630	3.0
276251584	286996630	2.0
276258163	286996630	2.0
286996631	286996631	0
294237314	286996631	3.0
294237315	286996631	3.0
294241325	286996631	3.0
294241328	286996631	3.0
294248638	286996631	2.0
294248669	286996631	1.0
376131207	286996631	4.0
294248633	286996631	3.0
294248634	286996631	3.0
305095845	286996631	2.0
305095846	286996631	2.0
276138949	286996631	4.0
276140801	286996631	3.0
276273784	286996631	2.0
276142294	286996631	3.0
276142516	286996631	3.0
516204836	286996631	5.0
627959357	286996631	3.0
627960061	286996631	4.0
376131194	286996631	3.0
376131205	286996631	3.0
376469088	286996631	3.0
376469090	286996631	3.0
376469091	286996631	3.0
376469104	286996631	3.0
376469107	286996631	3.0
627958210	286996631	3.0
627958594	286996631	3.0
187909074	286996631	3.0
229891249	286996631	3.0
286996646	286996631	0.0
294248636	286996631	2.0
562586513	286996631	3.0
286996651	286996631	1.0
286996655	286996631	2.0
286996658	286996631	2.0
286996659	286996631	2.0
604024562	286996631	3.0
276255277	286996631	3.0
276281617	286996631	2.0
276273759	286996631	1.0
276259433	286996631	2.0
276142746	286996631	3.0
359188534	286996631	4.0
276250917	286996631	2.0
276249034	286996631	4.0
276121947	286996631	3.0
276140799	286996631	3.0
276140800	286996631	3.0
276251584	286996631	2.0
276258163	286996631	2.0
294237314	294237314	0
294237315	294237314	0.0
294241325	294237314	0.0
294241328	294237314	0.0
294248638	294237314	3.0
294248669	294237314	3.0
376131207	294237314	4.0
294248633	294237314	3.0
294248634	294237314	3.0
305095845	294237314	3.0
305095846	294237314	3.0
276138949	294237314	3.0
276140801	294237314	3.0
276273784	294237314	3.0
276142294	294237314	3.0
276142516	294237314	3.0
516204836	294237314	4.0
627959357	294237314	2.0
627960061	294237314	2.0
376131194	294237314	3.0
376131205	294237314	3.0
376469088	294237314	3.0
376469090	294237314	3.0
376469091	294237314	3.0
376469104	294237314	3.0
376469107	294237314	3.0
627958210	294237314	1.0
627958594	294237314	2.0
187909074	294237314	2.0
229891249	294237314	2.0
286996646	294237314	3.0
294248636	294237314	3.0
562586513	294237314	3.0
286996651	294237314	3.0
286996655	294237314	3.0
286996658	294237314	3.0
286996659	294237314	3.0
604024562	294237314	3.0
276255277	294237314	1.0
276281617	294237314	3.0
276273759	294237314	3.0
276259433	294237314	2.0
276142746	294237314	3.0
359188534	294237314	3.0
276250917	294237314	2.0
276249034	294237314	3.0
276121947	294237314	3.0
276140799	294237314	3.0
276140800	294237314	3.0
276251584	294237314	1.0
276258163	294237314	0.0
294237315	294237315	0
294241325	294237315	0.0
294241328	294237315	0.0
294248638	294237315	3.0
294248669	294237315	3.0
376131207	294237315	4.0
294248633	294237315	3.0
294248634	294237315	3.0
305095845	294237315	3.0
305095846	294237315	3.0
276138949	294237315	3.0
276140801	294237315	3.0
276273784	294237315	3.0
276142294	294237315	3.0
276142516	294237315	3.0
516204836	294237315	4.0
627959357	294237315	2.0
627960061	294237315	2.0
376131194	294237315	3.0
376131205	294237315	3.0
376469088	294237315	3.0
376469090	294237315	3.0
376469091	294237315	3.0
376469104	294237315	3.0
376469107	294237315	3.0
627958210	294237315	1.0
627958594	294237315	2.0
187909074	294237315	2.0
229891249	294237315	2.0
286996646	294237315	3.0
294248636	294237315	3.0
562586513	294237315	3.0
286996651	294237315	3.0
286996655	294237315	3.0
286996658	294237315	3.0
286996659	294237315	3.0
604024562	294237315	3.0
276255277	294237315	2.0
276281617	294237315	3.0
276273759	294237315	3.0
276259433	294237315	2.0
276142746	294237315	3.0
359188534	294237315	3.0
276250917	294237315	2.0
276249034	294237315	3.0
276121947	294237315	3.0
276140799	294237315	3.0
276140800	294237315	3.0
276251584	294237315	1.0
276258163	294237315	0.0
294241325	294241325	0
294241328	294241325	0.0
294248638	294241325	3.0
294248669	294241325	3.0
376131207	294241325	4.0
294248633	294241325	3.0
294248634	294241325	3.0
305095845	294241325	3.0
305095846	294241325	3.0
276138949	294241325	3.0
276140801	294241325	3.0
276273784	294241325	3.0
276142294	294241325	3.0
276142516	294241325	3.0
516204836	294241325	4.0
627959357	294241325	2.0
627960061	294241325	2.0
376131194	294241325	3.0
376131205	294241325	3.0
376469088	294241325	3.0
376469090	294241325	3.0
376469091	294241325	3.0
376469104	294241325	3.0
376469107	294241325	3.0
627958210	294241325	1.0
627958594	294241325	2.0
187909074	294241325	2.0
229891249	294241325	2.0
286996646	294241325	3.0
294248636	294241325	3.0
562586513	294241325	3.0
286996651	294241325	3.0
286996655	294241325	3.0
286996658	294241325	3.0
286996659	294241325	3.0
604024562	294241325	3.0
276255277	294241325	1.0
276281617	294241325	3.0
276273759	294241325	3.0
276259433	294241325	2.0
276142746	294241325	3.0
359188534	294241325	3.0
276250917	294241325	2.0
276249034	294241325	3.0
276121947	294241325	3.0
276140799	294241325	3.0
276140800	294241325	3.0
276251584	294241325	1.0
276258163	294241325	0.0
294241328	294241328	0
294248638	294241328	3.0
294248669	294241328	3.0
376131207	294241328	4.0
294248633	294241328	3.0
294248634	294241328	3.0
305095845	294241328	3.0
305095846	294241328	3.0
276138949	294241328	3.0
276140801	294241328	3.0
276273784	294241328	3.0
276142294	294241328	3.0
276142516	294241328	3.0
516204836	294241328	4.0
627959357	294241328	2.0
627960061	294241328	2.0
376131194	294241328	3.0
376131205	294241328	3.0
376469088	294241328	3.0
376469090	294241328	3.0
376469091	294241328	3.0
376469104	294241328	3.0
376469107	294241328	3.0
627958210	294241328	1.0
627958594	294241328	2.0
187909074	294241328	2.0
229891249	294241328	2.0
286996646	294241328	3.0
294248636	294241328	3.0
562586513	294241328	3.0
286996651	294241328	3.0
286996655	294241328	3.0
286996658	294241328	3.0
286996659	294241328	3.0
604024562	294241328	3.0
276255277	294241328	1.0
276281617	294241328	3.0
276273759	294241328	3.0
276259433	294241328	2.0
276142746	294241328	3.0
359188534	294241328	3.0
276250917	294241328	2.0
276249034	294241328	2.0
276121947	294241328	3.0
276140799	294241328	3.0
276140800	294241328	3.0
276251584	294241328	1.0
276258163	294241328	0.0
294248638	294248638	0
294248669	294248638	2.0
376131207	294248638	4.0
294248633	294248638	2.0
294248634	294248638	2.0
305095845	294248638	2.0
305095846	294248638	2.0
276138949	294248638	3.0
276140801	294248638	3.0
276273784	294248638	2.0
276142294	294248638	2.0
276142516	294248638	2.0
516204836	294248638	5.0
627959357	294248638	3.0
627960061	294248638	4.0
376131194	294248638	4.0
376131205	294248638	4.0
376469088	294248638	4.0
376469090	294248638	4.0
376469091	294248638	4.0
376469104	294248638	4.0
376469107	294248638	4.0
627958210	294248638	3.0
627958594	294248638	3.0
187909074	294248638	3.0
229891249	294248638	2.0
286996646	294248638	2.0
294248636	294248638	0.0
562586513	294248638	3.0
286996651	294248638	2.0
286996655	294248638	2.0
286996658	294248638	2.0
286996659	294248638	2.0
604024562	294248638	3.0
276255277	294248638	3.0
276281617	294248638	0.0
276273759	294248638	2.0
276259433	294248638	3.0
276142746	294248638	2.0
359188534	294248638	3.0
276250917	294248638	2.0
276249034	294248638	4.0
276121947	294248638	3.0
276140799	294248638	3.0
276140800	294248638	3.0
276251584	294248638	2.0
276258163	294248638	2.0
294248669	294248669	0
376131207	294248669	4.0
294248633	294248669	3.0
294248634	294248669	3.0
305095845	294248669	1.0
305095846	294248669	1.0
276138949	294248669	4.0
276140801	294248669	4.0
276273784	294248669	1.0
276142294	294248669	3.0
276142516	294248669	3.0
516204836	294248669	5.0
627959357	294248669	4.0
627960061	294248669	4.0
376131194	294248669	4.0
376131205	294248669	4.0
376469088	294248669	4.0
376469090	294248669	4.0
376469091	294248669	4.0
376469104	294248669	4.0
376469107	294248669	4.0
627958210	294248669	3.0
627958594	294248669	4.0
187909074	294248669	3.0
229891249	294248669	3.0
286996646	294248669	0.0
294248636	294248669	1.0
562586513	294248669	3.0
286996651	294248669	1.0
286996655	294248669	1.0
286996658	294248669	2.0
286996659	294248669	2.0
604024562	294248669	3.0
276255277	294248669	3.0
276281617	294248669	1.0
276273759	294248669	0.0
276259433	294248669	3.0
276142746	294248669	3.0
359188534	294248669	4.0
276250917	294248669	2.0
276249034	294248669	4.0
276121947	294248669	4.0
276140799	294248669	3.0
276140800	294248669	3.0
276251584	294248669	3.0
276258163	294248669	3.0
376131207	376131207	0
294248633	376131207	4.0
294248634	376131207	4.0
305095845	376131207	4.0
305095846	376131207	4.0
276138949	376131207	5.0
276140801	376131207	5.0
276273784	376131207	4.0
276142294	376131207	4.0
276142516	376131207	4.0
516204836	376131207	3.0
627959357	376131207	4.0
627960061	376131207	4.0
376131194	376131207	4.0
376131205	376131207	4.0
376469088	376131207	4.0
376469090	376131207	4.0
376469091	376131207	4.0
376469104	376131207	4.0
376469107	376131207	4.0
627958210	376131207	4.0
627958594	376131207	4.0
187909074	376131207	5.0
229891249	376131207	4.0
286996646	376131207	4.0
294248636	376131207	4.0
562586513	376131207	5.0
286996651	376131207	4.0
286996655	376131207	4.0
286996658	376131207	4.0
286996659	376131207	4.0
604024562	376131207	4.0
276255277	376131207	4.0
276281617	376131207	4.0
276273759	376131207	4.0
276259433	376131207	4.0
276142746	376131207	4.0
359188534	376131207	5.0
276250917	376131207	4.0
276249034	376131207	4.0
276121947	376131207	5.0
276140799	376131207	5.0
276140800	376131207	5.0
276251584	376131207	4.0
276258163	376131207	4.0
294248633	294248633	0
294248634	294248633	0.0
305095845	294248633	3.0
305095846	294248633	2.0
276138949	294248633	4.0
276140801	294248633	4.0
276273784	294248633	3.0
276142294	294248633	3.0
276142516	294248633	2.0
516204836	294248633	5.0
627959357	294248633	4.0
627960061	294248633	4.0
376131194	294248633	4.0
376131205	294248633	4.0
376469088	294248633	4.0
376469090	294248633	4.0
376469091	294248633	4.0
376469104	294248633	4.0
376469107	294248633	4.0
627958210	294248633	4.0
627958594	294248633	4.0
187909074	294248633	4.0
229891249	294248633	3.0
286996646	294248633	3.0
294248636	294248633	2.0
562586513	294248633	3.0
286996651	294248633	3.0
286996655	294248633	2.0
286996658	294248633	2.0
286996659	294248633	2.0
604024562	294248633	3.0
276255277	294248633	4.0
276281617	294248633	2.0
276273759	294248633	3.0
276259433	294248633	3.0
276142746	294248633	3.0
359188534	294248633	3.0
276250917	294248633	3.0
276249034	294248633	4.0
276121947	294248633	4.0
276140799	294248633	4.0
276140800	294248633	4.0
276251584	294248633	3.0
276258163	294248633	3.0
294248634	294248634	0
305095845	294248634	3.0
305095846	294248634	2.0
276138949	294248634	4.0
276140801	294248634	4.0
276273784	294248634	3.0
276142294	294248634	3.0
276142516	294248634	2.0
516204836	294248634	5.0
627959357	294248634	4.0
627960061	294248634	4.0
376131194	294248634	4.0
376131205	294248634	4.0
376469088	294248634	4.0
376469090	294248634	4.0
376469091	294248634	4.0
376469104	294248634	4.0
376469107	294248634	4.0
627958210	294248634	4.0
627958594	294248634	4.0
187909074	294248634	4.0
229891249	294248634	3.0
286996646	294248634	3.0
294248636	294248634	2.0
562586513	294248634	3.0
286996651	294248634	3.0
286996655	294248634	2.0
286996658	294248634	2.0
286996659	294248634	2.0
604024562	294248634	3.0
276255277	294248634	4.0
276281617	294248634	2.0
276273759	294248634	3.0
276259433	294248634	3.0
276142746	294248634	3.0
359188534	294248634	3.0
276250917	294248634	3.0
276249034	294248634	4.0
276121947	294248634	4.0
276140799	294248634	4.0
276140800	294248634	4.0
276251584	294248634	3.0
276258163	294248634	3.0
305095845	305095845	0
305095846	305095845	1.0
276138949	305095845	4.0
276140801	305095845	4.0
276273784	305095845	0.0
276142294	305095845	3.0
276142516	305095845	3.0
516204836	305095845	4.0
627959357	305095845	4.0
627960061	305095845	4.0
376131194	305095845	4.0
376131205	305095845	4.0
376469088	305095845	4.0
376469090	305095845	4.0
376469091	305095845	4.0
376469104	305095845	4.0
376469107	305095845	4.0
627958210	305095845	3.0
627958594	305095845	4.0
187909074	305095845	4.0
229891249	305095845	3.0
286996646	305095845	1.0
294248636	305095845	2.0
562586513	305095845	4.0
286996651	305095845	0.0
286996655	305095845	0.0
286996658	305095845	1.0
286996659	305095845	1.0
604024562	305095845	3.0
276255277	305095845	4.0
276281617	305095845	2.0
276273759	305095845	2.0
276259433	305095845	3.0
276142746	305095845	3.0
359188534	305095845	4.0
276250917	305095845	2.0
276249034	305095845	4.0
276121947	305095845	4.0
276140799	305095845	4.0
276140800	305095845	4.0
276251584	305095845	3.0
276258163	305095845	3.0
305095846	305095846	0
276138949	305095846	4.0
276140801	305095846	4.0
276273784	305095846	1.0
276142294	305095846	3.0
276142516	305095846	3.0
516204836	305095846	5.0
627959357	305095846	4.0
627960061	305095846	4.0
376131194	305095846	4.0
376131205	305095846	4.0
376469088	305095846	4.0
376469090	305095846	4.0
376469091	305095846	4.0
376469104	305095846	4.0
376469107	305095846	4.0
627958210	305095846	4.0
627958594	305095846	4.0
187909074	305095846	4.0
229891249	305095846	3.0
286996646	305095846	2.0
294248636	305095846	2.0
562586513	305095846	4.0
286996651	305095846	1.0
286996655	305095846	1.0
286996658	305095846	2.0
286996659	305095846	1.0
604024562	305095846	4.0
276255277	305095846	4.0
276281617	305095846	2.0
276273759	305095846	1.0
276259433	305095846	3.0
276142746	305095846	3.0
359188534	305095846	3.0
276250917	305095846	3.0
276249034	305095846	4.0
276121947	305095846	4.0
276140799	305095846	4.0
276140800	305095846	4.0
276251584	305095846	3.0
276258163	305095846	3.0
276138949	276138949	0
276140801	276138949	1.0
276273784	276138949	4.0
276142294	276138949	3.0
276142516	276138949	3.0
516204836	276138949	4.0
627959357	276138949	4.0
627960061	276138949	3.0
376131194	276138949	4.0
376131205	276138949	4.0
376469088	276138949	4.0
376469090	276138949	4.0
376469091	276138949	4.0
376469104	276138949	4.0
376469107	276138949	4.0
627958210	276138949	3.0
627958594	276138949	4.0
187909074	276138949	1.0
229891249	276138949	3.0
286996646	276138949	4.0
294248636	276138949	3.0
562586513	276138949	2.0
286996651	276138949	4.0
286996655	276138949	4.0
286996658	276138949	4.0
286996659	276138949	4.0
604024562	276138949	2.0
276255277	276138949	3.0
276281617	276138949	3.0
276273759	276138949	4.0
276259433	276138949	4.0
276142746	276138949	3.0
359188534	276138949	3.0
276250917	276138949	3.0
276249034	276138949	3.0
276121947	276138949	0.0
276140799	276138949	2.0
276140800	276138949	2.0
276251584	276138949	3.0
276258163	276138949	3.0
276140801	276140801	0
276273784	276140801	4.0
276142294	276140801	3.0
276142516	276140801	3.0
516204836	276140801	4.0
627959357	276140801	3.0
627960061	276140801	4.0
376131194	276140801	4.0
376131205	276140801	4.0
376469088	276140801	4.0
376469090	276140801	4.0
376469091	276140801	4.0
376469104	276140801	4.0
376469107	276140801	4.0
627958210	276140801	3.0
627958594	276140801	3.0
187909074	276140801	1.0
229891249	276140801	3.0
286996646	276140801	4.0
294248636	276140801	3.0
562586513	276140801	2.0
286996651	276140801	4.0
286996655	276140801	4.0
286996658	276140801	4.0
286996659	276140801	4.0
604024562	276140801	3.0
276255277	276140801	3.0
276281617	276140801	3.0
276273759	276140801	4.0
276259433	276140801	3.0
276142746	276140801	3.0
359188534	276140801	3.0
276250917	276140801	3.0
276249034	276140801	3.0
276121947	276140801	2.0
276140799	276140801	2.0
276140800	276140801	2.0
276251584	276140801	3.0
276258163	276140801	3.0
276273784	276273784	0
276142294	276273784	3.0
276142516	276273784	3.0
516204836	276273784	4.0
627959357	276273784	4.0
627960061	276273784	4.0
376131194	276273784	4.0
376131205	276273784	4.0
376469088	276273784	4.0
376469090	276273784	4.0
376469091	276273784	4.0
376469104	276273784	4.0
376469107	276273784	4.0
627958210	276273784	3.0
627958594	276273784	4.0
187909074	276273784	4.0
229891249	276273784	3.0
286996646	276273784	1.0
294248636	276273784	2.0
562586513	276273784	4.0
286996651	276273784	0.0
286996655	276273784	0.0
286996658	276273784	1.0
286996659	276273784	1.0
604024562	276273784	3.0
276255277	276273784	4.0
276281617	276273784	2.0
276273759	276273784	2.0
276259433	276273784	3.0
276142746	276273784	3.0
359188534	276273784	4.0
276250917	276273784	2.0
276249034	276273784	4.0
276121947	276273784	4.0
276140799	276273784	4.0
276140800	276273784	4.0
276251584	276273784	3.0
276258163	276273784	3.0
276142294	276142294	0
276142516	276142294	2.0
516204836	276142294	5.0
627959357	276142294	4.0
627960061	276142294	4.0
376131194	276142294	4.0
376131205	276142294	4.0
376469088	276142294	4.0
376469090	276142294	4.0
376469091	276142294	4.0
376469104	276142294	4.0
376469107	276142294	4.0
627958210	276142294	3.0
627958594	276142294	4.0
187909074	276142294	3.0
229891249	276142294	2.0
286996646	276142294	3.0
294248636	276142294	2.0
562586513	276142294	2.0
286996651	276142294	3.0
286996655	276142294	3.0
286996658	276142294	3.0
286996659	276142294	3.0
604024562	276142294	2.0
276255277	276142294	4.0
276281617	276142294	2.0
276273759	276142294	3.0
276259433	276142294	3.0
276142746	276142294	2.0
359188534	276142294	1.0
276250917	276142294	2.0
276249034	276142294	4.0
276121947	276142294	3.0
276140799	276142294	3.0
276140800	276142294	3.0
276251584	276142294	3.0
276258163	276142294	3.0
276142516	276142516	0
516204836	276142516	5.0
627959357	276142516	4.0
627960061	276142516	4.0
376131194	276142516	4.0
376131205	276142516	4.0
376469088	276142516	4.0
376469090	276142516	4.0
376469091	276142516	4.0
376469104	276142516	4.0
376469107	276142516	4.0
627958210	276142516	3.0
627958594	276142516	4.0
187909074	276142516	3.0
229891249	276142516	2.0
286996646	276142516	3.0
294248636	276142516	2.0
562586513	276142516	3.0
286996651	276142516	3.0
286996655	276142516	3.0
286996658	276142516	3.0
286996659	276142516	2.0
604024562	276142516	3.0
276255277	276142516	4.0
276281617	276142516	2.0
276273759	276142516	3.0
276259433	276142516	3.0
276142746	276142516	1.0
359188534	276142516	2.0
276250917	276142516	3.0
276249034	276142516	4.0
276121947	276142516	3.0
276140799	276142516	3.0
276140800	276142516	3.0
276251584	276142516	3.0
276258163	276142516	3.0
516204836	516204836	0
627959357	516204836	4.0
627960061	516204836	4.0
376131194	516204836	5.0
376131205	516204836	5.0
376469088	516204836	5.0
376469090	516204836	5.0
376469091	516204836	5.0
376469104	516204836	5.0
376469107	516204836	5.0
627958210	516204836	4.0
627958594	516204836	4.0
187909074	516204836	4.0
229891249	516204836	5.0
286996646	516204836	5.0
294248636	516204836	5.0
562586513	516204836	4.0
286996651	516204836	4.0
286996655	516204836	4.0
286996658	516204836	5.0
286996659	516204836	4.0
604024562	516204836	4.0
276255277	516204836	4.0
276281617	516204836	5.0
276273759	516204836	5.0
276259433	516204836	4.0
276142746	516204836	5.0
359188534	516204836	5.0
276250917	516204836	4.0
276249034	516204836	4.0
276121947	516204836	4.0
276140799	516204836	4.0
276140800	516204836	4.0
276251584	516204836	5.0
276258163	516204836	4.0
627959357	627959357	0
627960061	627959357	1.0
376131194	627959357	3.0
376131205	627959357	3.0
376469088	627959357	3.0
376469090	627959357	3.0
376469091	627959357	3.0
376469104	627959357	3.0
376469107	627959357	3.0
627958210	627959357	1.0
627958594	627959357	0.0
187909074	627959357	3.0
229891249	627959357	3.0
286996646	627959357	4.0
294248636	627959357	3.0
562586513	627959357	4.0
286996651	627959357	4.0
286996655	627959357	4.0
286996658	627959357	4.0
286996659	627959357	4.0
604024562	627959357	4.0
276255277	627959357	1.0
276281617	627959357	3.0
276273759	627959357	4.0
276259433	627959357	3.0
276142746	627959357	4.0
359188534	627959357	4.0
276250917	627959357	3.0
276249034	627959357	1.0
276121947	627959357	3.0
276140799	627959357	3.0
276140800	627959357	3.0
276251584	627959357	3.0
276258163	627959357	2.0
627960061	627960061	0
376131194	627960061	4.0
376131205	627960061	4.0
376469088	627960061	4.0
376469090	627960061	4.0
376469091	627960061	4.0
376469104	627960061	4.0
376469107	627960061	4.0
627958210	627960061	2.0
627958594	627960061	0.0
187909074	627960061	3.0
229891249	627960061	3.0
286996646	627960061	4.0
294248636	627960061	4.0
562586513	627960061	4.0
286996651	627960061	4.0
286996655	627960061	4.0
286996658	627960061	4.0
286996659	627960061	4.0
604024562	627960061	4.0
276255277	627960061	2.0
276281617	627960061	4.0
276273759	627960061	4.0
276259433	627960061	3.0
276142746	627960061	4.0
359188534	627960061	4.0
276250917	627960061	3.0
276249034	627960061	0.0
276121947	627960061	3.0
276140799	627960061	3.0
276140800	627960061	3.0
276251584	627960061	3.0
276258163	627960061	3.0
376131194	376131194	0
376131205	376131194	0.0
376469088	376131194	0.0
376469090	376131194	0.0
376469091	376131194	0.0
376469104	376131194	0.0
376469107	376131194	0.0
627958210	376131194	3.0
627958594	376131194	3.0
187909074	376131194	4.0
229891249	376131194	3.0
286996646	376131194	4.0
294248636	376131194	4.0
562586513	376131194	4.0
286996651	376131194	4.0
286996655	376131194	4.0
286996658	376131194	4.0
286996659	376131194	4.0
604024562	376131194	4.0
276255277	376131194	3.0
276281617	376131194	4.0
276273759	376131194	4.0
276259433	376131194	2.0
276142746	376131194	4.0
359188534	376131194	4.0
276250917	376131194	3.0
276249034	376131194	4.0
276121947	376131194	4.0
276140799	376131194	4.0
276140800	376131194	4.0
276251584	376131194	3.0
276258163	376131194	3.0
376131205	376131205	0
376469088	376131205	0.0
376469090	376131205	0.0
376469091	376131205	0.0
376469104	376131205	0.0
376469107	376131205	0.0
627958210	376131205	3.0
627958594	376131205	3.0
187909074	376131205	4.0
229891249	376131205	3.0
286996646	376131205	4.0
294248636	376131205	4.0
562586513	376131205	4.0
286996651	376131205	3.0
286996655	376131205	3.0
286996658	376131205	4.0
286996659	376131205	4.0
604024562	376131205	4.0
276255277	376131205	3.0
276281617	376131205	4.0
276273759	376131205	4.0
276259433	376131205	2.0
276142746	376131205	4.0
359188534	376131205	4.0
276250917	376131205	4.0
276249034	376131205	3.0
276121947	376131205	4.0
276140799	376131205	4.0
276140800	376131205	4.0
276251584	376131205	3.0
276258163	376131205	3.0
376469088	376469088	0
376469090	376469088	0.0
376469091	376469088	0.0
376469104	376469088	0.0
376469107	376469088	0.0
627958210	376469088	3.0
627958594	376469088	3.0
187909074	376469088	4.0
229891249	376469088	4.0
286996646	376469088	4.0
294248636	376469088	4.0
562586513	376469088	4.0
286996651	376469088	4.0
286996655	376469088	4.0
286996658	376469088	4.0
286996659	376469088	4.0
604024562	376469088	4.0
276255277	376469088	3.0
276281617	376469088	4.0
276273759	376469088	4.0
276259433	376469088	3.0
276142746	376469088	4.0
359188534	376469088	4.0
276250917	376469088	3.0
276249034	376469088	4.0
276121947	376469088	4.0
276140799	376469088	4.0
276140800	376469088	4.0
276251584	376469088	3.0
276258163	376469088	3.0
376469090	376469090	0
376469091	376469090	0.0
376469104	376469090	0.0
376469107	376469090	0.0
627958210	376469090	3.0
627958594	376469090	3.0
187909074	376469090	4.0
229891249	376469090	4.0
286996646	376469090	4.0
294248636	376469090	4.0
562586513	376469090	4.0
286996651	376469090	4.0
286996655	376469090	4.0
286996658	376469090	4.0
286996659	376469090	4.0
604024562	376469090	4.0
276255277	376469090	3.0
276281617	376469090	4.0
276273759	376469090	4.0
276259433	376469090	2.0
276142746	376469090	4.0
359188534	376469090	4.0
276250917	376469090	3.0
276249034	376469090	4.0
276121947	376469090	4.0
276140799	376469090	4.0
276140800	376469090	4.0
276251584	376469090	3.0
276258163	376469090	3.0
376469091	376469091	0
376469104	376469091	0.0
376469107	376469091	0.0
627958210	376469091	3.0
627958594	376469091	3.0
187909074	376469091	4.0
229891249	376469091	4.0
286996646	376469091	4.0
294248636	376469091	4.0
562586513	376469091	4.0
286996651	376469091	4.0
286996655	376469091	4.0
286996658	376469091	4.0
286996659	376469091	4.0
604024562	376469091	4.0
276255277	376469091	3.0
276281617	376469091	4.0
276273759	376469091	4.0
276259433	376469091	3.0
276142746	376469091	4.0
359188534	376469091	4.0
276250917	376469091	4.0
276249034	376469091	4.0
276121947	376469091	4.0
276140799	376469091	4.0
276140800	376469091	4.0
276251584	376469091	3.0
276258163	376469091	3.0
376469104	376469104	0
376469107	376469104	0.0
627958210	376469104	3.0
627958594	376469104	3.0
187909074	376469104	4.0
229891249	376469104	4.0
286996646	376469104	4.0
294248636	376469104	4.0
562586513	376469104	4.0
286996651	376469104	4.0
286996655	376469104	4.0
286996658	376469104	4.0
286996659	376469104	4.0
604024562	376469104	4.0
276255277	376469104	3.0
276281617	376469104	4.0
276273759	376469104	4.0
276259433	376469104	3.0
276142746	376469104	4.0
359188534	376469104	4.0
276250917	376469104	3.0
276249034	376469104	4.0
276121947	376469104	4.0
276140799	376469104	4.0
276140800	376469104	4.0
276251584	376469104	3.0
276258163	376469104	3.0
376469107	376469107	0
627958210	376469107	3.0
627958594	376469107	3.0
187909074	376469107	4.0
229891249	376469107	3.0
286996646	376469107	4.0
294248636	376469107	4.0
562586513	376469107	4.0
286996651	376469107	3.0
286996655	376469107	3.0
286996658	376469107	4.0
286996659	376469107	4.0
604024562	376469107	4.0
276255277	376469107	3.0
276281617	376469107	4.0
276273759	376469107	4.0
276259433	376469107	2.0
276142746	376469107	4.0
359188534	376469107	4.0
276250917	376469107	4.0
276249034	376469107	3.0
276121947	376469107	4.0
276140799	376469107	4.0
276140800	376469107	4.0
276251584	376469107	3.0
276258163	376469107	3.0
627958210	627958210	0
627958594	627958210	1.0
187909074	627958210	2.0
229891249	627958210	3.0
286996646	627958210	4.0
294248636	627958210	3.0
562586513	627958210	3.0
286996651	627958210	3.0
286996655	627958210	3.0
286996658	627958210	4.0
286996659	627958210	3.0
604024562	627958210	3.0
276255277	627958210	2.0
276281617	627958210	3.0
276273759	627958210	3.0
276259433	627958210	3.0
276142746	627958210	3.0
359188534	627958210	4.0
276250917	627958210	3.0
276249034	627958210	2.0
276121947	627958210	3.0
276140799	627958210	3.0
276140800	627958210	3.0
276251584	627958210	2.0
276258163	627958210	2.0
627958594	627958594	0
187909074	627958594	3.0
229891249	627958594	3.0
286996646	627958594	4.0
294248636	627958594	3.0
562586513	627958594	3.0
286996651	627958594	4.0
286996655	627958594	4.0
286996658	627958594	4.0
286996659	627958594	4.0
604024562	627958594	4.0
276255277	627958594	1.0
276281617	627958594	3.0
276273759	627958594	4.0
276259433	627958594	3.0
276142746	627958594	4.0
359188534	627958594	4.0
276250917	627958594	3.0
276249034	627958594	1.0
276121947	627958594	3.0
276140799	627958594	3.0
276140800	627958594	3.0
276251584	627958594	3.0
276258163	627958594	2.0
187909074	187909074	0
229891249	187909074	2.0
286996646	187909074	3.0
294248636	187909074	3.0
562586513	187909074	2.0
286996651	187909074	4.0
286996655	187909074	4.0
286996658	187909074	4.0
286996659	187909074	4.0
604024562	187909074	3.0
276255277	187909074	3.0
276281617	187909074	3.0
276273759	187909074	4.0
276259433	187909074	3.0
276142746	187909074	3.0
359188534	187909074	3.0
276250917	187909074	3.0
276249034	187909074	3.0
276121947	187909074	1.0
276140799	187909074	1.0
276140800	187909074	1.0
276251584	187909074	3.0
276258163	187909074	3.0
229891249	229891249	0
286996646	229891249	3.0
294248636	229891249	2.0
562586513	229891249	2.0
286996651	229891249	3.0
286996655	229891249	3.0
286996658	229891249	3.0
286996659	229891249	3.0
604024562	229891249	2.0
276255277	229891249	3.0
276281617	229891249	2.0
276273759	229891249	3.0
276259433	229891249	3.0
276142746	229891249	2.0
359188534	229891249	3.0
276250917	229891249	0.0
276249034	229891249	3.0
276121947	229891249	3.0
276140799	229891249	3.0
276140800	229891249	3.0
276251584	229891249	1.0
276258163	229891249	2.0
286996646	286996646	0
294248636	286996646	2.0
562586513	286996646	3.0
286996651	286996646	1.0
286996655	286996646	1.0
286996658	286996646	2.0
286996659	286996646	2.0
604024562	286996646	3.0
276255277	286996646	3.0
276281617	286996646	2.0
276273759	286996646	1.0
276259433	286996646	2.0
276142746	286996646	3.0
359188534	286996646	4.0
276250917	286996646	2.0
276249034	286996646	4.0
276121947	286996646	4.0
276140799	286996646	4.0
276140800	286996646	4.0
276251584	286996646	2.0
276258163	286996646	3.0
294248636	294248636	0
562586513	294248636	3.0
286996651	294248636	2.0
286996655	294248636	1.0
286996658	294248636	2.0
286996659	294248636	1.0
604024562	294248636	3.0
276255277	294248636	3.0
276281617	294248636	0.0
276273759	294248636	2.0
276259433	294248636	3.0
276142746	294248636	2.0
359188534	294248636	3.0
276250917	294248636	1.0
276249034	294248636	4.0
276121947	294248636	3.0
276140799	294248636	3.0
276140800	294248636	3.0
276251584	294248636	2.0
276258163	294248636	2.0
562586513	562586513	0
286996651	562586513	4.0
286996655	562586513	4.0
286996658	562586513	4.0
286996659	562586513	3.0
604024562	562586513	0.0
276255277	562586513	3.0
276281617	562586513	3.0
276273759	562586513	3.0
276259433	562586513	3.0
276142746	562586513	2.0
359188534	562586513	2.0
276250917	562586513	3.0
276249034	562586513	4.0
276121947	562586513	2.0
276140799	562586513	2.0
276140800	562586513	2.0
276251584	562586513	3.0
276258163	562586513	3.0
286996651	286996651	0
286996655	286996651	0.0
286996658	286996651	1.0
286996659	286996651	1.0
604024562	286996651	3.0
276255277	286996651	4.0
276281617	286996651	2.0
276273759	286996651	2.0
276259433	286996651	3.0
276142746	286996651	3.0
359188534	286996651	4.0
276250917	286996651	2.0
276249034	286996651	4.0
276121947	286996651	4.0
276140799	286996651	3.0
276140800	286996651	3.0
276251584	286996651	3.0
276258163	286996651	3.0
286996655	286996655	0
286996658	286996655	1.0
286996659	286996655	0.0
604024562	286996655	3.0
276255277	286996655	4.0
276281617	286996655	1.0
276273759	286996655	2.0
276259433	286996655	3.0
276142746	286996655	3.0
359188534	286996655	3.0
276250917	286996655	2.0
276249034	286996655	4.0
276121947	286996655	4.0
276140799	286996655	3.0
276140800	286996655	3.0
276251584	286996655	3.0
276258163	286996655	3.0
286996658	286996658	0
286996659	286996658	0.0
604024562	286996658	3.0
276255277	286996658	4.0
276281617	286996658	2.0
276273759	286996658	2.0
276259433	286996658	3.0
276142746	286996658	3.0
359188534	286996658	3.0
276250917	286996658	3.0
276249034	286996658	4.0
276121947	286996658	4.0
276140799	286996658	4.0
276140800	286996658	4.0
276251584	286996658	3.0
276258163	286996658	3.0
286996659	286996659	0
604024562	286996659	3.0
276255277	286996659	4.0
276281617	286996659	1.0
276273759	286996659	2.0
276259433	286996659	3.0
276142746	286996659	3.0
359188534	286996659	3.0
276250917	286996659	2.0
276249034	286996659	4.0
276121947	286996659	4.0
276140799	286996659	3.0
276140800	286996659	3.0
276251584	286996659	2.0
276258163	286996659	3.0
604024562	604024562	0
276255277	604024562	3.0
276281617	604024562	3.0
276273759	604024562	3.0
276259433	604024562	3.0
276142746	604024562	2.0
359188534	604024562	2.0
276250917	604024562	2.0
276249034	604024562	4.0
276121947	604024562	3.0
276140799	604024562	3.0
276140800	604024562	3.0
276251584	604024562	3.0
276258163	604024562	3.0
276255277	276255277	0
276281617	276255277	3.0
276273759	276255277	4.0
276259433	276255277	3.0
276142746	276255277	4.0
359188534	276255277	4.0
276250917	276255277	3.0
276249034	276255277	2.0
276121947	276255277	3.0
276140799	276255277	3.0
276140800	276255277	3.0
276251584	276255277	2.0
276258163	276255277	2.0
276281617	276281617	0
276273759	276281617	2.0
276259433	276281617	3.0
276142746	276281617	2.0
359188534	276281617	3.0
276250917	276281617	1.0
276249034	276281617	4.0
276121947	276281617	3.0
276140799	276281617	3.0
276140800	276281617	3.0
276251584	276281617	2.0
276258163	276281617	2.0
276273759	276273759	0
276259433	276273759	3.0
276142746	276273759	3.0
359188534	276273759	4.0
276250917	276273759	2.0
276249034	276273759	4.0
276121947	276273759	4.0
276140799	276273759	3.0
276140800	276273759	3.0
276251584	276273759	3.0
276258163	276273759	3.0
276259433	276259433	0
276142746	276259433	3.0
359188534	276259433	4.0
276250917	276259433	2.0
276249034	276259433	3.0
276121947	276259433	3.0
276140799	276259433	3.0
276140800	276259433	3.0
276251584	276259433	2.0
276258163	276259433	2.0
276142746	276142746	0
359188534	276142746	2.0
276250917	276142746	2.0
276249034	276142746	4.0
276121947	276142746	3.0
276140799	276142746	3.0
276140800	276142746	3.0
276251584	276142746	3.0
276258163	276142746	3.0
359188534	359188534	0
276250917	359188534	3.0
276249034	359188534	4.0
276121947	359188534	3.0
276140799	359188534	3.0
276140800	359188534	3.0
276251584	359188534	3.0
276258163	359188534	3.0
276250917	276250917	0
276249034	276250917	3.0
276121947	276250917	3.0
276140799	276250917	3.0
276140800	276250917	3.0
276251584	276250917	1.0
276258163	276250917	2.0
276249034	276249034	0
276121947	276249034	3.0
276140799	276249034	3.0
276140800	276249034	3.0
276251584	276249034	3.0
276258163	276249034	3.0
276121947	276121947	0
276140799	276121947	2.0
276140800	276121947	2.0
276251584	276121947	3.0
276258163	276121947	3.0
276140799	276140799	0
276140800	276140799	0.0
276251584	276140799	3.0
276258163	276140799	3.0
276140800	276140800	0
276251584	276140800	3.0
276258163	276140800	3.0
276251584	276251584	0
276258163	276251584	0.0
276258163	276258163	0
