565081287	[-24,8.0,16.0]	40.82773251428572	-73.90850307142857	0.06315264424936774	0.5849225754703649	0.24529729338111883	0.001408849933019453	0.5935483870967743	0.1475382258935607
276016726	[15,-11.0,-4.0]	40.83372201666666	-73.90507578333334	0.06315264424936774	0.5849225754703649	0.24529729338111883	0.001408849933019453	0.5935483870967743	0.1475382258935607
276016730	[19,-13.0,-6.0]	40.83438706	-73.90472042000002	0.06315264424936774	0.5849225754703649	0.24529729338111883	0.001408849933019453	0.5935483870967743	0.1475382258935607
276017671	[11,-4.0,-7.0]	40.833654235714285	-73.90635952142857	0.06315264424936774	0.5849225754703649	0.24529729338111883	0.001408849933019453	0.5935483870967743	0.1475382258935607
276017672	[14,-7.0,-7.0]	40.83394558333334	-73.90578975	0.06315264424936774	0.5849225754703649	0.24529729338111883	0.001408849933019453	0.5935483870967743	0.1475382258935607
276017673	[16,-6.0,-10.0]	40.83439188333333	-73.90594399999999	0.06315264424936774	0.5849225754703649	0.24529729338111883	0.001408849933019453	0.5935483870967743	0.1475382258935607
276017674	[18,-9.0,-9.0]	40.834617980000004	-73.90543244	0.06315264424936774	0.5849225754703649	0.24529729338111883	0.001408849933019453	0.5935483870967743	0.1475382258935607
276017675	[21,-9.0,-12.0]	40.83516444615385	-73.9055069076923	0.06315264424936774	0.5849225754703649	0.24529729338111883	0.001408849933019453	0.5935483870967743	0.1475382258935607
395485031	[33,-6.0,-27.0]	40.837911608000006	-73.90588475599999	0.06315264424936774	0.5849225754703649	0.24529729338111883	0.001408849933019453	0.5935483870967743	0.1475382258935607
276016728	[18,-14.0,-4.0]	40.833947099999996	-73.90459046666666	0.06315264424936774	0.5849225754703649	0.24529729338111883	0.001408849933019453	0.5935483870967743	0.1475382258935607
413126759	[37,-18.0,-19.0]	40.837540000000004	-73.90385024	0.06315264424936774	0.5849225754703649	0.24529729338111883	0.001408849933019453	0.5935483870967743	0.1475382258935607
413126760	[34,-15.0,-19.0]	40.83718715384615	-73.90438726153846	0.06315264424936774	0.5849225754703649	0.24529729338111883	0.001408849933019453	0.5935483870967743	0.1475382258935607
413126761	[32,-16.0,-16.0]	40.83664794615384	-73.90427822307693	0.06315264424936774	0.5849225754703649	0.24529729338111883	0.001408849933019453	0.5935483870967743	0.1475382258935607
275322921	[-37,9.0,28.0]	40.82516084444444	-73.90858186666668	0.06315264424936774	0.5849225754703649	0.24529729338111883	0.001408849933019453	0.5935483870967743	0.1475382258935607
384891853	[-62,-7.0,69.0]	40.8183805	-73.90572408	0.06315264424936774	0.5849225754703649	0.24529729338111883	0.001408849933019453	0.5935483870967743	0.1475382258935607
384891855	[-61,-10.0,71.0]	40.81827592	-73.90522158	0.06315264424936774	0.5849225754703649	0.24529729338111883	0.001408849933019453	0.5935483870967743	0.1475382258935607
173623982	[-43,40.0,3.0]	40.82710949090909	-73.91413880000002	0.06315264424936774	0.5849225754703649	0.24529729338111883	0.001408849933019453	0.5935483870967743	0.1475382258935607
173623984	[-43,39.0,4.0]	40.82691763846154	-73.91389253846154	0.06315264424936774	0.5849225754703649	0.24529729338111883	0.001408849933019453	0.5935483870967743	0.1475382258935607
173623985	[-42,38.0,4.0]	40.827010930769234	-73.91380896923077	0.06315264424936774	0.5849225754703649	0.24529729338111883	0.001408849933019453	0.5935483870967743	0.1475382258935607
173623986	[-44,40.0,4.0]	40.82683416	-73.91418886	0.06315264424936774	0.5849225754703649	0.24529729338111883	0.001408849933019453	0.5935483870967743	0.1475382258935607
173623987	[-45,42.0,3.0]	40.82692	-73.91445447999999	0.06315264424936774	0.5849225754703649	0.24529729338111883	0.001408849933019453	0.5935483870967743	0.1475382258935607
584735656	[-11,-4.0,15.0]	40.829063239999996	-73.90627034	0.06315264424936774	0.5849225754703649	0.24529729338111883	0.001408849933019453	0.5935483870967743	0.1475382258935607
174497048	[47,-57.0,10.0]	40.835508780000005	-73.89683545	0.06315264424936774	0.5849225754703649	0.24529729338111883	0.001408849933019453	0.5935483870967743	0.1475382258935607
285711498	[49,-63.0,14.0]	40.83531620833333	-73.895882575	0.06315264424936774	0.5849225754703649	0.24529729338111883	0.001408849933019453	0.5935483870967743	0.1475382258935607
285711525	[40,-39.0,-1.0]	40.8359292125	-73.90015377499999	0.06315264424936774	0.5849225754703649	0.24529729338111883	0.001408849933019453	0.5935483870967743	0.1475382258935607
305208262	[28,-19.0,-9.0]	40.83550818	-73.90362688	0.06315264424936774	0.5849225754703649	0.24529729338111883	0.001408849933019453	0.5935483870967743	0.1475382258935607
275315254	[-45,-2.0,47.0]	40.82228293846153	-73.90671393076923	0.06315264424936774	0.5849225754703649	0.24529729338111883	0.001408849933019453	0.5935483870967743	0.1475382258935607
275319959	[-29,-8.0,37.0]	40.82507301176471	-73.90567441176472	0.06315264424936774	0.5849225754703649	0.24529729338111883	0.001408849933019453	0.5935483870967743	0.1475382258935607
275324173	[-47,59.0,-12.0]	40.82822538028168	-73.91754966478872	0.06315264424936774	0.5849225754703649	0.24529729338111883	0.001408849933019453	0.5935483870967743	0.1475382258935607
275341981	[-18,40.0,-22.0]	40.83217947352942	-73.91418012941178	0.06315264424936774	0.5849225754703649	0.24529729338111883	0.001408849933019453	0.5935483870967743	0.1475382258935607
275342907	[-28,59.0,-31.0]	40.8321153904762	-73.91749965238097	0.06315264424936774	0.5849225754703649	0.24529729338111883	0.001408849933019453	0.5935483870967743	0.1475382258935607
276015213	[26,-12.0,-14.0]	40.83596988181818	-73.90487673181818	0.06315264424936774	0.5849225754703649	0.24529729338111883	0.001408849933019453	0.5935483870967743	0.1475382258935607
276023909	[7,37.0,-44.0]	40.837006392307686	-73.9134938	0.06315264424936774	0.5849225754703649	0.24529729338111883	0.001408849933019453	0.5935483870967743	0.1475382258935607
275315129	[-37,-24.0,61.0]	40.8217443032258	-73.90284989677417	0.06315264424936774	0.5849225754703649	0.24529729338111883	0.001408849933019453	0.5935483870967743	0.1475382258935607
275333259	[4,-39.0,35.0]	40.828590948387095	-73.89999499032257	0.06315264424936774	0.5849225754703649	0.24529729338111883	0.001408849933019453	0.5935483870967743	0.1475382258935607
275333981	[10,-28.0,18.0]	40.830946340740745	-73.90214333703703	0.06315264424936774	0.5849225754703649	0.24529729338111883	0.001408849933019453	0.5935483870967743	0.1475382258935607
275333984	[-4,-16.0,20.0]	40.82934084705882	-73.90422037647059	0.06315264424936774	0.5849225754703649	0.24529729338111883	0.001408849933019453	0.5935483870967743	0.1475382258935607
314000601	[-22,-9.0,31.0]	40.82631162	-73.90533674000001	0.06315264424936774	0.5849225754703649	0.24529729338111883	0.001408849933019453	0.5935483870967743	0.1475382258935607
113724076	[15,28.0,-43.0]	40.837702039999996	-73.91196787999999	0.06315264424936774	0.5849225754703649	0.24529729338111883	0.001408849933019453	0.5935483870967743	0.1475382258935607
232491728	[15,35.0,-50.0]	40.83849402	-73.91322166	0.06315264424936774	0.5849225754703649	0.24529729338111883	0.001408849933019453	0.5935483870967743	0.1475382258935607
232494205	[-16,56.0,-40.0]	40.834300940000006	-73.91701794	0.06315264424936774	0.5849225754703649	0.24529729338111883	0.001408849933019453	0.5935483870967743	0.1475382258935607
275308108	[-47,-14.0,61.0]	40.82065641	-73.90461352	0.06315264424936774	0.5849225754703649	0.24529729338111883	0.001408849933019453	0.5935483870967743	0.1475382258935607
275333976	[12,-29.0,17.0]	40.831259073684215	-73.90178135263159	0.06315264424936774	0.5849225754703649	0.24529729338111883	0.001408849933019453	0.5935483870967743	0.1475382258935607
275331083	[-13,6.0,7.0]	40.829732158333336	-73.90811716666667	0.06315264424936774	0.5849225754703649	0.24529729338111883	0.001408849933019453	0.5935483870967743	0.1475382258935607
275342166	[-4,37.0,-33.0]	40.83467445714286	-73.91364109999999	0.06315264424936774	0.5849225754703649	0.24529729338111883	0.001408849933019453	0.5935483870967743	0.1475382258935607
275333221	[12,-36.0,24.0]	40.83056834	-73.90057184000001	0.06315264424936774	0.5849225754703649	0.24529729338111883	0.001408849933019453	0.5935483870967743	0.1475382258935607
275336176	[-14,26.0,-12.0]	40.83154931923077	-73.91163626923077	0.06315264424936774	0.5849225754703649	0.24529729338111883	0.001408849933019453	0.5935483870967743	0.1475382258935607
275334011	[9,-21.0,12.0]	40.83143221492538	-73.90330622238807	0.06315264424936774	0.5849225754703649	0.24529729338111883	0.001408849933019453	0.5935483870967743	0.1475382258935607
275308104	[-52,-8.0,60.0]	40.82033109166667	-73.90556657500001	0.06315264424936774	0.5849225754703649	0.24529729338111883	0.001408849933019453	0.5935483870967743	0.1475382258935607
275319884	[-39,4.0,35.0]	40.824158016666665	-73.90780625000001	0.06315264424936774	0.5849225754703649	0.24529729338111883	0.001408849933019453	0.5935483870967743	0.1475382258935607
275333093	[-2,-30.0,32.0]	40.828321716666665	-73.90171978333335	0.06315264424936774	0.5849225754703649	0.24529729338111883	0.001408849933019453	0.5935483870967743	0.1475382258935607
276012814	[14,-26.0,12.0]	40.832070362500005	-73.9024425625	0.06315264424936774	0.5849225754703649	0.24529729338111883	0.001408849933019453	0.5935483870967743	0.1475382258935607
276016738	[19,-22.0,3.0]	40.83339643333333	-73.90301279166665	0.06315264424936774	0.5849225754703649	0.24529729338111883	0.001408849933019453	0.5935483870967743	0.1475382258935607
565081287	565081287	0
276016726	565081287	2.0
276016730	565081287	3.0
276017671	565081287	3.0
276017672	565081287	2.0
276017673	565081287	3.0
276017674	565081287	3.0
276017675	565081287	3.0
395485031	565081287	3.0
276016728	565081287	3.0
413126759	565081287	3.0
413126760	565081287	4.0
413126761	565081287	3.0
275322921	565081287	2.0
384891853	565081287	3.0
384891855	565081287	4.0
173623982	565081287	2.0
173623984	565081287	2.0
173623985	565081287	2.0
173623986	565081287	2.0
173623987	565081287	2.0
584735656	565081287	2.0
174497048	565081287	4.0
285711498	565081287	4.0
285711525	565081287	4.0
305208262	565081287	3.0
275315254	565081287	3.0
275319959	565081287	2.0
275324173	565081287	3.0
275341981	565081287	3.0
275342907	565081287	3.0
276015213	565081287	4.0
276023909	565081287	4.0
275315129	565081287	3.0
275333259	565081287	3.0
275333981	565081287	3.0
275333984	565081287	3.0
314000601	565081287	3.0
113724076	565081287	4.0
232491728	565081287	4.0
232494205	565081287	3.0
275308108	565081287	3.0
275333976	565081287	3.0
275331083	565081287	3.0
275342166	565081287	4.0
275333221	565081287	3.0
275336176	565081287	3.0
275334011	565081287	3.0
275308104	565081287	3.0
275319884	565081287	2.0
275333093	565081287	3.0
276012814	565081287	3.0
276016738	565081287	3.0
276016726	276016726	0
276016730	276016726	3.0
276017671	276016726	1.0
276017672	276016726	0.0
276017673	276016726	1.0
276017674	276016726	0.0
276017675	276016726	1.0
395485031	276016726	2.0
276016728	276016726	2.0
413126759	276016726	2.0
413126760	276016726	2.0
413126761	276016726	1.0
275322921	276016726	3.0
384891853	276016726	4.0
384891855	276016726	4.0
173623982	276016726	3.0
173623984	276016726	3.0
173623985	276016726	3.0
173623986	276016726	3.0
173623987	276016726	3.0
584735656	276016726	2.0
174497048	276016726	3.0
285711498	276016726	3.0
285711525	276016726	3.0
305208262	276016726	2.0
275315254	276016726	4.0
275319959	276016726	3.0
275324173	276016726	4.0
275341981	276016726	3.0
275342907	276016726	3.0
276015213	276016726	3.0
276023909	276016726	3.0
275315129	276016726	4.0
275333259	276016726	3.0
275333981	276016726	2.0
275333984	276016726	2.0
314000601	276016726	3.0
113724076	276016726	3.0
232491728	276016726	3.0
232494205	276016726	3.0
275308108	276016726	4.0
275333976	276016726	2.0
275331083	276016726	2.0
275342166	276016726	3.0
275333221	276016726	3.0
275336176	276016726	3.0
275334011	276016726	2.0
275308104	276016726	4.0
275319884	276016726	3.0
275333093	276016726	3.0
276012814	276016726	3.0
276016738	276016726	3.0
276016730	276016730	0
276017671	276016730	2.0
276017672	276016730	3.0
276017673	276016730	2.0
276017674	276016730	3.0
276017675	276016730	1.0
395485031	276016730	2.0
276016728	276016730	0.0
413126759	276016730	2.0
413126760	276016730	3.0
413126761	276016730	1.0
275322921	276016730	3.0
384891853	276016730	4.0
384891855	276016730	4.0
173623982	276016730	3.0
173623984	276016730	3.0
173623985	276016730	3.0
173623986	276016730	3.0
173623987	276016730	3.0
584735656	276016730	2.0
174497048	276016730	3.0
285711498	276016730	3.0
285711525	276016730	2.0
305208262	276016730	1.0
275315254	276016730	4.0
275319959	276016730	3.0
275324173	276016730	4.0
275341981	276016730	3.0
275342907	276016730	4.0
276015213	276016730	3.0
276023909	276016730	4.0
275315129	276016730	4.0
275333259	276016730	3.0
275333981	276016730	2.0
275333984	276016730	2.0
314000601	276016730	3.0
113724076	276016730	4.0
232491728	276016730	4.0
232494205	276016730	4.0
275308108	276016730	4.0
275333976	276016730	2.0
275331083	276016730	3.0
275342166	276016730	3.0
275333221	276016730	2.0
275336176	276016730	3.0
275334011	276016730	2.0
275308104	276016730	4.0
275319884	276016730	3.0
275333093	276016730	3.0
276012814	276016730	2.0
276016738	276016730	2.0
276017671	276017671	0
276017672	276017671	1.0
276017673	276017671	0.0
276017674	276017671	1.0
276017675	276017671	0.0
395485031	276017671	3.0
276016728	276017671	1.0
413126759	276017671	2.0
413126760	276017671	2.0
413126761	276017671	2.0
275322921	276017671	3.0
384891853	276017671	4.0
384891855	276017671	4.0
173623982	276017671	3.0
173623984	276017671	3.0
173623985	276017671	3.0
173623986	276017671	3.0
173623987	276017671	3.0
584735656	276017671	3.0
174497048	276017671	3.0
285711498	276017671	3.0
285711525	276017671	2.0
305208262	276017671	2.0
275315254	276017671	4.0
275319959	276017671	3.0
275324173	276017671	3.0
275341981	276017671	3.0
275342907	276017671	3.0
276015213	276017671	3.0
276023909	276017671	4.0
275315129	276017671	4.0
275333259	276017671	3.0
275333981	276017671	2.0
275333984	276017671	2.0
314000601	276017671	3.0
113724076	276017671	4.0
232491728	276017671	4.0
232494205	276017671	4.0
275308108	276017671	4.0
275333976	276017671	2.0
275331083	276017671	2.0
275342166	276017671	3.0
275333221	276017671	2.0
275336176	276017671	3.0
275334011	276017671	2.0
275308104	276017671	4.0
275319884	276017671	3.0
275333093	276017671	3.0
276012814	276017671	2.0
276016738	276017671	3.0
276017672	276017672	0
276017673	276017672	1.0
276017674	276017672	0.0
276017675	276017672	1.0
395485031	276017672	2.0
276016728	276017672	2.0
413126759	276017672	2.0
413126760	276017672	2.0
413126761	276017672	1.0
275322921	276017672	3.0
384891853	276017672	4.0
384891855	276017672	4.0
173623982	276017672	3.0
173623984	276017672	3.0
173623985	276017672	3.0
173623986	276017672	3.0
173623987	276017672	3.0
584735656	276017672	2.0
174497048	276017672	3.0
285711498	276017672	3.0
285711525	276017672	3.0
305208262	276017672	2.0
275315254	276017672	4.0
275319959	276017672	3.0
275324173	276017672	4.0
275341981	276017672	3.0
275342907	276017672	3.0
276015213	276017672	3.0
276023909	276017672	3.0
275315129	276017672	4.0
275333259	276017672	3.0
275333981	276017672	2.0
275333984	276017672	2.0
314000601	276017672	3.0
113724076	276017672	3.0
232491728	276017672	3.0
232494205	276017672	3.0
275308108	276017672	4.0
275333976	276017672	2.0
275331083	276017672	2.0
275342166	276017672	3.0
275333221	276017672	3.0
275336176	276017672	3.0
275334011	276017672	2.0
275308104	276017672	4.0
275319884	276017672	3.0
275333093	276017672	3.0
276012814	276017672	3.0
276016738	276017672	3.0
276017673	276017673	0
276017674	276017673	1.0
276017675	276017673	0.0
395485031	276017673	3.0
276016728	276017673	2.0
413126759	276017673	2.0
413126760	276017673	1.0
413126761	276017673	2.0
275322921	276017673	3.0
384891853	276017673	4.0
384891855	276017673	4.0
173623982	276017673	4.0
173623984	276017673	4.0
173623985	276017673	4.0
173623986	276017673	3.0
173623987	276017673	3.0
584735656	276017673	3.0
174497048	276017673	3.0
285711498	276017673	3.0
285711525	276017673	2.0
305208262	276017673	1.0
275315254	276017673	4.0
275319959	276017673	3.0
275324173	276017673	3.0
275341981	276017673	3.0
275342907	276017673	3.0
276015213	276017673	2.0
276023909	276017673	4.0
275315129	276017673	4.0
275333259	276017673	3.0
275333981	276017673	3.0
275333984	276017673	3.0
314000601	276017673	3.0
113724076	276017673	3.0
232491728	276017673	4.0
232494205	276017673	4.0
275308108	276017673	4.0
275333976	276017673	2.0
275331083	276017673	2.0
275342166	276017673	3.0
275333221	276017673	3.0
275336176	276017673	3.0
275334011	276017673	2.0
275308104	276017673	4.0
275319884	276017673	3.0
275333093	276017673	3.0
276012814	276017673	2.0
276016738	276017673	3.0
276017674	276017674	0
276017675	276017674	1.0
395485031	276017674	2.0
276016728	276017674	3.0
413126759	276017674	2.0
413126760	276017674	2.0
413126761	276017674	1.0
275322921	276017674	3.0
384891853	276017674	4.0
384891855	276017674	4.0
173623982	276017674	3.0
173623984	276017674	3.0
173623985	276017674	3.0
173623986	276017674	3.0
173623987	276017674	3.0
584735656	276017674	2.0
174497048	276017674	3.0
285711498	276017674	3.0
285711525	276017674	3.0
305208262	276017674	2.0
275315254	276017674	4.0
275319959	276017674	3.0
275324173	276017674	4.0
275341981	276017674	3.0
275342907	276017674	4.0
276015213	276017674	2.0
276023909	276017674	3.0
275315129	276017674	4.0
275333259	276017674	3.0
275333981	276017674	3.0
275333984	276017674	3.0
314000601	276017674	4.0
113724076	276017674	3.0
232491728	276017674	3.0
232494205	276017674	3.0
275308108	276017674	4.0
275333976	276017674	3.0
275331083	276017674	2.0
275342166	276017674	3.0
275333221	276017674	3.0
275336176	276017674	3.0
275334011	276017674	2.0
275308104	276017674	4.0
275319884	276017674	3.0
275333093	276017674	3.0
276012814	276017674	3.0
276016738	276017674	3.0
276017675	276017675	0
395485031	276017675	3.0
276016728	276017675	2.0
413126759	276017675	1.0
413126760	276017675	1.0
413126761	276017675	2.0
275322921	276017675	3.0
384891853	276017675	4.0
384891855	276017675	4.0
173623982	276017675	4.0
173623984	276017675	4.0
173623985	276017675	4.0
173623986	276017675	4.0
173623987	276017675	4.0
584735656	276017675	3.0
174497048	276017675	3.0
285711498	276017675	3.0
285711525	276017675	2.0
305208262	276017675	1.0
275315254	276017675	4.0
275319959	276017675	4.0
275324173	276017675	4.0
275341981	276017675	3.0
275342907	276017675	3.0
276015213	276017675	2.0
276023909	276017675	4.0
275315129	276017675	4.0
275333259	276017675	3.0
275333981	276017675	3.0
275333984	276017675	3.0
314000601	276017675	3.0
113724076	276017675	3.0
232491728	276017675	4.0
232494205	276017675	4.0
275308108	276017675	4.0
275333976	276017675	3.0
275331083	276017675	2.0
275342166	276017675	3.0
275333221	276017675	3.0
275336176	276017675	3.0
275334011	276017675	2.0
275308104	276017675	4.0
275319884	276017675	3.0
275333093	276017675	3.0
276012814	276017675	2.0
276016738	276017675	3.0
395485031	395485031	0
276016728	395485031	2.0
413126759	395485031	2.0
413126760	395485031	2.0
413126761	395485031	2.0
275322921	395485031	4.0
384891853	395485031	4.0
384891855	395485031	4.0
173623982	395485031	3.0
173623984	395485031	3.0
173623985	395485031	3.0
173623986	395485031	3.0
173623987	395485031	3.0
584735656	395485031	3.0
174497048	395485031	3.0
285711498	395485031	3.0
285711525	395485031	3.0
305208262	395485031	2.0
275315254	395485031	4.0
275319959	395485031	4.0
275324173	395485031	4.0
275341981	395485031	3.0
275342907	395485031	4.0
276015213	395485031	2.0
276023909	395485031	3.0
275315129	395485031	4.0
275333259	395485031	4.0
275333981	395485031	3.0
275333984	395485031	3.0
314000601	395485031	4.0
113724076	395485031	2.0
232491728	395485031	2.0
232494205	395485031	4.0
275308108	395485031	4.0
275333976	395485031	3.0
275331083	395485031	3.0
275342166	395485031	3.0
275333221	395485031	3.0
275336176	395485031	3.0
275334011	395485031	3.0
275308104	395485031	4.0
275319884	395485031	4.0
275333093	395485031	4.0
276012814	395485031	3.0
276016738	395485031	3.0
276016728	276016728	0
413126759	276016728	2.0
413126760	276016728	3.0
413126761	276016728	1.0
275322921	276016728	3.0
384891853	276016728	4.0
384891855	276016728	4.0
173623982	276016728	3.0
173623984	276016728	3.0
173623985	276016728	3.0
173623986	276016728	3.0
173623987	276016728	3.0
584735656	276016728	2.0
174497048	276016728	3.0
285711498	276016728	3.0
285711525	276016728	2.0
305208262	276016728	1.0
275315254	276016728	3.0
275319959	276016728	3.0
275324173	276016728	4.0
275341981	276016728	3.0
275342907	276016728	4.0
276015213	276016728	3.0
276023909	276016728	4.0
275315129	276016728	4.0
275333259	276016728	3.0
275333981	276016728	2.0
275333984	276016728	2.0
314000601	276016728	3.0
113724076	276016728	4.0
232491728	276016728	4.0
232494205	276016728	4.0
275308108	276016728	4.0
275333976	276016728	2.0
275331083	276016728	2.0
275342166	276016728	3.0
275333221	276016728	2.0
275336176	276016728	3.0
275334011	276016728	1.0
275308104	276016728	4.0
275319884	276016728	3.0
275333093	276016728	3.0
276012814	276016728	1.0
276016738	276016728	2.0
413126759	413126759	0
413126760	413126759	1.0
413126761	413126759	0.0
275322921	413126759	4.0
384891853	413126759	4.0
384891855	413126759	4.0
173623982	413126759	4.0
173623984	413126759	4.0
173623985	413126759	4.0
173623986	413126759	4.0
173623987	413126759	4.0
584735656	413126759	3.0
174497048	413126759	2.0
285711498	413126759	3.0
285711525	413126759	2.0
305208262	413126759	2.0
275315254	413126759	4.0
275319959	413126759	4.0
275324173	413126759	4.0
275341981	413126759	3.0
275342907	413126759	4.0
276015213	413126759	1.0
276023909	413126759	4.0
275315129	413126759	4.0
275333259	413126759	4.0
275333981	413126759	3.0
275333984	413126759	3.0
314000601	413126759	4.0
113724076	413126759	3.0
232491728	413126759	3.0
232494205	413126759	4.0
275308108	413126759	4.0
275333976	413126759	3.0
275331083	413126759	3.0
275342166	413126759	4.0
275333221	413126759	3.0
275336176	413126759	4.0
275334011	413126759	3.0
275308104	413126759	4.0
275319884	413126759	4.0
275333093	413126759	4.0
276012814	413126759	3.0
276016738	413126759	3.0
413126760	413126760	0
413126761	413126760	1.0
275322921	413126760	4.0
384891853	413126760	4.0
384891855	413126760	5.0
173623982	413126760	4.0
173623984	413126760	4.0
173623985	413126760	4.0
173623986	413126760	4.0
173623987	413126760	4.0
584735656	413126760	3.0
174497048	413126760	3.0
285711498	413126760	3.0
285711525	413126760	3.0
305208262	413126760	2.0
275315254	413126760	4.0
275319959	413126760	4.0
275324173	413126760	4.0
275341981	413126760	3.0
275342907	413126760	4.0
276015213	413126760	0.0
276023909	413126760	3.0
275315129	413126760	4.0
275333259	413126760	3.0
275333981	413126760	3.0
275333984	413126760	3.0
314000601	413126760	4.0
113724076	413126760	3.0
232491728	413126760	3.0
232494205	413126760	4.0
275308108	413126760	4.0
275333976	413126760	3.0
275331083	413126760	3.0
275342166	413126760	4.0
275333221	413126760	3.0
275336176	413126760	3.0
275334011	413126760	3.0
275308104	413126760	4.0
275319884	413126760	4.0
275333093	413126760	3.0
276012814	413126760	3.0
276016738	413126760	3.0
413126761	413126761	0
275322921	413126761	3.0
384891853	413126761	4.0
384891855	413126761	4.0
173623982	413126761	4.0
173623984	413126761	4.0
173623985	413126761	4.0
173623986	413126761	4.0
173623987	413126761	4.0
584735656	413126761	3.0
174497048	413126761	3.0
285711498	413126761	3.0
285711525	413126761	2.0
305208262	413126761	1.0
275315254	413126761	4.0
275319959	413126761	4.0
275324173	413126761	4.0
275341981	413126761	4.0
275342907	413126761	4.0
276015213	413126761	0.0
276023909	413126761	3.0
275315129	413126761	4.0
275333259	413126761	4.0
275333981	413126761	3.0
275333984	413126761	3.0
314000601	413126761	4.0
113724076	413126761	3.0
232491728	413126761	3.0
232494205	413126761	4.0
275308108	413126761	4.0
275333976	413126761	3.0
275331083	413126761	3.0
275342166	413126761	4.0
275333221	413126761	3.0
275336176	413126761	3.0
275334011	413126761	3.0
275308104	413126761	4.0
275319884	413126761	4.0
275333093	413126761	3.0
276012814	413126761	3.0
276016738	413126761	3.0
275322921	275322921	0
384891853	275322921	3.0
384891855	275322921	3.0
173623982	275322921	3.0
173623984	275322921	3.0
173623985	275322921	3.0
173623986	275322921	3.0
173623987	275322921	3.0
584735656	275322921	2.0
174497048	275322921	4.0
285711498	275322921	4.0
285711525	275322921	3.0
305208262	275322921	3.0
275315254	275322921	2.0
275319959	275322921	1.0
275324173	275322921	3.0
275341981	275322921	3.0
275342907	275322921	3.0
276015213	275322921	4.0
276023909	275322921	4.0
275315129	275322921	3.0
275333259	275322921	3.0
275333981	275322921	3.0
275333984	275322921	2.0
314000601	275322921	2.0
113724076	275322921	4.0
232491728	275322921	4.0
232494205	275322921	4.0
275308108	275322921	3.0
275333976	275322921	3.0
275331083	275322921	2.0
275342166	275322921	4.0
275333221	275322921	3.0
275336176	275322921	3.0
275334011	275322921	3.0
275308104	275322921	3.0
275319884	275322921	1.0
275333093	275322921	3.0
276012814	275322921	3.0
276016738	275322921	3.0
384891853	384891853	0
384891855	384891853	0.0
173623982	384891853	4.0
173623984	384891853	4.0
173623985	384891853	4.0
173623986	384891853	4.0
173623987	384891853	4.0
584735656	384891853	4.0
174497048	384891853	4.0
285711498	384891853	4.0
285711525	384891853	4.0
305208262	384891853	4.0
275315254	384891853	2.0
275319959	384891853	3.0
275324173	384891853	4.0
275341981	384891853	4.0
275342907	384891853	4.0
276015213	384891853	4.0
276023909	384891853	5.0
275315129	384891853	2.0
275333259	384891853	3.0
275333981	384891853	4.0
275333984	384891853	4.0
314000601	384891853	3.0
113724076	384891853	5.0
232491728	384891853	5.0
232494205	384891853	4.0
275308108	384891853	1.0
275333976	384891853	4.0
275331083	384891853	4.0
275342166	384891853	4.0
275333221	384891853	4.0
275336176	384891853	4.0
275334011	384891853	4.0
275308104	384891853	1.0
275319884	384891853	3.0
275333093	384891853	4.0
276012814	384891853	4.0
276016738	384891853	4.0
384891855	384891855	0
173623982	384891855	4.0
173623984	384891855	4.0
173623985	384891855	4.0
173623986	384891855	4.0
173623987	384891855	4.0
584735656	384891855	4.0
174497048	384891855	4.0
285711498	384891855	4.0
285711525	384891855	4.0
305208262	384891855	4.0
275315254	384891855	2.0
275319959	384891855	3.0
275324173	384891855	4.0
275341981	384891855	4.0
275342907	384891855	4.0
276015213	384891855	5.0
276023909	384891855	5.0
275315129	384891855	2.0
275333259	384891855	3.0
275333981	384891855	4.0
275333984	384891855	4.0
314000601	384891855	3.0
113724076	384891855	5.0
232491728	384891855	5.0
232494205	384891855	4.0
275308108	384891855	1.0
275333976	384891855	4.0
275331083	384891855	4.0
275342166	384891855	4.0
275333221	384891855	4.0
275336176	384891855	4.0
275334011	384891855	4.0
275308104	384891855	1.0
275319884	384891855	3.0
275333093	384891855	3.0
276012814	384891855	4.0
276016738	384891855	4.0
173623982	173623982	0
173623984	173623982	0.0
173623985	173623982	0.0
173623986	173623982	0.0
173623987	173623982	0.0
584735656	173623982	3.0
174497048	173623982	4.0
285711498	173623982	4.0
285711525	173623982	4.0
305208262	173623982	4.0
275315254	173623982	3.0
275319959	173623982	3.0
275324173	173623982	2.0
275341981	173623982	3.0
275342907	173623982	3.0
276015213	173623982	4.0
276023909	173623982	4.0
275315129	173623982	3.0
275333259	173623982	4.0
275333981	173623982	3.0
275333984	173623982	3.0
314000601	173623982	3.0
113724076	173623982	4.0
232491728	173623982	4.0
232494205	173623982	3.0
275308108	173623982	3.0
275333976	173623982	4.0
275331083	173623982	2.0
275342166	173623982	3.0
275333221	173623982	4.0
275336176	173623982	2.0
275334011	173623982	3.0
275308104	173623982	3.0
275319884	173623982	3.0
275333093	173623982	4.0
276012814	173623982	3.0
276016738	173623982	4.0
173623984	173623984	0
173623985	173623984	0.0
173623986	173623984	0.0
173623987	173623984	0.0
584735656	173623984	3.0
174497048	173623984	4.0
285711498	173623984	4.0
285711525	173623984	4.0
305208262	173623984	4.0
275315254	173623984	3.0
275319959	173623984	3.0
275324173	173623984	2.0
275341981	173623984	3.0
275342907	173623984	3.0
276015213	173623984	4.0
276023909	173623984	4.0
275315129	173623984	3.0
275333259	173623984	4.0
275333981	173623984	3.0
275333984	173623984	3.0
314000601	173623984	3.0
113724076	173623984	4.0
232491728	173623984	4.0
232494205	173623984	3.0
275308108	173623984	3.0
275333976	173623984	4.0
275331083	173623984	2.0
275342166	173623984	3.0
275333221	173623984	4.0
275336176	173623984	2.0
275334011	173623984	3.0
275308104	173623984	3.0
275319884	173623984	3.0
275333093	173623984	4.0
276012814	173623984	3.0
276016738	173623984	4.0
173623985	173623985	0
173623986	173623985	0.0
173623987	173623985	0.0
584735656	173623985	3.0
174497048	173623985	4.0
285711498	173623985	4.0
285711525	173623985	4.0
305208262	173623985	4.0
275315254	173623985	3.0
275319959	173623985	3.0
275324173	173623985	2.0
275341981	173623985	3.0
275342907	173623985	3.0
276015213	173623985	4.0
276023909	173623985	4.0
275315129	173623985	3.0
275333259	173623985	4.0
275333981	173623985	3.0
275333984	173623985	3.0
314000601	173623985	3.0
113724076	173623985	4.0
232491728	173623985	4.0
232494205	173623985	3.0
275308108	173623985	3.0
275333976	173623985	4.0
275331083	173623985	2.0
275342166	173623985	3.0
275333221	173623985	4.0
275336176	173623985	3.0
275334011	173623985	3.0
275308104	173623985	3.0
275319884	173623985	3.0
275333093	173623985	4.0
276012814	173623985	3.0
276016738	173623985	4.0
173623986	173623986	0
173623987	173623986	0.0
584735656	173623986	3.0
174497048	173623986	4.0
285711498	173623986	4.0
285711525	173623986	4.0
305208262	173623986	4.0
275315254	173623986	3.0
275319959	173623986	3.0
275324173	173623986	2.0
275341981	173623986	3.0
275342907	173623986	3.0
276015213	173623986	4.0
276023909	173623986	4.0
275315129	173623986	4.0
275333259	173623986	4.0
275333981	173623986	3.0
275333984	173623986	3.0
314000601	173623986	3.0
113724076	173623986	4.0
232491728	173623986	4.0
232494205	173623986	3.0
275308108	173623986	3.0
275333976	173623986	4.0
275331083	173623986	3.0
275342166	173623986	3.0
275333221	173623986	4.0
275336176	173623986	2.0
275334011	173623986	3.0
275308104	173623986	3.0
275319884	173623986	3.0
275333093	173623986	4.0
276012814	173623986	3.0
276016738	173623986	4.0
173623987	173623987	0
584735656	173623987	3.0
174497048	173623987	4.0
285711498	173623987	4.0
285711525	173623987	4.0
305208262	173623987	4.0
275315254	173623987	3.0
275319959	173623987	3.0
275324173	173623987	2.0
275341981	173623987	3.0
275342907	173623987	3.0
276015213	173623987	4.0
276023909	173623987	4.0
275315129	173623987	4.0
275333259	173623987	4.0
275333981	173623987	3.0
275333984	173623987	3.0
314000601	173623987	3.0
113724076	173623987	4.0
232491728	173623987	4.0
232494205	173623987	3.0
275308108	173623987	3.0
275333976	173623987	4.0
275331083	173623987	3.0
275342166	173623987	3.0
275333221	173623987	4.0
275336176	173623987	2.0
275334011	173623987	3.0
275308104	173623987	3.0
275319884	173623987	3.0
275333093	173623987	4.0
276012814	173623987	3.0
276016738	173623987	4.0
584735656	584735656	0
174497048	584735656	3.0
285711498	584735656	3.0
285711525	584735656	3.0
305208262	584735656	3.0
275315254	584735656	3.0
275319959	584735656	3.0
275324173	584735656	3.0
275341981	584735656	3.0
275342907	584735656	3.0
276015213	584735656	3.0
276023909	584735656	4.0
275315129	584735656	3.0
275333259	584735656	3.0
275333981	584735656	2.0
275333984	584735656	0.0
314000601	584735656	3.0
113724076	584735656	4.0
232491728	584735656	4.0
232494205	584735656	4.0
275308108	584735656	3.0
275333976	584735656	2.0
275331083	584735656	2.0
275342166	584735656	3.0
275333221	584735656	2.0
275336176	584735656	3.0
275334011	584735656	1.0
275308104	584735656	3.0
275319884	584735656	2.0
275333093	584735656	3.0
276012814	584735656	2.0
276016738	584735656	2.0
174497048	174497048	0
285711498	174497048	1.0
285711525	174497048	2.0
305208262	174497048	3.0
275315254	174497048	4.0
275319959	174497048	3.0
275324173	174497048	4.0
275341981	174497048	4.0
275342907	174497048	4.0
276015213	174497048	3.0
276023909	174497048	4.0
275315129	174497048	4.0
275333259	174497048	3.0
275333981	174497048	3.0
275333984	174497048	3.0
314000601	174497048	3.0
113724076	174497048	4.0
232491728	174497048	4.0
232494205	174497048	4.0
275308108	174497048	4.0
275333976	174497048	2.0
275331083	174497048	4.0
275342166	174497048	4.0
275333221	174497048	2.0
275336176	174497048	4.0
275334011	174497048	3.0
275308104	174497048	4.0
275319884	174497048	4.0
275333093	174497048	3.0
276012814	174497048	3.0
276016738	174497048	3.0
285711498	285711498	0
285711525	285711498	2.0
305208262	285711498	3.0
275315254	285711498	4.0
275319959	285711498	4.0
275324173	285711498	4.0
275341981	285711498	4.0
275342907	285711498	4.0
276015213	285711498	3.0
276023909	285711498	4.0
275315129	285711498	4.0
275333259	285711498	3.0
275333981	285711498	3.0
275333984	285711498	3.0
314000601	285711498	3.0
113724076	285711498	4.0
232491728	285711498	4.0
232494205	285711498	4.0
275308108	285711498	4.0
275333976	285711498	3.0
275331083	285711498	4.0
275342166	285711498	4.0
275333221	285711498	2.0
275336176	285711498	4.0
275334011	285711498	3.0
275308104	285711498	4.0
275319884	285711498	4.0
275333093	285711498	3.0
276012814	285711498	3.0
276016738	285711498	3.0
285711525	285711525	0
305208262	285711525	2.0
275315254	285711525	4.0
275319959	285711525	4.0
275324173	285711525	4.0
275341981	285711525	4.0
275342907	285711525	4.0
276015213	285711525	3.0
276023909	285711525	4.0
275315129	285711525	4.0
275333259	285711525	3.0
275333981	285711525	2.0
275333984	285711525	3.0
314000601	285711525	4.0
113724076	285711525	3.0
232491728	285711525	4.0
232494205	285711525	4.0
275308108	285711525	4.0
275333976	285711525	2.0
275331083	285711525	3.0
275342166	285711525	4.0
275333221	285711525	3.0
275336176	285711525	4.0
275334011	285711525	2.0
275308104	285711525	4.0
275319884	285711525	4.0
275333093	285711525	3.0
276012814	285711525	2.0
276016738	285711525	1.0
305208262	305208262	0
275315254	305208262	4.0
275319959	305208262	4.0
275324173	305208262	4.0
275341981	305208262	3.0
275342907	305208262	4.0
276015213	305208262	2.0
276023909	305208262	3.0
275315129	305208262	4.0
275333259	305208262	3.0
275333981	305208262	3.0
275333984	305208262	3.0
314000601	305208262	4.0
113724076	305208262	3.0
232491728	305208262	3.0
232494205	305208262	4.0
275308108	305208262	4.0
275333976	305208262	3.0
275331083	305208262	3.0
275342166	305208262	4.0
275333221	305208262	3.0
275336176	305208262	3.0
275334011	305208262	3.0
275308104	305208262	4.0
275319884	305208262	3.0
275333093	305208262	3.0
276012814	305208262	3.0
276016738	305208262	3.0
275315254	275315254	0
275319959	275315254	2.0
275324173	275315254	3.0
275341981	275315254	4.0
275342907	275315254	4.0
276015213	275315254	4.0
276023909	275315254	4.0
275315129	275315254	2.0
275333259	275315254	3.0
275333981	275315254	3.0
275333984	275315254	3.0
314000601	275315254	3.0
113724076	275315254	4.0
232491728	275315254	4.0
232494205	275315254	4.0
275308108	275315254	2.0
275333976	275315254	3.0
275331083	275315254	3.0
275342166	275315254	4.0
275333221	275315254	3.0
275336176	275315254	4.0
275334011	275315254	4.0
275308104	275315254	1.0
275319884	275315254	1.0
275333093	275315254	3.0
276012814	275315254	4.0
276016738	275315254	4.0
275319959	275319959	0
275324173	275319959	3.0
275341981	275319959	4.0
275342907	275319959	4.0
276015213	275319959	4.0
276023909	275319959	4.0
275315129	275319959	3.0
275333259	275319959	3.0
275333981	275319959	3.0
275333984	275319959	2.0
314000601	275319959	0.0
113724076	275319959	4.0
232491728	275319959	4.0
232494205	275319959	4.0
275308108	275319959	2.0
275333976	275319959	3.0
275331083	275319959	3.0
275342166	275319959	4.0
275333221	275319959	2.0
275336176	275319959	3.0
275334011	275319959	3.0
275308104	275319959	3.0
275319884	275319959	1.0
275333093	275319959	3.0
276012814	275319959	3.0
276016738	275319959	3.0
275324173	275324173	0
275341981	275324173	2.0
275342907	275324173	2.0
276015213	275324173	4.0
276023909	275324173	3.0
275315129	275324173	4.0
275333259	275324173	4.0
275333981	275324173	4.0
275333984	275324173	3.0
314000601	275324173	4.0
113724076	275324173	4.0
232491728	275324173	4.0
232494205	275324173	3.0
275308108	275324173	4.0
275333976	275324173	4.0
275331083	275324173	3.0
275342166	275324173	3.0
275333221	275324173	4.0
275336176	275324173	2.0
275334011	275324173	4.0
275308104	275324173	4.0
275319884	275324173	3.0
275333093	275324173	4.0
276012814	275324173	4.0
276016738	275324173	4.0
275341981	275341981	0
275342907	275341981	2.0
276015213	275341981	4.0
276023909	275341981	2.0
275315129	275341981	4.0
275333259	275341981	4.0
275333981	275341981	3.0
275333984	275341981	3.0
314000601	275341981	4.0
113724076	275341981	3.0
232491728	275341981	3.0
232494205	275341981	2.0
275308108	275341981	4.0
275333976	275341981	3.0
275331083	275341981	3.0
275342166	275341981	2.0
275333221	275341981	3.0
275336176	275341981	1.0
275334011	275341981	3.0
275308104	275341981	4.0
275319884	275341981	3.0
275333093	275341981	4.0
276012814	275341981	3.0
276016738	275341981	3.0
275342907	275342907	0
276015213	275342907	4.0
276023909	275342907	3.0
275315129	275342907	4.0
275333259	275342907	4.0
275333981	275342907	4.0
275333984	275342907	4.0
314000601	275342907	4.0
113724076	275342907	3.0
232491728	275342907	3.0
232494205	275342907	2.0
275308108	275342907	4.0
275333976	275342907	4.0
275331083	275342907	3.0
275342166	275342907	2.0
275333221	275342907	4.0
275336176	275342907	2.0
275334011	275342907	4.0
275308104	275342907	4.0
275319884	275342907	3.0
275333093	275342907	4.0
276012814	275342907	4.0
276016738	275342907	4.0
276015213	276015213	0
276023909	276015213	3.0
275315129	276015213	4.0
275333259	276015213	4.0
275333981	276015213	3.0
275333984	276015213	4.0
314000601	276015213	4.0
113724076	276015213	3.0
232491728	276015213	3.0
232494205	276015213	4.0
275308108	276015213	4.0
275333976	276015213	4.0
275331083	276015213	4.0
275342166	276015213	4.0
275333221	276015213	4.0
275336176	276015213	4.0
275334011	276015213	3.0
275308104	276015213	4.0
275319884	276015213	4.0
275333093	276015213	4.0
276012814	276015213	3.0
276016738	276015213	3.0
276023909	276023909	0
275315129	276023909	4.0
275333259	276023909	4.0
275333981	276023909	4.0
275333984	276023909	4.0
314000601	276023909	4.0
113724076	276023909	1.0
232491728	276023909	2.0
232494205	276023909	3.0
275308108	276023909	4.0
275333976	276023909	4.0
275331083	276023909	3.0
275342166	276023909	2.0
275333221	276023909	4.0
275336176	276023909	3.0
275334011	276023909	4.0
275308104	276023909	4.0
275319884	276023909	4.0
275333093	276023909	4.0
276012814	276023909	4.0
276016738	276023909	4.0
275315129	275315129	0
275333259	275315129	3.0
275333981	275315129	4.0
275333984	275315129	4.0
314000601	275315129	3.0
113724076	275315129	5.0
232491728	275315129	5.0
232494205	275315129	4.0
275308108	275315129	2.0
275333976	275315129	4.0
275331083	275315129	4.0
275342166	275315129	4.0
275333221	275315129	3.0
275336176	275315129	4.0
275334011	275315129	4.0
275308104	275315129	2.0
275319884	275315129	2.0
275333093	275315129	3.0
276012814	275315129	4.0
276016738	275315129	4.0
275333259	275333259	0
275333981	275333259	2.0
275333984	275333259	3.0
314000601	275333259	2.0
113724076	275333259	4.0
232491728	275333259	4.0
232494205	275333259	4.0
275308108	275333259	3.0
275333976	275333259	2.0
275331083	275333259	3.0
275342166	275333259	4.0
275333221	275333259	2.0
275336176	275333259	4.0
275334011	275333259	3.0
275308104	275333259	3.0
275319884	275333259	3.0
275333093	275333259	2.0
276012814	275333259	2.0
276016738	275333259	2.0
275333981	275333981	0
275333984	275333981	1.0
314000601	275333981	2.0
113724076	275333981	4.0
232491728	275333981	4.0
232494205	275333981	4.0
275308108	275333981	4.0
275333976	275333981	0.0
275331083	275333981	2.0
275342166	275333981	3.0
275333221	275333981	1.0
275336176	275333981	3.0
275334011	275333981	1.0
275308104	275333981	4.0
275319884	275333981	3.0
275333093	275333981	2.0
276012814	275333981	0.0
276016738	275333981	1.0
275333984	275333984	0
314000601	275333984	2.0
113724076	275333984	4.0
232491728	275333984	4.0
232494205	275333984	4.0
275308108	275333984	3.0
275333976	275333984	1.0
275331083	275333984	2.0
275342166	275333984	3.0
275333221	275333984	2.0
275336176	275333984	3.0
275334011	275333984	1.0
275308104	275333984	4.0
275319884	275333984	3.0
275333093	275333984	2.0
276012814	275333984	1.0
276016738	275333984	2.0
314000601	314000601	0
113724076	314000601	4.0
232491728	314000601	4.0
232494205	314000601	4.0
275308108	314000601	3.0
275333976	314000601	2.0
275331083	314000601	3.0
275342166	314000601	4.0
275333221	314000601	2.0
275336176	314000601	4.0
275334011	314000601	3.0
275308104	314000601	3.0
275319884	314000601	2.0
275333093	314000601	3.0
276012814	314000601	3.0
276016738	314000601	3.0
113724076	113724076	0
232491728	113724076	1.0
232494205	113724076	3.0
275308108	113724076	4.0
275333976	113724076	4.0
275331083	113724076	4.0
275342166	113724076	2.0
275333221	113724076	4.0
275336176	113724076	3.0
275334011	113724076	4.0
275308104	113724076	5.0
275319884	113724076	4.0
275333093	113724076	4.0
276012814	113724076	4.0
276016738	113724076	4.0
232491728	232491728	0
232494205	232491728	3.0
275308108	232491728	5.0
275333976	232491728	4.0
275331083	232491728	4.0
275342166	232491728	2.0
275333221	232491728	4.0
275336176	232491728	3.0
275334011	232491728	4.0
275308104	232491728	5.0
275319884	232491728	4.0
275333093	232491728	4.0
276012814	232491728	4.0
276016738	232491728	4.0
232494205	232494205	0
275308108	232494205	4.0
275333976	232494205	4.0
275331083	232494205	3.0
275342166	232494205	1.0
275333221	232494205	4.0
275336176	232494205	2.0
275334011	232494205	4.0
275308104	232494205	4.0
275319884	232494205	4.0
275333093	232494205	4.0
276012814	232494205	4.0
276016738	232494205	4.0
275308108	275308108	0
275333976	275308108	4.0
275331083	275308108	3.0
275342166	275308108	4.0
275333221	275308108	4.0
275336176	275308108	4.0
275334011	275308108	4.0
275308104	275308108	0.0
275319884	275308108	2.0
275333093	275308108	3.0
276012814	275308108	4.0
276016738	275308108	4.0
275333976	275333976	0
275331083	275333976	3.0
275342166	275333976	4.0
275333221	275333976	1.0
275336176	275333976	3.0
275334011	275333976	2.0
275308104	275333976	4.0
275319884	275333976	3.0
275333093	275333976	2.0
276012814	275333976	0.0
276016738	275333976	2.0
275331083	275331083	0
275342166	275331083	3.0
275333221	275331083	3.0
275336176	275331083	2.0
275334011	275331083	2.0
275308104	275331083	4.0
275319884	275331083	3.0
275333093	275331083	3.0
276012814	275331083	3.0
276016738	275331083	3.0
275342166	275342166	0
275333221	275342166	4.0
275336176	275342166	2.0
275334011	275342166	3.0
275308104	275342166	4.0
275319884	275342166	4.0
275333093	275342166	4.0
276012814	275342166	3.0
276016738	275342166	4.0
275333221	275333221	0
275336176	275333221	3.0
275334011	275333221	2.0
275308104	275333221	4.0
275319884	275333221	3.0
275333093	275333221	2.0
276012814	275333221	1.0
276016738	275333221	2.0
275336176	275336176	0
275334011	275336176	3.0
275308104	275336176	4.0
275319884	275336176	3.0
275333093	275336176	3.0
276012814	275336176	3.0
276016738	275336176	3.0
275334011	275334011	0
275308104	275334011	4.0
275319884	275334011	3.0
275333093	275334011	2.0
276012814	275334011	2.0
276016738	275334011	1.0
275308104	275308104	0
275319884	275308104	2.0
275333093	275308104	3.0
276012814	275308104	4.0
276016738	275308104	4.0
275319884	275319884	0
275333093	275319884	3.0
276012814	275319884	3.0
276016738	275319884	3.0
275333093	275333093	0
276012814	275333093	2.0
276016738	275333093	3.0
276012814	276012814	0
276016738	276012814	1.0
276016738	276016738	0
