276497430	[-28,-18.0,46.0]	40.873925354166666	-73.9069902625	0.07743562594362825	0.36130175413935584	0.376650729897882	0.004495330244291965	0.810752688172043	0.35854869983266485
276497432	[-23,-20.0,43.0]	40.874696111764706	-73.90664353529412	0.07743562594362825	0.36130175413935584	0.376650729897882	0.004495330244291965	0.810752688172043	0.35854869983266485
276497434	[-19,-21.0,40.0]	40.875461131578945	-73.90650214210527	0.07743562594362825	0.36130175413935584	0.376650729897882	0.004495330244291965	0.810752688172043	0.35854869983266485
276504834	[-26,34.0,-8.0]	40.87970975769231	-73.91631124615387	0.07743562594362825	0.36130175413935584	0.376650729897882	0.004495330244291965	0.810752688172043	0.35854869983266485
246189823	[26,26.0,-52.0]	40.889556869230766	-73.91489113076922	0.07743562594362825	0.36130175413935584	0.376650729897882	0.004495330244291965	0.810752688172043	0.35854869983266485
246192016	[22,27.0,-49.0]	40.88887355384615	-73.91499040769231	0.07743562594362825	0.36130175413935584	0.376650729897882	0.004495330244291965	0.810752688172043	0.35854869983266485
276419322	[-11,-20.0,31.0]	40.877186111111115	-73.9066174888889	0.07743562594362825	0.36130175413935584	0.376650729897882	0.004495330244291965	0.810752688172043	0.35854869983266485
276420442	[-2,-7.0,9.0]	40.880409069230765	-73.90901439230768	0.07743562594362825	0.36130175413935584	0.376650729897882	0.004495330244291965	0.810752688172043	0.35854869983266485
276414635	[36,-48.0,12.0]	40.8840434375	-73.90166661250001	0.07743562594362825	0.36130175413935584	0.376650729897882	0.004495330244291965	0.810752688172043	0.35854869983266485
244737754	[-32,55.0,-23.0]	40.8807007	-73.91994709000001	0.07743562594362825	0.36130175413935584	0.376650729897882	0.004495330244291965	0.810752688172043	0.35854869983266485
244737758	[-30,57.0,-27.0]	40.88126064000001	-73.92019648	0.07743562594362825	0.36130175413935584	0.376650729897882	0.004495330244291965	0.810752688172043	0.35854869983266485
244737760	[-31,60.0,-29.0]	40.88134608	-73.92081706	0.07743562594362825	0.36130175413935584	0.376650729897882	0.004495330244291965	0.810752688172043	0.35854869983266485
244737761	[-35,63.0,-28.0]	40.88076645833335	-73.92134575833333	0.07743562594362825	0.36130175413935584	0.376650729897882	0.004495330244291965	0.810752688172043	0.35854869983266485
244737765	[-31,57.0,-26.0]	40.8810896	-73.92027523333333	0.07743562594362825	0.36130175413935584	0.376650729897882	0.004495330244291965	0.810752688172043	0.35854869983266485
244737767	[-31,58.0,-27.0]	40.881208220000005	-73.92041382	0.07743562594362825	0.36130175413935584	0.376650729897882	0.004495330244291965	0.810752688172043	0.35854869983266485
244737772	[-32,61.0,-29.0]	40.88127495	-73.9209885	0.07743562594362825	0.36130175413935584	0.376650729897882	0.004495330244291965	0.810752688172043	0.35854869983266485
244737774	[-32,60.0,-28.0]	40.88123598333333	-73.92085203333333	0.07743562594362825	0.36130175413935584	0.376650729897882	0.004495330244291965	0.810752688172043	0.35854869983266485
294357896	[-50,-18.0,68.0]	40.8694872	-73.90688237999998	0.07743562594362825	0.36130175413935584	0.376650729897882	0.004495330244291965	0.810752688172043	0.35854869983266485
75917035	[-40,32.0,8.0]	40.87661764	-73.91590996	0.07743562594362825	0.36130175413935584	0.376650729897882	0.004495330244291965	0.810752688172043	0.35854869983266485
396595381	[13,-26.0,13.0]	40.881625099999994	-73.90556376923078	0.07743562594362825	0.36130175413935584	0.376650729897882	0.004495330244291965	0.810752688172043	0.35854869983266485
137353002	[16,28.0,-44.0]	40.8877019625	-73.91510976250001	0.07743562594362825	0.36130175413935584	0.376650729897882	0.004495330244291965	0.810752688172043	0.35854869983266485
244776380	[12,31.0,-43.0]	40.88721054285714	-73.9157268142857	0.07743562594362825	0.36130175413935584	0.376650729897882	0.004495330244291965	0.810752688172043	0.35854869983266485
244777156	[10,35.0,-45.0]	40.88722105714286	-73.91642299285714	0.07743562594362825	0.36130175413935584	0.376650729897882	0.004495330244291965	0.810752688172043	0.35854869983266485
244790318	[18,29.0,-47.0]	40.888197266666666	-73.915239	0.07743562594362825	0.36130175413935584	0.376650729897882	0.004495330244291965	0.810752688172043	0.35854869983266485
244790321	[17,29.0,-46.0]	40.88808068	-73.9153223	0.07743562594362825	0.36130175413935584	0.376650729897882	0.004495330244291965	0.810752688172043	0.35854869983266485
194908520	[54,-48.0,-6.0]	40.887743416666666	-73.9017238	0.07743562594362825	0.36130175413935584	0.376650729897882	0.004495330244291965	0.810752688172043	0.35854869983266485
276414791	[13,-25.0,12.0]	40.88159101111111	-73.90579035000002	0.07743562594362825	0.36130175413935584	0.376650729897882	0.004495330244291965	0.810752688172043	0.35854869983266485
276418199	[9,-24.0,15.0]	40.880881200000005	-73.90586991250001	0.07743562594362825	0.36130175413935584	0.376650729897882	0.004495330244291965	0.810752688172043	0.35854869983266485
277110969	[14,23.0,-37.0]	40.88684224285713	-73.91433493333335	0.07743562594362825	0.36130175413935584	0.376650729897882	0.004495330244291965	0.810752688172043	0.35854869983266485
277119870	[20,21.0,-41.0]	40.887782457142855	-73.9140088904762	0.07743562594362825	0.36130175413935584	0.376650729897882	0.004495330244291965	0.810752688172043	0.35854869983266485
276338543	[-5,-48.0,53.0]	40.875636525	-73.90155676071427	0.07743562594362825	0.36130175413935584	0.376650729897882	0.004495330244291965	0.810752688172043	0.35854869983266485
276413515	[60,-105.0,45.0]	40.88305557954545	-73.89159947954543	0.07743562594362825	0.36130175413935584	0.376650729897882	0.004495330244291965	0.810752688172043	0.35854869983266485
276413883	[52,-66.0,14.0]	40.885557500000004	-73.8984962	0.07743562594362825	0.36130175413935584	0.376650729897882	0.004495330244291965	0.810752688172043	0.35854869983266485
244726397	[-43,62.0,-19.0]	40.87904544237289	-73.92116130508475	0.07743562594362825	0.36130175413935584	0.376650729897882	0.004495330244291965	0.810752688172043	0.35854869983266485
244728119	[-40,66.0,-26.0]	40.880156742857146	-73.92200091428572	0.07743562594362825	0.36130175413935584	0.376650729897882	0.004495330244291965	0.810752688172043	0.35854869983266485
244746749	[-26,63.0,-37.0]	40.88267651428571	-73.92134187142857	0.07743562594362825	0.36130175413935584	0.376650729897882	0.004495330244291965	0.810752688172043	0.35854869983266485
244759399	[-22,48.0,-26.0]	40.88190065384616	-73.9187598	0.07743562594362825	0.36130175413935584	0.376650729897882	0.004495330244291965	0.810752688172043	0.35854869983266485
519384549	[-33,48.0,-15.0]	40.87966134444444	-73.9186592111111	0.07743562594362825	0.36130175413935584	0.376650729897882	0.004495330244291965	0.810752688172043	0.35854869983266485
244768464	[-20,54.0,-34.0]	40.8829942	-73.91989394000001	0.07743562594362825	0.36130175413935584	0.376650729897882	0.004495330244291965	0.810752688172043	0.35854869983266485
244775775	[12,47.0,-59.0]	40.888930762962964	-73.91855096296295	0.07743562594362825	0.36130175413935584	0.376650729897882	0.004495330244291965	0.810752688172043	0.35854869983266485
423247653	[5,-2.0,-3.0]	40.88236817272727	-73.90973206363637	0.07743562594362825	0.36130175413935584	0.376650729897882	0.004495330244291965	0.810752688172043	0.35854869983266485
244768915	[-10,40.0,-30.0]	40.8835806625	-73.9173307375	0.07743562594362825	0.36130175413935584	0.376650729897882	0.004495330244291965	0.810752688172043	0.35854869983266485
423894006	[47,-91.0,44.0]	40.88189637777778	-73.8939566851852	0.07743562594362825	0.36130175413935584	0.376650729897882	0.004495330244291965	0.810752688172043	0.35854869983266485
423894148	[27,-54.0,27.0]	40.88155596153847	-73.90048418461538	0.07743562594362825	0.36130175413935584	0.376650729897882	0.004495330244291965	0.810752688172043	0.35854869983266485
144630614	[51,-59.0,8.0]	40.88606436	-73.89969482000001	0.07743562594362825	0.36130175413935584	0.376650729897882	0.004495330244291965	0.810752688172043	0.35854869983266485
144630629	[53,-64.0,11.0]	40.8859601	-73.89881387142859	0.07743562594362825	0.36130175413935584	0.376650729897882	0.004495330244291965	0.810752688172043	0.35854869983266485
222070334	[36,-47.0,11.0]	40.88413332571429	-73.90183768857142	0.07743562594362825	0.36130175413935584	0.376650729897882	0.004495330244291965	0.810752688172043	0.35854869983266485
276516890	[66,-61.0,-5.0]	40.88884748461539	-73.8993699	0.07743562594362825	0.36130175413935584	0.376650729897882	0.004495330244291965	0.810752688172043	0.35854869983266485
423243993	[58,-34.0,-24.0]	40.88993346774194	-73.9040578483871	0.07743562594362825	0.36130175413935584	0.376650729897882	0.004495330244291965	0.810752688172043	0.35854869983266485
276418310	[3,-14.0,11.0]	40.8807287	-73.90771914000001	0.07743562594362825	0.36130175413935584	0.376650729897882	0.004495330244291965	0.810752688172043	0.35854869983266485
276352168	[52,-92.0,40.0]	40.88272788333334	-73.89390868333334	0.07743562594362825	0.36130175413935584	0.376650729897882	0.004495330244291965	0.810752688172043	0.35854869983266485
244745904	[-31,67.0,-36.0]	40.8820599	-73.92204595999999	0.07743562594362825	0.36130175413935584	0.376650729897882	0.004495330244291965	0.810752688172043	0.35854869983266485
244746746	[-28,65.0,-37.0]	40.882487100000006	-73.92185698	0.07743562594362825	0.36130175413935584	0.376650729897882	0.004495330244291965	0.810752688172043	0.35854869983266485
244748696	[-24,63.0,-39.0]	40.8831771	-73.92132622222222	0.07743562594362825	0.36130175413935584	0.376650729897882	0.004495330244291965	0.810752688172043	0.35854869983266485
244967817	[24,22.0,-46.0]	40.88870541428572	-73.91399527142858	0.07743562594362825	0.36130175413935584	0.376650729897882	0.004495330244291965	0.810752688172043	0.35854869983266485
246195789	[25,21.0,-46.0]	40.888836994736835	-73.91402260526316	0.07743562594362825	0.36130175413935584	0.376650729897882	0.004495330244291965	0.810752688172043	0.35854869983266485
527858945	[-5,-29.0,34.0]	40.87760103076923	-73.90500816923075	0.07743562594362825	0.36130175413935584	0.376650729897882	0.004495330244291965	0.810752688172043	0.35854869983266485
598133091	[-13,-25.0,38.0]	40.87628713333334	-73.9058199	0.07743562594362825	0.36130175413935584	0.376650729897882	0.004495330244291965	0.810752688172043	0.35854869983266485
276342236	[-4,-36.0,40.0]	40.87699463636364	-73.90377813636364	0.07743562594362825	0.36130175413935584	0.376650729897882	0.004495330244291965	0.810752688172043	0.35854869983266485
276419328	[0,-31.0,31.0]	40.87837556666667	-73.904606275	0.07743562594362825	0.36130175413935584	0.376650729897882	0.004495330244291965	0.810752688172043	0.35854869983266485
285899562	[-35,58.0,-23.0]	40.88032084545455	-73.92046576818181	0.07743562594362825	0.36130175413935584	0.376650729897882	0.004495330244291965	0.810752688172043	0.35854869983266485
276418181	[-4,-15.0,19.0]	40.8792174030303	-73.90758916060608	0.07743562594362825	0.36130175413935584	0.376650729897882	0.004495330244291965	0.810752688172043	0.35854869983266485
276418182	[-3,-15.0,18.0]	40.87941017777777	-73.90752645555557	0.07743562594362825	0.36130175413935584	0.376650729897882	0.004495330244291965	0.810752688172043	0.35854869983266485
276418183	[-1,-16.0,17.0]	40.879721147619044	-73.90733685238095	0.07743562594362825	0.36130175413935584	0.376650729897882	0.004495330244291965	0.810752688172043	0.35854869983266485
276418313	[-6,-13.0,19.0]	40.87905846923077	-73.9078643923077	0.07743562594362825	0.36130175413935584	0.376650729897882	0.004495330244291965	0.810752688172043	0.35854869983266485
518696795	[-8,-9.0,17.0]	40.87897538888889	-73.90861145555556	0.07743562594362825	0.36130175413935584	0.376650729897882	0.004495330244291965	0.810752688172043	0.35854869983266485
276421928	[31,1.0,-32.0]	40.888094655555555	-73.91033181111113	0.07743562594362825	0.36130175413935584	0.376650729897882	0.004495330244291965	0.810752688172043	0.35854869983266485
276421933	[30,1.0,-31.0]	40.88783777857144	-73.91042247857145	0.07743562594362825	0.36130175413935584	0.376650729897882	0.004495330244291965	0.810752688172043	0.35854869983266485
276421934	[30,2.0,-32.0]	40.88791124615385	-73.91063303846153	0.07743562594362825	0.36130175413935584	0.376650729897882	0.004495330244291965	0.810752688172043	0.35854869983266485
276422486	[13,9.0,-22.0]	40.885217430000004	-73.91182545000001	0.07743562594362825	0.36130175413935584	0.376650729897882	0.004495330244291965	0.810752688172043	0.35854869983266485
277119871	[24,14.0,-38.0]	40.887942664102574	-73.91270708205128	0.07743562594362825	0.36130175413935584	0.376650729897882	0.004495330244291965	0.810752688172043	0.35854869983266485
276338542	[15,-60.0,45.0]	40.8785531	-73.89948338333333	0.07743562594362825	0.36130175413935584	0.376650729897882	0.004495330244291965	0.810752688172043	0.35854869983266485
276344030	[9,-48.0,39.0]	40.8784489	-73.90167534285715	0.07743562594362825	0.36130175413935584	0.376650729897882	0.004495330244291965	0.810752688172043	0.35854869983266485
276344083	[22,-56.0,34.0]	40.880382	-73.90015608888888	0.07743562594362825	0.36130175413935584	0.376650729897882	0.004495330244291965	0.810752688172043	0.35854869983266485
276344992	[6,-43.0,37.0]	40.8784494125	-73.9025162125	0.07743562594362825	0.36130175413935584	0.376650729897882	0.004495330244291965	0.810752688172043	0.35854869983266485
276413870	[55,-67.0,12.0]	40.885919308000005	-73.898303116	0.07743562594362825	0.36130175413935584	0.376650729897882	0.004495330244291965	0.810752688172043	0.35854869983266485
276412864	[66,-108.0,42.0]	40.88410658571429	-73.88837861142859	0.07743562594362825	0.36130175413935584	0.376650729897882	0.004495330244291965	0.810752688172043	0.35854869983266485
276497430	276497430	0
276497432	276497430	0.0
276497434	276497430	0.0
276504834	276497430	4.0
246189823	276497430	4.0
246192016	276497430	4.0
276419322	276497430	2.0
276420442	276497430	3.0
276414635	276497430	3.0
244737754	276497430	4.0
244737758	276497430	4.0
244737760	276497430	4.0
244737761	276497430	4.0
244737765	276497430	4.0
244737767	276497430	4.0
244737772	276497430	4.0
244737774	276497430	4.0
294357896	276497430	2.0
75917035	276497430	3.0
396595381	276497430	3.0
137353002	276497430	4.0
244776380	276497430	4.0
244777156	276497430	4.0
244790318	276497430	4.0
244790321	276497430	4.0
194908520	276497430	4.0
276414791	276497430	3.0
276418199	276497430	3.0
277110969	276497430	4.0
277119870	276497430	4.0
276338543	276497430	3.0
276413515	276497430	4.0
276413883	276497430	4.0
244726397	276497430	4.0
244728119	276497430	4.0
244746749	276497430	4.0
244759399	276497430	4.0
519384549	276497430	4.0
244768464	276497430	4.0
244775775	276497430	4.0
423247653	276497430	4.0
244768915	276497430	4.0
423894006	276497430	4.0
423894148	276497430	3.0
144630614	276497430	3.0
144630629	276497430	4.0
222070334	276497430	3.0
276516890	276497430	4.0
423243993	276497430	4.0
276418310	276497430	3.0
276352168	276497430	4.0
244745904	276497430	4.0
244746746	276497430	4.0
244748696	276497430	4.0
244967817	276497430	4.0
246195789	276497430	4.0
527858945	276497430	2.0
598133091	276497430	1.0
276342236	276497430	2.0
276419328	276497430	2.0
285899562	276497430	4.0
276418181	276497430	2.0
276418182	276497430	2.0
276418183	276497430	3.0
276418313	276497430	2.0
518696795	276497430	2.0
276421928	276497430	4.0
276421933	276497430	4.0
276421934	276497430	4.0
276422486	276497430	4.0
277119871	276497430	4.0
276338542	276497430	3.0
276344030	276497430	3.0
276344083	276497430	3.0
276344992	276497430	3.0
276413870	276497430	4.0
276412864	276497430	4.0
276497432	276497432	0
276497434	276497432	0.0
276504834	276497432	4.0
246189823	276497432	4.0
246192016	276497432	4.0
276419322	276497432	2.0
276420442	276497432	2.0
276414635	276497432	3.0
244737754	276497432	4.0
244737758	276497432	4.0
244737760	276497432	4.0
244737761	276497432	4.0
244737765	276497432	4.0
244737767	276497432	4.0
244737772	276497432	4.0
244737774	276497432	4.0
294357896	276497432	2.0
75917035	276497432	3.0
396595381	276497432	3.0
137353002	276497432	4.0
244776380	276497432	4.0
244777156	276497432	4.0
244790318	276497432	4.0
244790321	276497432	4.0
194908520	276497432	4.0
276414791	276497432	3.0
276418199	276497432	3.0
277110969	276497432	4.0
277119870	276497432	4.0
276338543	276497432	3.0
276413515	276497432	4.0
276413883	276497432	4.0
244726397	276497432	4.0
244728119	276497432	4.0
244746749	276497432	4.0
244759399	276497432	4.0
519384549	276497432	4.0
244768464	276497432	4.0
244775775	276497432	4.0
423247653	276497432	4.0
244768915	276497432	4.0
423894006	276497432	4.0
423894148	276497432	3.0
144630614	276497432	3.0
144630629	276497432	4.0
222070334	276497432	3.0
276516890	276497432	4.0
423243993	276497432	4.0
276418310	276497432	2.0
276352168	276497432	4.0
244745904	276497432	4.0
244746746	276497432	4.0
244748696	276497432	4.0
244967817	276497432	4.0
246195789	276497432	4.0
527858945	276497432	1.0
598133091	276497432	0.0
276342236	276497432	2.0
276419328	276497432	2.0
285899562	276497432	4.0
276418181	276497432	2.0
276418182	276497432	2.0
276418183	276497432	2.0
276418313	276497432	2.0
518696795	276497432	2.0
276421928	276497432	4.0
276421933	276497432	4.0
276421934	276497432	4.0
276422486	276497432	4.0
277119871	276497432	4.0
276338542	276497432	3.0
276344030	276497432	3.0
276344083	276497432	3.0
276344992	276497432	2.0
276413870	276497432	4.0
276412864	276497432	4.0
276497434	276497434	0
276504834	276497434	4.0
246189823	276497434	4.0
246192016	276497434	4.0
276419322	276497434	1.0
276420442	276497434	2.0
276414635	276497434	3.0
244737754	276497434	4.0
244737758	276497434	4.0
244737760	276497434	4.0
244737761	276497434	4.0
244737765	276497434	4.0
244737767	276497434	4.0
244737772	276497434	4.0
244737774	276497434	4.0
294357896	276497434	3.0
75917035	276497434	3.0
396595381	276497434	2.0
137353002	276497434	4.0
244776380	276497434	4.0
244777156	276497434	4.0
244790318	276497434	4.0
244790321	276497434	4.0
194908520	276497434	3.0
276414791	276497434	3.0
276418199	276497434	2.0
277110969	276497434	4.0
277119870	276497434	4.0
276338543	276497434	2.0
276413515	276497434	4.0
276413883	276497434	3.0
244726397	276497434	4.0
244728119	276497434	4.0
244746749	276497434	4.0
244759399	276497434	4.0
519384549	276497434	4.0
244768464	276497434	4.0
244775775	276497434	4.0
423247653	276497434	3.0
244768915	276497434	4.0
423894006	276497434	4.0
423894148	276497434	3.0
144630614	276497434	3.0
144630629	276497434	3.0
222070334	276497434	3.0
276516890	276497434	4.0
423243993	276497434	4.0
276418310	276497434	2.0
276352168	276497434	4.0
244745904	276497434	4.0
244746746	276497434	4.0
244748696	276497434	4.0
244967817	276497434	4.0
246195789	276497434	4.0
527858945	276497434	1.0
598133091	276497434	0.0
276342236	276497434	2.0
276419328	276497434	2.0
285899562	276497434	4.0
276418181	276497434	2.0
276418182	276497434	2.0
276418183	276497434	2.0
276418313	276497434	2.0
518696795	276497434	2.0
276421928	276497434	4.0
276421933	276497434	4.0
276421934	276497434	4.0
276422486	276497434	4.0
277119871	276497434	4.0
276338542	276497434	3.0
276344030	276497434	2.0
276344083	276497434	3.0
276344992	276497434	2.0
276413870	276497434	3.0
276412864	276497434	4.0
276504834	276504834	0
246189823	276504834	4.0
246192016	276504834	3.0
276419322	276504834	4.0
276420442	276504834	4.0
276414635	276504834	4.0
244737754	276504834	3.0
244737758	276504834	3.0
244737760	276504834	3.0
244737761	276504834	3.0
244737765	276504834	3.0
244737767	276504834	3.0
244737772	276504834	3.0
244737774	276504834	3.0
294357896	276504834	4.0
75917035	276504834	4.0
396595381	276504834	4.0
137353002	276504834	3.0
244776380	276504834	3.0
244777156	276504834	3.0
244790318	276504834	3.0
244790321	276504834	3.0
194908520	276504834	4.0
276414791	276504834	4.0
276418199	276504834	4.0
277110969	276504834	3.0
277119870	276504834	3.0
276338543	276504834	4.0
276413515	276504834	5.0
276413883	276504834	5.0
244726397	276504834	3.0
244728119	276504834	3.0
244746749	276504834	3.0
244759399	276504834	3.0
519384549	276504834	2.0
244768464	276504834	3.0
244775775	276504834	3.0
423247653	276504834	3.0
244768915	276504834	3.0
423894006	276504834	5.0
423894148	276504834	4.0
144630614	276504834	4.0
144630629	276504834	5.0
222070334	276504834	4.0
276516890	276504834	4.0
423243993	276504834	4.0
276418310	276504834	4.0
276352168	276504834	5.0
244745904	276504834	3.0
244746746	276504834	3.0
244748696	276504834	3.0
244967817	276504834	3.0
246195789	276504834	3.0
527858945	276504834	4.0
598133091	276504834	4.0
276342236	276504834	4.0
276419328	276504834	4.0
285899562	276504834	3.0
276418181	276504834	4.0
276418182	276504834	4.0
276418183	276504834	4.0
276418313	276504834	4.0
518696795	276504834	4.0
276421928	276504834	3.0
276421933	276504834	3.0
276421934	276504834	3.0
276422486	276504834	2.0
277119871	276504834	3.0
276338542	276504834	4.0
276344030	276504834	4.0
276344083	276504834	4.0
276344992	276504834	4.0
276413870	276504834	5.0
276412864	276504834	5.0
246189823	246189823	0
246192016	246189823	1.0
276419322	246189823	4.0
276420442	246189823	4.0
276414635	246189823	4.0
244737754	246189823	3.0
244737758	246189823	3.0
244737760	246189823	3.0
244737761	246189823	3.0
244737765	246189823	3.0
244737767	246189823	3.0
244737772	246189823	3.0
244737774	246189823	3.0
294357896	246189823	5.0
75917035	246189823	4.0
396595381	246189823	4.0
137353002	246189823	2.0
244776380	246189823	1.0
244777156	246189823	2.0
244790318	246189823	1.0
244790321	246189823	1.0
194908520	246189823	4.0
276414791	246189823	4.0
276418199	246189823	4.0
277110969	246189823	2.0
277119870	246189823	1.0
276338543	246189823	4.0
276413515	246189823	5.0
276413883	246189823	4.0
244726397	246189823	4.0
244728119	246189823	4.0
244746749	246189823	3.0
244759399	246189823	3.0
519384549	246189823	4.0
244768464	246189823	3.0
244775775	246189823	3.0
423247653	246189823	3.0
244768915	246189823	3.0
423894006	246189823	5.0
423894148	246189823	4.0
144630614	246189823	4.0
144630629	246189823	4.0
222070334	246189823	4.0
276516890	246189823	4.0
423243993	246189823	3.0
276418310	246189823	4.0
276352168	246189823	5.0
244745904	246189823	3.0
244746746	246189823	3.0
244748696	246189823	3.0
244967817	246189823	1.0
246195789	246189823	1.0
527858945	246189823	4.0
598133091	246189823	4.0
276342236	246189823	4.0
276419328	246189823	4.0
285899562	246189823	4.0
276418181	246189823	4.0
276418182	246189823	4.0
276418183	246189823	4.0
276418313	246189823	4.0
518696795	246189823	4.0
276421928	246189823	3.0
276421933	246189823	3.0
276421934	246189823	3.0
276422486	246189823	3.0
277119871	246189823	2.0
276338542	246189823	4.0
276344030	246189823	4.0
276344083	246189823	4.0
276344992	246189823	4.0
276413870	246189823	4.0
276412864	246189823	5.0
246192016	246192016	0
276419322	246192016	4.0
276420442	246192016	4.0
276414635	246192016	4.0
244737754	246192016	3.0
244737758	246192016	3.0
244737760	246192016	3.0
244737761	246192016	3.0
244737765	246192016	3.0
244737767	246192016	3.0
244737772	246192016	3.0
244737774	246192016	3.0
294357896	246192016	5.0
75917035	246192016	4.0
396595381	246192016	4.0
137353002	246192016	1.0
244776380	246192016	1.0
244777156	246192016	1.0
244790318	246192016	0.0
244790321	246192016	0.0
194908520	246192016	4.0
276414791	246192016	4.0
276418199	246192016	4.0
277110969	246192016	1.0
277119870	246192016	0.0
276338543	246192016	4.0
276413515	246192016	5.0
276413883	246192016	4.0
244726397	246192016	4.0
244728119	246192016	3.0
244746749	246192016	3.0
244759399	246192016	3.0
519384549	246192016	3.0
244768464	246192016	3.0
244775775	246192016	3.0
423247653	246192016	4.0
244768915	246192016	3.0
423894006	246192016	5.0
423894148	246192016	5.0
144630614	246192016	4.0
144630629	246192016	4.0
222070334	246192016	4.0
276516890	246192016	4.0
423243993	246192016	3.0
276418310	246192016	4.0
276352168	246192016	5.0
244745904	246192016	3.0
244746746	246192016	3.0
244748696	246192016	3.0
244967817	246192016	0.0
246195789	246192016	0.0
527858945	246192016	4.0
598133091	246192016	4.0
276342236	246192016	4.0
276419328	246192016	4.0
285899562	246192016	3.0
276418181	246192016	4.0
276418182	246192016	4.0
276418183	246192016	4.0
276418313	246192016	4.0
518696795	246192016	4.0
276421928	246192016	3.0
276421933	246192016	3.0
276421934	246192016	3.0
276422486	246192016	3.0
277119871	246192016	1.0
276338542	246192016	4.0
276344030	246192016	4.0
276344083	246192016	4.0
276344992	246192016	4.0
276413870	246192016	4.0
276412864	246192016	5.0
276419322	276419322	0
276420442	276419322	2.0
276414635	276419322	3.0
244737754	276419322	4.0
244737758	276419322	4.0
244737760	276419322	4.0
244737761	276419322	4.0
244737765	276419322	4.0
244737767	276419322	4.0
244737772	276419322	4.0
244737774	276419322	4.0
294357896	276419322	3.0
75917035	276419322	3.0
396595381	276419322	2.0
137353002	276419322	4.0
244776380	276419322	4.0
244777156	276419322	4.0
244790318	276419322	4.0
244790321	276419322	4.0
194908520	276419322	3.0
276414791	276419322	2.0
276418199	276419322	2.0
277110969	276419322	4.0
277119870	276419322	4.0
276338543	276419322	3.0
276413515	276419322	4.0
276413883	276419322	3.0
244726397	276419322	4.0
244728119	276419322	4.0
244746749	276419322	4.0
244759399	276419322	4.0
519384549	276419322	4.0
244768464	276419322	4.0
244775775	276419322	4.0
423247653	276419322	3.0
244768915	276419322	4.0
423894006	276419322	4.0
423894148	276419322	3.0
144630614	276419322	3.0
144630629	276419322	3.0
222070334	276419322	3.0
276516890	276419322	4.0
423243993	276419322	4.0
276418310	276419322	2.0
276352168	276419322	4.0
244745904	276419322	4.0
244746746	276419322	4.0
244748696	276419322	4.0
244967817	276419322	4.0
246195789	276419322	4.0
527858945	276419322	1.0
598133091	276419322	1.0
276342236	276419322	2.0
276419328	276419322	1.0
285899562	276419322	4.0
276418181	276419322	1.0
276418182	276419322	1.0
276418183	276419322	2.0
276418313	276419322	1.0
518696795	276419322	1.0
276421928	276419322	4.0
276421933	276419322	4.0
276421934	276419322	4.0
276422486	276419322	4.0
277119871	276419322	4.0
276338542	276419322	3.0
276344030	276419322	2.0
276344083	276419322	3.0
276344992	276419322	2.0
276413870	276419322	3.0
276412864	276419322	4.0
276420442	276420442	0
276414635	276420442	3.0
244737754	276420442	3.0
244737758	276420442	3.0
244737760	276420442	4.0
244737761	276420442	4.0
244737765	276420442	3.0
244737767	276420442	4.0
244737772	276420442	4.0
244737774	276420442	4.0
294357896	276420442	4.0
75917035	276420442	2.0
396595381	276420442	2.0
137353002	276420442	4.0
244776380	276420442	4.0
244777156	276420442	4.0
244790318	276420442	4.0
244790321	276420442	4.0
194908520	276420442	3.0
276414791	276420442	1.0
276418199	276420442	1.0
277110969	276420442	4.0
277119870	276420442	4.0
276338543	276420442	3.0
276413515	276420442	4.0
276413883	276420442	3.0
244726397	276420442	3.0
244728119	276420442	4.0
244746749	276420442	4.0
244759399	276420442	4.0
519384549	276420442	3.0
244768464	276420442	4.0
244775775	276420442	4.0
423247653	276420442	3.0
244768915	276420442	4.0
423894006	276420442	4.0
423894148	276420442	3.0
144630614	276420442	3.0
144630629	276420442	3.0
222070334	276420442	3.0
276516890	276420442	3.0
423243993	276420442	3.0
276418310	276420442	0.0
276352168	276420442	4.0
244745904	276420442	4.0
244746746	276420442	4.0
244748696	276420442	4.0
244967817	276420442	4.0
246195789	276420442	4.0
527858945	276420442	2.0
598133091	276420442	2.0
276342236	276420442	2.0
276419328	276420442	2.0
285899562	276420442	3.0
276418181	276420442	2.0
276418182	276420442	1.0
276418183	276420442	1.0
276418313	276420442	1.0
518696795	276420442	1.0
276421928	276420442	3.0
276421933	276420442	3.0
276421934	276420442	3.0
276422486	276420442	3.0
277119871	276420442	3.0
276338542	276420442	3.0
276344030	276420442	3.0
276344083	276420442	3.0
276344992	276420442	2.0
276413870	276420442	3.0
276412864	276420442	4.0
276414635	276414635	0
244737754	276414635	4.0
244737758	276414635	4.0
244737760	276414635	4.0
244737761	276414635	4.0
244737765	276414635	4.0
244737767	276414635	4.0
244737772	276414635	4.0
244737774	276414635	4.0
294357896	276414635	4.0
75917035	276414635	4.0
396595381	276414635	2.0
137353002	276414635	4.0
244776380	276414635	4.0
244777156	276414635	4.0
244790318	276414635	4.0
244790321	276414635	4.0
194908520	276414635	2.0
276414791	276414635	2.0
276418199	276414635	2.0
277110969	276414635	4.0
277119870	276414635	4.0
276338543	276414635	3.0
276413515	276414635	3.0
276413883	276414635	2.0
244726397	276414635	4.0
244728119	276414635	4.0
244746749	276414635	4.0
244759399	276414635	4.0
519384549	276414635	4.0
244768464	276414635	4.0
244775775	276414635	5.0
423247653	276414635	4.0
244768915	276414635	4.0
423894006	276414635	3.0
423894148	276414635	4.0
144630614	276414635	1.0
144630629	276414635	2.0
222070334	276414635	0.0
276516890	276414635	3.0
423243993	276414635	4.0
276418310	276414635	3.0
276352168	276414635	3.0
244745904	276414635	4.0
244746746	276414635	4.0
244748696	276414635	4.0
244967817	276414635	4.0
246195789	276414635	4.0
527858945	276414635	2.0
598133091	276414635	3.0
276342236	276414635	3.0
276419328	276414635	2.0
285899562	276414635	4.0
276418181	276414635	3.0
276418182	276414635	3.0
276418183	276414635	3.0
276418313	276414635	3.0
518696795	276414635	3.0
276421928	276414635	4.0
276421933	276414635	4.0
276421934	276414635	4.0
276422486	276414635	4.0
277119871	276414635	4.0
276338542	276414635	3.0
276344030	276414635	2.0
276344083	276414635	2.0
276344992	276414635	3.0
276413870	276414635	2.0
276412864	276414635	4.0
244737754	244737754	0
244737758	244737754	0.0
244737760	244737754	1.0
244737761	244737754	0.0
244737765	244737754	0.0
244737767	244737754	1.0
244737772	244737754	1.0
244737774	244737754	1.0
294357896	244737754	4.0
75917035	244737754	4.0
396595381	244737754	4.0
137353002	244737754	3.0
244776380	244737754	3.0
244777156	244737754	3.0
244790318	244737754	3.0
244790321	244737754	3.0
194908520	244737754	4.0
276414791	244737754	4.0
276418199	244737754	4.0
277110969	244737754	3.0
277119870	244737754	3.0
276338543	244737754	4.0
276413515	244737754	5.0
276413883	244737754	5.0
244726397	244737754	2.0
244728119	244737754	0.0
244746749	244737754	2.0
244759399	244737754	0.0
519384549	244737754	2.0
244768464	244737754	1.0
244775775	244737754	3.0
423247653	244737754	4.0
244768915	244737754	2.0
423894006	244737754	5.0
423894148	244737754	4.0
144630614	244737754	4.0
144630629	244737754	5.0
222070334	244737754	4.0
276516890	244737754	4.0
423243993	244737754	4.0
276418310	244737754	4.0
276352168	244737754	5.0
244745904	244737754	2.0
244746746	244737754	2.0
244748696	244737754	2.0
244967817	244737754	3.0
246195789	244737754	3.0
527858945	244737754	4.0
598133091	244737754	4.0
276342236	244737754	4.0
276419328	244737754	4.0
285899562	244737754	0.0
276418181	244737754	4.0
276418182	244737754	4.0
276418183	244737754	4.0
276418313	244737754	4.0
518696795	244737754	3.0
276421928	244737754	3.0
276421933	244737754	3.0
276421934	244737754	3.0
276422486	244737754	3.0
277119871	244737754	3.0
276338542	244737754	4.0
276344030	244737754	4.0
276344083	244737754	4.0
276344992	244737754	4.0
276413870	244737754	5.0
276412864	244737754	5.0
244737758	244737758	0
244737760	244737758	0.0
244737761	244737758	1.0
244737765	244737758	0.0
244737767	244737758	0.0
244737772	244737758	1.0
244737774	244737758	0.0
294357896	244737758	4.0
75917035	244737758	4.0
396595381	244737758	4.0
137353002	244737758	3.0
244776380	244737758	3.0
244777156	244737758	3.0
244790318	244737758	3.0
244790321	244737758	3.0
194908520	244737758	4.0
276414791	244737758	4.0
276418199	244737758	4.0
277110969	244737758	3.0
277119870	244737758	3.0
276338543	244737758	4.0
276413515	244737758	5.0
276413883	244737758	5.0
244726397	244737758	2.0
244728119	244737758	1.0
244746749	244737758	1.0
244759399	244737758	1.0
519384549	244737758	2.0
244768464	244737758	1.0
244775775	244737758	3.0
423247653	244737758	4.0
244768915	244737758	2.0
423894006	244737758	5.0
423894148	244737758	4.0
144630614	244737758	4.0
144630629	244737758	5.0
222070334	244737758	4.0
276516890	244737758	4.0
423243993	244737758	4.0
276418310	244737758	4.0
276352168	244737758	5.0
244745904	244737758	1.0
244746746	244737758	1.0
244748696	244737758	1.0
244967817	244737758	3.0
246195789	244737758	3.0
527858945	244737758	4.0
598133091	244737758	4.0
276342236	244737758	4.0
276419328	244737758	4.0
285899562	244737758	0.0
276418181	244737758	4.0
276418182	244737758	4.0
276418183	244737758	4.0
276418313	244737758	4.0
518696795	244737758	3.0
276421928	244737758	3.0
276421933	244737758	3.0
276421934	244737758	3.0
276422486	244737758	3.0
277119871	244737758	3.0
276338542	244737758	4.0
276344030	244737758	4.0
276344083	244737758	4.0
276344992	244737758	4.0
276413870	244737758	5.0
276412864	244737758	5.0
244737760	244737760	0
244737761	244737760	1.0
244737765	244737760	0.0
244737767	244737760	0.0
244737772	244737760	1.0
244737774	244737760	0.0
294357896	244737760	4.0
75917035	244737760	4.0
396595381	244737760	4.0
137353002	244737760	3.0
244776380	244737760	3.0
244777156	244737760	3.0
244790318	244737760	3.0
244790321	244737760	3.0
194908520	244737760	4.0
276414791	244737760	4.0
276418199	244737760	4.0
277110969	244737760	3.0
277119870	244737760	3.0
276338543	244737760	4.0
276413515	244737760	5.0
276413883	244737760	5.0
244726397	244737760	2.0
244728119	244737760	2.0
244746749	244737760	1.0
244759399	244737760	1.0
519384549	244737760	2.0
244768464	244737760	1.0
244775775	244737760	3.0
423247653	244737760	4.0
244768915	244737760	2.0
423894006	244737760	5.0
423894148	244737760	4.0
144630614	244737760	4.0
144630629	244737760	5.0
222070334	244737760	4.0
276516890	244737760	4.0
423243993	244737760	4.0
276418310	244737760	4.0
276352168	244737760	5.0
244745904	244737760	1.0
244746746	244737760	1.0
244748696	244737760	1.0
244967817	244737760	3.0
246195789	244737760	3.0
527858945	244737760	4.0
598133091	244737760	4.0
276342236	244737760	4.0
276419328	244737760	4.0
285899562	244737760	1.0
276418181	244737760	4.0
276418182	244737760	4.0
276418183	244737760	4.0
276418313	244737760	4.0
518696795	244737760	4.0
276421928	244737760	4.0
276421933	244737760	4.0
276421934	244737760	4.0
276422486	244737760	3.0
277119871	244737760	3.0
276338542	244737760	4.0
276344030	244737760	4.0
276344083	244737760	4.0
276344992	244737760	4.0
276413870	244737760	5.0
276412864	244737760	5.0
244737761	244737761	0
244737765	244737761	1.0
244737767	244737761	1.0
244737772	244737761	1.0
244737774	244737761	1.0
294357896	244737761	4.0
75917035	244737761	4.0
396595381	244737761	4.0
137353002	244737761	3.0
244776380	244737761	3.0
244777156	244737761	3.0
244790318	244737761	3.0
244790321	244737761	3.0
194908520	244737761	4.0
276414791	244737761	4.0
276418199	244737761	4.0
277110969	244737761	3.0
277119870	244737761	3.0
276338543	244737761	4.0
276413515	244737761	5.0
276413883	244737761	5.0
244726397	244737761	2.0
244728119	244737761	0.0
244746749	244737761	1.0
244759399	244737761	1.0
519384549	244737761	2.0
244768464	244737761	2.0
244775775	244737761	3.0
423247653	244737761	4.0
244768915	244737761	2.0
423894006	244737761	5.0
423894148	244737761	4.0
144630614	244737761	4.0
144630629	244737761	5.0
222070334	244737761	4.0
276516890	244737761	4.0
423243993	244737761	4.0
276418310	244737761	4.0
276352168	244737761	5.0
244745904	244737761	1.0
244746746	244737761	1.0
244748696	244737761	2.0
244967817	244737761	3.0
246195789	244737761	3.0
527858945	244737761	4.0
598133091	244737761	4.0
276342236	244737761	4.0
276419328	244737761	4.0
285899562	244737761	1.0
276418181	244737761	4.0
276418182	244737761	4.0
276418183	244737761	4.0
276418313	244737761	4.0
518696795	244737761	4.0
276421928	244737761	4.0
276421933	244737761	4.0
276421934	244737761	4.0
276422486	244737761	3.0
277119871	244737761	3.0
276338542	244737761	4.0
276344030	244737761	4.0
276344083	244737761	4.0
276344992	244737761	4.0
276413870	244737761	5.0
276412864	244737761	5.0
244737765	244737765	0
244737767	244737765	0.0
244737772	244737765	1.0
244737774	244737765	0.0
294357896	244737765	4.0
75917035	244737765	4.0
396595381	244737765	4.0
137353002	244737765	3.0
244776380	244737765	3.0
244777156	244737765	3.0
244790318	244737765	3.0
244790321	244737765	3.0
194908520	244737765	4.0
276414791	244737765	4.0
276418199	244737765	4.0
277110969	244737765	3.0
277119870	244737765	3.0
276338543	244737765	4.0
276413515	244737765	5.0
276413883	244737765	5.0
244726397	244737765	2.0
244728119	244737765	1.0
244746749	244737765	1.0
244759399	244737765	0.0
519384549	244737765	2.0
244768464	244737765	1.0
244775775	244737765	3.0
423247653	244737765	4.0
244768915	244737765	2.0
423894006	244737765	5.0
423894148	244737765	4.0
144630614	244737765	4.0
144630629	244737765	5.0
222070334	244737765	4.0
276516890	244737765	4.0
423243993	244737765	4.0
276418310	244737765	4.0
276352168	244737765	5.0
244745904	244737765	1.0
244746746	244737765	1.0
244748696	244737765	1.0
244967817	244737765	3.0
246195789	244737765	3.0
527858945	244737765	4.0
598133091	244737765	4.0
276342236	244737765	4.0
276419328	244737765	4.0
285899562	244737765	0.0
276418181	244737765	4.0
276418182	244737765	4.0
276418183	244737765	4.0
276418313	244737765	4.0
518696795	244737765	3.0
276421928	244737765	3.0
276421933	244737765	3.0
276421934	244737765	3.0
276422486	244737765	3.0
277119871	244737765	3.0
276338542	244737765	4.0
276344030	244737765	4.0
276344083	244737765	4.0
276344992	244737765	4.0
276413870	244737765	5.0
276412864	244737765	5.0
244737767	244737767	0
244737772	244737767	1.0
244737774	244737767	0.0
294357896	244737767	4.0
75917035	244737767	4.0
396595381	244737767	4.0
137353002	244737767	3.0
244776380	244737767	3.0
244777156	244737767	3.0
244790318	244737767	3.0
244790321	244737767	3.0
194908520	244737767	4.0
276414791	244737767	4.0
276418199	244737767	4.0
277110969	244737767	3.0
277119870	244737767	3.0
276338543	244737767	4.0
276413515	244737767	5.0
276413883	244737767	5.0
244726397	244737767	2.0
244728119	244737767	2.0
244746749	244737767	1.0
244759399	244737767	1.0
519384549	244737767	2.0
244768464	244737767	0.0
244775775	244737767	3.0
423247653	244737767	4.0
244768915	244737767	2.0
423894006	244737767	5.0
423894148	244737767	4.0
144630614	244737767	4.0
144630629	244737767	5.0
222070334	244737767	4.0
276516890	244737767	4.0
423243993	244737767	4.0
276418310	244737767	4.0
276352168	244737767	5.0
244745904	244737767	1.0
244746746	244737767	1.0
244748696	244737767	1.0
244967817	244737767	3.0
246195789	244737767	3.0
527858945	244737767	4.0
598133091	244737767	4.0
276342236	244737767	4.0
276419328	244737767	4.0
285899562	244737767	1.0
276418181	244737767	4.0
276418182	244737767	4.0
276418183	244737767	4.0
276418313	244737767	4.0
518696795	244737767	4.0
276421928	244737767	4.0
276421933	244737767	4.0
276421934	244737767	4.0
276422486	244737767	3.0
277119871	244737767	3.0
276338542	244737767	4.0
276344030	244737767	4.0
276344083	244737767	4.0
276344992	244737767	4.0
276413870	244737767	5.0
276412864	244737767	5.0
244737772	244737772	0
244737774	244737772	1.0
294357896	244737772	5.0
75917035	244737772	4.0
396595381	244737772	4.0
137353002	244737772	3.0
244776380	244737772	3.0
244777156	244737772	3.0
244790318	244737772	3.0
244790321	244737772	3.0
194908520	244737772	4.0
276414791	244737772	4.0
276418199	244737772	4.0
277110969	244737772	3.0
277119870	244737772	3.0
276338543	244737772	4.0
276413515	244737772	5.0
276413883	244737772	5.0
244726397	244737772	2.0
244728119	244737772	0.0
244746749	244737772	0.0
244759399	244737772	2.0
519384549	244737772	3.0
244768464	244737772	0.0
244775775	244737772	3.0
423247653	244737772	4.0
244768915	244737772	2.0
423894006	244737772	5.0
423894148	244737772	4.0
144630614	244737772	5.0
144630629	244737772	5.0
222070334	244737772	5.0
276516890	244737772	4.0
423243993	244737772	4.0
276418310	244737772	4.0
276352168	244737772	5.0
244745904	244737772	0.0
244746746	244737772	0.0
244748696	244737772	1.0
244967817	244737772	3.0
246195789	244737772	3.0
527858945	244737772	4.0
598133091	244737772	4.0
276342236	244737772	4.0
276419328	244737772	4.0
285899562	244737772	2.0
276418181	244737772	4.0
276418182	244737772	4.0
276418183	244737772	4.0
276418313	244737772	4.0
518696795	244737772	4.0
276421928	244737772	3.0
276421933	244737772	3.0
276421934	244737772	3.0
276422486	244737772	3.0
277119871	244737772	3.0
276338542	244737772	4.0
276344030	244737772	4.0
276344083	244737772	4.0
276344992	244737772	4.0
276413870	244737772	5.0
276412864	244737772	5.0
244737774	244737774	0
294357896	244737774	4.0
75917035	244737774	4.0
396595381	244737774	4.0
137353002	244737774	3.0
244776380	244737774	3.0
244777156	244737774	3.0
244790318	244737774	3.0
244790321	244737774	3.0
194908520	244737774	4.0
276414791	244737774	4.0
276418199	244737774	4.0
277110969	244737774	3.0
277119870	244737774	3.0
276338543	244737774	4.0
276413515	244737774	5.0
276413883	244737774	5.0
244726397	244737774	2.0
244728119	244737774	2.0
244746749	244737774	1.0
244759399	244737774	1.0
519384549	244737774	2.0
244768464	244737774	1.0
244775775	244737774	3.0
423247653	244737774	4.0
244768915	244737774	2.0
423894006	244737774	5.0
423894148	244737774	4.0
144630614	244737774	4.0
144630629	244737774	5.0
222070334	244737774	4.0
276516890	244737774	4.0
423243993	244737774	4.0
276418310	244737774	4.0
276352168	244737774	5.0
244745904	244737774	1.0
244746746	244737774	1.0
244748696	244737774	1.0
244967817	244737774	3.0
246195789	244737774	3.0
527858945	244737774	4.0
598133091	244737774	4.0
276342236	244737774	4.0
276419328	244737774	4.0
285899562	244737774	1.0
276418181	244737774	4.0
276418182	244737774	4.0
276418183	244737774	4.0
276418313	244737774	4.0
518696795	244737774	4.0
276421928	244737774	4.0
276421933	244737774	4.0
276421934	244737774	4.0
276422486	244737774	3.0
277119871	244737774	3.0
276338542	244737774	4.0
276344030	244737774	4.0
276344083	244737774	4.0
276344992	244737774	4.0
276413870	244737774	5.0
276412864	244737774	5.0
294357896	294357896	0
75917035	294357896	4.0
396595381	294357896	4.0
137353002	294357896	5.0
244776380	294357896	5.0
244777156	294357896	5.0
244790318	294357896	5.0
244790321	294357896	5.0
194908520	294357896	4.0
276414791	294357896	4.0
276418199	294357896	4.0
277110969	294357896	5.0
277119870	294357896	5.0
276338543	294357896	3.0
276413515	294357896	4.0
276413883	294357896	4.0
244726397	294357896	4.0
244728119	294357896	5.0
244746749	294357896	5.0
244759399	294357896	4.0
519384549	294357896	4.0
244768464	294357896	5.0
244775775	294357896	5.0
423247653	294357896	4.0
244768915	294357896	5.0
423894006	294357896	4.0
423894148	294357896	4.0
144630614	294357896	4.0
144630629	294357896	4.0
222070334	294357896	4.0
276516890	294357896	4.0
423243993	294357896	5.0
276418310	294357896	4.0
276352168	294357896	4.0
244745904	294357896	5.0
244746746	294357896	5.0
244748696	294357896	5.0
244967817	294357896	5.0
246195789	294357896	5.0
527858945	294357896	3.0
598133091	294357896	3.0
276342236	294357896	3.0
276419328	294357896	3.0
285899562	294357896	4.0
276418181	294357896	3.0
276418182	294357896	3.0
276418183	294357896	3.0
276418313	294357896	3.0
518696795	294357896	3.0
276421928	294357896	4.0
276421933	294357896	4.0
276421934	294357896	4.0
276422486	294357896	4.0
277119871	294357896	5.0
276338542	294357896	3.0
276344030	294357896	3.0
276344083	294357896	3.0
276344992	294357896	3.0
276413870	294357896	4.0
276412864	294357896	5.0
75917035	75917035	0
396595381	75917035	3.0
137353002	75917035	4.0
244776380	75917035	4.0
244777156	75917035	4.0
244790318	75917035	4.0
244790321	75917035	4.0
194908520	75917035	4.0
276414791	75917035	3.0
276418199	75917035	3.0
277110969	75917035	4.0
277119870	75917035	4.0
276338543	75917035	4.0
276413515	75917035	4.0
276413883	75917035	4.0
244726397	75917035	4.0
244728119	75917035	4.0
244746749	75917035	4.0
244759399	75917035	4.0
519384549	75917035	4.0
244768464	75917035	4.0
244775775	75917035	4.0
423247653	75917035	4.0
244768915	75917035	4.0
423894006	75917035	5.0
423894148	75917035	4.0
144630614	75917035	4.0
144630629	75917035	4.0
222070334	75917035	4.0
276516890	75917035	4.0
423243993	75917035	4.0
276418310	75917035	3.0
276352168	75917035	4.0
244745904	75917035	4.0
244746746	75917035	4.0
244748696	75917035	4.0
244967817	75917035	4.0
246195789	75917035	4.0
527858945	75917035	3.0
598133091	75917035	3.0
276342236	75917035	3.0
276419328	75917035	3.0
285899562	75917035	4.0
276418181	75917035	3.0
276418182	75917035	3.0
276418183	75917035	3.0
276418313	75917035	3.0
518696795	75917035	2.0
276421928	75917035	4.0
276421933	75917035	4.0
276421934	75917035	4.0
276422486	75917035	4.0
277119871	75917035	4.0
276338542	75917035	4.0
276344030	75917035	3.0
276344083	75917035	4.0
276344992	75917035	3.0
276413870	75917035	4.0
276412864	75917035	5.0
396595381	396595381	0
137353002	396595381	4.0
244776380	396595381	4.0
244777156	396595381	4.0
244790318	396595381	4.0
244790321	396595381	4.0
194908520	396595381	3.0
276414791	396595381	0.0
276418199	396595381	0.0
277110969	396595381	4.0
277119870	396595381	4.0
276338543	396595381	3.0
276413515	396595381	4.0
276413883	396595381	3.0
244726397	396595381	4.0
244728119	396595381	4.0
244746749	396595381	4.0
244759399	396595381	4.0
519384549	396595381	4.0
244768464	396595381	4.0
244775775	396595381	4.0
423247653	396595381	3.0
244768915	396595381	4.0
423894006	396595381	4.0
423894148	396595381	3.0
144630614	396595381	3.0
144630629	396595381	3.0
222070334	396595381	2.0
276516890	396595381	3.0
423243993	396595381	4.0
276418310	396595381	1.0
276352168	396595381	4.0
244745904	396595381	4.0
244746746	396595381	4.0
244748696	396595381	4.0
244967817	396595381	4.0
246195789	396595381	4.0
527858945	396595381	2.0
598133091	396595381	2.0
276342236	396595381	2.0
276419328	396595381	2.0
285899562	396595381	4.0
276418181	396595381	1.0
276418182	396595381	1.0
276418183	396595381	1.0
276418313	396595381	1.0
518696795	396595381	2.0
276421928	396595381	4.0
276421933	396595381	3.0
276421934	396595381	3.0
276422486	396595381	4.0
277119871	396595381	4.0
276338542	396595381	3.0
276344030	396595381	2.0
276344083	396595381	2.0
276344992	396595381	2.0
276413870	396595381	3.0
276412864	396595381	4.0
137353002	137353002	0
244776380	137353002	0.0
244777156	137353002	0.0
244790318	137353002	1.0
244790321	137353002	0.0
194908520	137353002	4.0
276414791	137353002	4.0
276418199	137353002	4.0
277110969	137353002	0.0
277119870	137353002	1.0
276338543	137353002	4.0
276413515	137353002	5.0
276413883	137353002	4.0
244726397	137353002	4.0
244728119	137353002	3.0
244746749	137353002	3.0
244759399	137353002	3.0
519384549	137353002	3.0
244768464	137353002	3.0
244775775	137353002	3.0
423247653	137353002	4.0
244768915	137353002	2.0
423894006	137353002	5.0
423894148	137353002	5.0
144630614	137353002	4.0
144630629	137353002	4.0
222070334	137353002	4.0
276516890	137353002	4.0
423243993	137353002	3.0
276418310	137353002	4.0
276352168	137353002	5.0
244745904	137353002	3.0
244746746	137353002	3.0
244748696	137353002	3.0
244967817	137353002	1.0
246195789	137353002	1.0
527858945	137353002	4.0
598133091	137353002	4.0
276342236	137353002	4.0
276419328	137353002	4.0
285899562	137353002	3.0
276418181	137353002	4.0
276418182	137353002	4.0
276418183	137353002	4.0
276418313	137353002	4.0
518696795	137353002	4.0
276421928	137353002	3.0
276421933	137353002	3.0
276421934	137353002	3.0
276422486	137353002	3.0
277119871	137353002	1.0
276338542	137353002	5.0
276344030	137353002	4.0
276344083	137353002	5.0
276344992	137353002	4.0
276413870	137353002	4.0
276412864	137353002	6.0
244776380	244776380	0
244777156	244776380	0.0
244790318	244776380	0.0
244790321	244776380	0.0
194908520	244776380	4.0
276414791	244776380	4.0
276418199	244776380	4.0
277110969	244776380	0.0
277119870	244776380	1.0
276338543	244776380	4.0
276413515	244776380	5.0
276413883	244776380	4.0
244726397	244776380	4.0
244728119	244776380	3.0
244746749	244776380	3.0
244759399	244776380	3.0
519384549	244776380	3.0
244768464	244776380	3.0
244775775	244776380	3.0
423247653	244776380	4.0
244768915	244776380	2.0
423894006	244776380	5.0
423894148	244776380	5.0
144630614	244776380	4.0
144630629	244776380	4.0
222070334	244776380	4.0
276516890	244776380	4.0
423243993	244776380	3.0
276418310	244776380	4.0
276352168	244776380	5.0
244745904	244776380	3.0
244746746	244776380	3.0
244748696	244776380	3.0
244967817	244776380	1.0
246195789	244776380	1.0
527858945	244776380	4.0
598133091	244776380	4.0
276342236	244776380	4.0
276419328	244776380	4.0
285899562	244776380	3.0
276418181	244776380	4.0
276418182	244776380	4.0
276418183	244776380	4.0
276418313	244776380	4.0
518696795	244776380	4.0
276421928	244776380	3.0
276421933	244776380	3.0
276421934	244776380	3.0
276422486	244776380	3.0
277119871	244776380	1.0
276338542	244776380	5.0
276344030	244776380	4.0
276344083	244776380	5.0
276344992	244776380	4.0
276413870	244776380	4.0
276412864	244776380	6.0
244777156	244777156	0
244790318	244777156	1.0
244790321	244777156	0.0
194908520	244777156	4.0
276414791	244777156	4.0
276418199	244777156	4.0
277110969	244777156	0.0
277119870	244777156	1.0
276338543	244777156	5.0
276413515	244777156	5.0
276413883	244777156	4.0
244726397	244777156	4.0
244728119	244777156	3.0
244746749	244777156	3.0
244759399	244777156	3.0
519384549	244777156	3.0
244768464	244777156	3.0
244775775	244777156	3.0
423247653	244777156	4.0
244768915	244777156	3.0
423894006	244777156	5.0
423894148	244777156	5.0
144630614	244777156	4.0
144630629	244777156	4.0
222070334	244777156	4.0
276516890	244777156	4.0
423243993	244777156	3.0
276418310	244777156	4.0
276352168	244777156	5.0
244745904	244777156	3.0
244746746	244777156	3.0
244748696	244777156	3.0
244967817	244777156	1.0
246195789	244777156	1.0
527858945	244777156	4.0
598133091	244777156	4.0
276342236	244777156	4.0
276419328	244777156	4.0
285899562	244777156	3.0
276418181	244777156	4.0
276418182	244777156	4.0
276418183	244777156	4.0
276418313	244777156	4.0
518696795	244777156	4.0
276421928	244777156	3.0
276421933	244777156	3.0
276421934	244777156	3.0
276422486	244777156	3.0
277119871	244777156	2.0
276338542	244777156	5.0
276344030	244777156	4.0
276344083	244777156	5.0
276344992	244777156	4.0
276413870	244777156	4.0
276412864	244777156	6.0
244790318	244790318	0
244790321	244790318	0.0
194908520	244790318	4.0
276414791	244790318	4.0
276418199	244790318	4.0
277110969	244790318	1.0
277119870	244790318	0.0
276338543	244790318	4.0
276413515	244790318	5.0
276413883	244790318	4.0
244726397	244790318	4.0
244728119	244790318	3.0
244746749	244790318	3.0
244759399	244790318	3.0
519384549	244790318	3.0
244768464	244790318	3.0
244775775	244790318	3.0
423247653	244790318	3.0
244768915	244790318	3.0
423894006	244790318	5.0
423894148	244790318	5.0
144630614	244790318	4.0
144630629	244790318	4.0
222070334	244790318	4.0
276516890	244790318	4.0
423243993	244790318	3.0
276418310	244790318	4.0
276352168	244790318	5.0
244745904	244790318	3.0
244746746	244790318	3.0
244748696	244790318	3.0
244967817	244790318	0.0
246195789	244790318	0.0
527858945	244790318	4.0
598133091	244790318	4.0
276342236	244790318	4.0
276419328	244790318	4.0
285899562	244790318	3.0
276418181	244790318	4.0
276418182	244790318	4.0
276418183	244790318	4.0
276418313	244790318	4.0
518696795	244790318	4.0
276421928	244790318	3.0
276421933	244790318	3.0
276421934	244790318	3.0
276422486	244790318	3.0
277119871	244790318	1.0
276338542	244790318	4.0
276344030	244790318	4.0
276344083	244790318	4.0
276344992	244790318	4.0
276413870	244790318	4.0
276412864	244790318	5.0
244790321	244790321	0
194908520	244790321	4.0
276414791	244790321	4.0
276418199	244790321	4.0
277110969	244790321	1.0
277119870	244790321	0.0
276338543	244790321	4.0
276413515	244790321	5.0
276413883	244790321	4.0
244726397	244790321	4.0
244728119	244790321	3.0
244746749	244790321	3.0
244759399	244790321	3.0
519384549	244790321	3.0
244768464	244790321	3.0
244775775	244790321	3.0
423247653	244790321	4.0
244768915	244790321	3.0
423894006	244790321	5.0
423894148	244790321	5.0
144630614	244790321	4.0
144630629	244790321	4.0
222070334	244790321	4.0
276516890	244790321	4.0
423243993	244790321	3.0
276418310	244790321	4.0
276352168	244790321	5.0
244745904	244790321	3.0
244746746	244790321	3.0
244748696	244790321	3.0
244967817	244790321	0.0
246195789	244790321	0.0
527858945	244790321	4.0
598133091	244790321	4.0
276342236	244790321	4.0
276419328	244790321	4.0
285899562	244790321	3.0
276418181	244790321	4.0
276418182	244790321	4.0
276418183	244790321	4.0
276418313	244790321	4.0
518696795	244790321	4.0
276421928	244790321	3.0
276421933	244790321	3.0
276421934	244790321	3.0
276422486	244790321	3.0
277119871	244790321	1.0
276338542	244790321	4.0
276344030	244790321	4.0
276344083	244790321	5.0
276344992	244790321	4.0
276413870	244790321	4.0
276412864	244790321	5.0
194908520	194908520	0
276414791	194908520	3.0
276418199	194908520	3.0
277110969	194908520	4.0
277119870	194908520	4.0
276338543	194908520	4.0
276413515	194908520	3.0
276413883	194908520	2.0
244726397	194908520	4.0
244728119	194908520	4.0
244746749	194908520	4.0
244759399	194908520	4.0
519384549	194908520	5.0
244768464	194908520	4.0
244775775	194908520	5.0
423247653	194908520	4.0
244768915	194908520	4.0
423894006	194908520	3.0
423894148	194908520	3.0
144630614	194908520	1.0
144630629	194908520	1.0
222070334	194908520	2.0
276516890	194908520	3.0
423243993	194908520	3.0
276418310	194908520	3.0
276352168	194908520	3.0
244745904	194908520	4.0
244746746	194908520	4.0
244748696	194908520	4.0
244967817	194908520	4.0
246195789	194908520	4.0
527858945	194908520	3.0
598133091	194908520	3.0
276342236	194908520	3.0
276419328	194908520	3.0
285899562	194908520	4.0
276418181	194908520	3.0
276418182	194908520	3.0
276418183	194908520	3.0
276418313	194908520	3.0
518696795	194908520	4.0
276421928	194908520	4.0
276421933	194908520	4.0
276421934	194908520	4.0
276422486	194908520	4.0
277119871	194908520	4.0
276338542	194908520	3.0
276344030	194908520	3.0
276344083	194908520	3.0
276344992	194908520	3.0
276413870	194908520	1.0
276412864	194908520	4.0
276414791	276414791	0
276418199	276414791	0.0
277110969	276414791	4.0
277119870	276414791	4.0
276338543	276414791	3.0
276413515	276414791	4.0
276413883	276414791	3.0
244726397	276414791	4.0
244728119	276414791	4.0
244746749	276414791	4.0
244759399	276414791	4.0
519384549	276414791	4.0
244768464	276414791	4.0
244775775	276414791	4.0
423247653	276414791	3.0
244768915	276414791	4.0
423894006	276414791	4.0
423894148	276414791	3.0
144630614	276414791	3.0
144630629	276414791	3.0
222070334	276414791	2.0
276516890	276414791	4.0
423243993	276414791	3.0
276418310	276414791	1.0
276352168	276414791	4.0
244745904	276414791	4.0
244746746	276414791	4.0
244748696	276414791	4.0
244967817	276414791	4.0
246195789	276414791	4.0
527858945	276414791	2.0
598133091	276414791	2.0
276342236	276414791	2.0
276419328	276414791	2.0
285899562	276414791	4.0
276418181	276414791	1.0
276418182	276414791	1.0
276418183	276414791	1.0
276418313	276414791	1.0
518696795	276414791	2.0
276421928	276414791	3.0
276421933	276414791	3.0
276421934	276414791	3.0
276422486	276414791	3.0
277119871	276414791	4.0
276338542	276414791	3.0
276344030	276414791	2.0
276344083	276414791	2.0
276344992	276414791	2.0
276413870	276414791	3.0
276412864	276414791	4.0
276418199	276418199	0
277110969	276418199	4.0
277119870	276418199	4.0
276338543	276418199	3.0
276413515	276418199	4.0
276413883	276418199	3.0
244726397	276418199	4.0
244728119	276418199	4.0
244746749	276418199	4.0
244759399	276418199	4.0
519384549	276418199	4.0
244768464	276418199	4.0
244775775	276418199	4.0
423247653	276418199	3.0
244768915	276418199	4.0
423894006	276418199	4.0
423894148	276418199	3.0
144630614	276418199	3.0
144630629	276418199	3.0
222070334	276418199	2.0
276516890	276418199	4.0
423243993	276418199	4.0
276418310	276418199	1.0
276352168	276418199	4.0
244745904	276418199	4.0
244746746	276418199	4.0
244748696	276418199	4.0
244967817	276418199	4.0
246195789	276418199	4.0
527858945	276418199	2.0
598133091	276418199	2.0
276342236	276418199	2.0
276419328	276418199	2.0
285899562	276418199	4.0
276418181	276418199	1.0
276418182	276418199	1.0
276418183	276418199	0.0
276418313	276418199	1.0
518696795	276418199	2.0
276421928	276418199	3.0
276421933	276418199	3.0
276421934	276418199	3.0
276422486	276418199	3.0
277119871	276418199	4.0
276338542	276418199	3.0
276344030	276418199	2.0
276344083	276418199	2.0
276344992	276418199	2.0
276413870	276418199	3.0
276412864	276418199	4.0
277110969	277110969	0
277119870	277110969	1.0
276338543	277110969	4.0
276413515	277110969	5.0
276413883	277110969	4.0
244726397	277110969	4.0
244728119	277110969	3.0
244746749	277110969	3.0
244759399	277110969	3.0
519384549	277110969	3.0
244768464	277110969	3.0
244775775	277110969	3.0
423247653	277110969	4.0
244768915	277110969	2.0
423894006	277110969	5.0
423894148	277110969	5.0
144630614	277110969	4.0
144630629	277110969	4.0
222070334	277110969	4.0
276516890	277110969	4.0
423243993	277110969	3.0
276418310	277110969	4.0
276352168	277110969	5.0
244745904	277110969	3.0
244746746	277110969	3.0
244748696	277110969	3.0
244967817	277110969	1.0
246195789	277110969	1.0
527858945	277110969	4.0
598133091	277110969	4.0
276342236	277110969	4.0
276419328	277110969	4.0
285899562	277110969	3.0
276418181	277110969	4.0
276418182	277110969	4.0
276418183	277110969	4.0
276418313	277110969	4.0
518696795	277110969	4.0
276421928	277110969	3.0
276421933	277110969	3.0
276421934	277110969	3.0
276422486	277110969	3.0
277119871	277110969	1.0
276338542	277110969	4.0
276344030	277110969	4.0
276344083	277110969	5.0
276344992	277110969	4.0
276413870	277110969	4.0
276412864	277110969	5.0
277119870	277119870	0
276338543	277119870	4.0
276413515	277119870	5.0
276413883	277119870	4.0
244726397	277119870	4.0
244728119	277119870	3.0
244746749	277119870	3.0
244759399	277119870	3.0
519384549	277119870	3.0
244768464	277119870	3.0
244775775	277119870	3.0
423247653	277119870	3.0
244768915	277119870	2.0
423894006	277119870	5.0
423894148	277119870	4.0
144630614	277119870	4.0
144630629	277119870	4.0
222070334	277119870	4.0
276516890	277119870	4.0
423243993	277119870	3.0
276418310	277119870	4.0
276352168	277119870	5.0
244745904	277119870	3.0
244746746	277119870	3.0
244748696	277119870	3.0
244967817	277119870	0.0
246195789	277119870	0.0
527858945	277119870	4.0
598133091	277119870	4.0
276342236	277119870	4.0
276419328	277119870	4.0
285899562	277119870	3.0
276418181	277119870	4.0
276418182	277119870	4.0
276418183	277119870	4.0
276418313	277119870	4.0
518696795	277119870	4.0
276421928	277119870	2.0
276421933	277119870	3.0
276421934	277119870	3.0
276422486	277119870	3.0
277119871	277119870	0.0
276338542	277119870	4.0
276344030	277119870	4.0
276344083	277119870	4.0
276344992	277119870	4.0
276413870	277119870	4.0
276412864	277119870	5.0
276338543	276338543	0
276413515	276338543	4.0
276413883	276338543	4.0
244726397	276338543	4.0
244728119	276338543	4.0
244746749	276338543	4.0
244759399	276338543	4.0
519384549	276338543	5.0
244768464	276338543	4.0
244775775	276338543	5.0
423247653	276338543	4.0
244768915	276338543	4.0
423894006	276338543	3.0
423894148	276338543	3.0
144630614	276338543	4.0
144630629	276338543	4.0
222070334	276338543	3.0
276516890	276338543	4.0
423243993	276338543	4.0
276418310	276338543	3.0
276352168	276338543	3.0
244745904	276338543	4.0
244746746	276338543	4.0
244748696	276338543	4.0
244967817	276338543	4.0
246195789	276338543	4.0
527858945	276338543	2.0
598133091	276338543	2.0
276342236	276338543	1.0
276419328	276338543	2.0
285899562	276338543	4.0
276418181	276338543	3.0
276418182	276338543	3.0
276418183	276338543	3.0
276418313	276338543	3.0
518696795	276338543	3.0
276421928	276338543	4.0
276421933	276338543	4.0
276421934	276338543	4.0
276422486	276338543	4.0
277119871	276338543	4.0
276338542	276338543	2.0
276344030	276338543	2.0
276344083	276338543	2.0
276344992	276338543	3.0
276413870	276338543	4.0
276412864	276338543	4.0
276413515	276413515	0
276413883	276413515	3.0
244726397	276413515	5.0
244728119	276413515	5.0
244746749	276413515	5.0
244759399	276413515	5.0
519384549	276413515	5.0
244768464	276413515	5.0
244775775	276413515	5.0
423247653	276413515	4.0
244768915	276413515	5.0
423894006	276413515	1.0
423894148	276413515	4.0
144630614	276413515	3.0
144630629	276413515	3.0
222070334	276413515	3.0
276516890	276413515	4.0
423243993	276413515	4.0
276418310	276413515	4.0
276352168	276413515	1.0
244745904	276413515	5.0
244746746	276413515	5.0
244748696	276413515	5.0
244967817	276413515	5.0
246195789	276413515	5.0
527858945	276413515	4.0
598133091	276413515	4.0
276342236	276413515	4.0
276419328	276413515	4.0
285899562	276413515	5.0
276418181	276413515	4.0
276418182	276413515	4.0
276418183	276413515	4.0
276418313	276413515	4.0
518696795	276413515	4.0
276421928	276413515	4.0
276421933	276413515	4.0
276421934	276413515	4.0
276422486	276413515	5.0
277119871	276413515	5.0
276338542	276413515	3.0
276344030	276413515	3.0
276344083	276413515	3.0
276344992	276413515	4.0
276413870	276413515	3.0
276412864	276413515	2.0
276413883	276413883	0
244726397	276413883	5.0
244728119	276413883	5.0
244746749	276413883	5.0
244759399	276413883	5.0
519384549	276413883	5.0
244768464	276413883	5.0
244775775	276413883	5.0
423247653	276413883	4.0
244768915	276413883	4.0
423894006	276413883	3.0
423894148	276413883	3.0
144630614	276413883	1.0
144630629	276413883	0.0
222070334	276413883	2.0
276516890	276413883	3.0
423243993	276413883	3.0
276418310	276413883	3.0
276352168	276413883	3.0
244745904	276413883	5.0
244746746	276413883	5.0
244748696	276413883	5.0
244967817	276413883	4.0
246195789	276413883	4.0
527858945	276413883	3.0
598133091	276413883	3.0
276342236	276413883	3.0
276419328	276413883	3.0
285899562	276413883	5.0
276418181	276413883	3.0
276418182	276413883	3.0
276418183	276413883	3.0
276418313	276413883	3.0
518696795	276413883	4.0
276421928	276413883	4.0
276421933	276413883	4.0
276421934	276413883	4.0
276422486	276413883	4.0
277119871	276413883	4.0
276338542	276413883	3.0
276344030	276413883	3.0
276344083	276413883	3.0
276344992	276413883	3.0
276413870	276413883	0.0
276412864	276413883	3.0
244726397	244726397	0
244728119	244726397	2.0
244746749	244726397	2.0
244759399	244726397	2.0
519384549	244726397	3.0
244768464	244726397	2.0
244775775	244726397	3.0
423247653	244726397	4.0
244768915	244726397	3.0
423894006	244726397	5.0
423894148	244726397	4.0
144630614	244726397	4.0
144630629	244726397	4.0
222070334	244726397	4.0
276516890	244726397	4.0
423243993	244726397	4.0
276418310	244726397	3.0
276352168	244726397	5.0
244745904	244726397	2.0
244746746	244726397	2.0
244748696	244726397	3.0
244967817	244726397	4.0
246195789	244726397	4.0
527858945	244726397	4.0
598133091	244726397	4.0
276342236	244726397	4.0
276419328	244726397	4.0
285899562	244726397	1.0
276418181	244726397	4.0
276418182	244726397	4.0
276418183	244726397	4.0
276418313	244726397	4.0
518696795	244726397	3.0
276421928	244726397	4.0
276421933	244726397	4.0
276421934	244726397	4.0
276422486	244726397	3.0
277119871	244726397	4.0
276338542	244726397	4.0
276344030	244726397	4.0
276344083	244726397	4.0
276344992	244726397	4.0
276413870	244726397	4.0
276412864	244726397	5.0
244728119	244728119	0
244746749	244728119	1.0
244759399	244728119	1.0
519384549	244728119	2.0
244768464	244728119	1.0
244775775	244728119	3.0
423247653	244728119	4.0
244768915	244728119	2.0
423894006	244728119	5.0
423894148	244728119	4.0
144630614	244728119	5.0
144630629	244728119	5.0
222070334	244728119	4.0
276516890	244728119	4.0
423243993	244728119	4.0
276418310	244728119	4.0
276352168	244728119	5.0
244745904	244728119	1.0
244746746	244728119	1.0
244748696	244728119	2.0
244967817	244728119	3.0
246195789	244728119	3.0
527858945	244728119	4.0
598133091	244728119	4.0
276342236	244728119	4.0
276419328	244728119	4.0
285899562	244728119	1.0
276418181	244728119	4.0
276418182	244728119	4.0
276418183	244728119	4.0
276418313	244728119	4.0
518696795	244728119	4.0
276421928	244728119	4.0
276421933	244728119	4.0
276421934	244728119	4.0
276422486	244728119	3.0
277119871	244728119	3.0
276338542	244728119	4.0
276344030	244728119	4.0
276344083	244728119	4.0
276344992	244728119	4.0
276413870	244728119	5.0
276412864	244728119	5.0
244746749	244746749	0
244759399	244746749	2.0
519384549	244746749	3.0
244768464	244746749	1.0
244775775	244746749	3.0
423247653	244746749	4.0
244768915	244746749	2.0
423894006	244746749	5.0
423894148	244746749	4.0
144630614	244746749	5.0
144630629	244746749	5.0
222070334	244746749	5.0
276516890	244746749	4.0
423243993	244746749	4.0
276418310	244746749	4.0
276352168	244746749	5.0
244745904	244746749	0.0
244746746	244746749	0.0
244748696	244746749	1.0
244967817	244746749	3.0
246195789	244746749	3.0
527858945	244746749	4.0
598133091	244746749	4.0
276342236	244746749	4.0
276419328	244746749	4.0
285899562	244746749	2.0
276418181	244746749	4.0
276418182	244746749	4.0
276418183	244746749	4.0
276418313	244746749	4.0
518696795	244746749	4.0
276421928	244746749	3.0
276421933	244746749	3.0
276421934	244746749	3.0
276422486	244746749	3.0
277119871	244746749	3.0
276338542	244746749	4.0
276344030	244746749	4.0
276344083	244746749	4.0
276344992	244746749	4.0
276413870	244746749	5.0
276412864	244746749	5.0
244759399	244759399	0
519384549	244759399	2.0
244768464	244759399	2.0
244775775	244759399	3.0
423247653	244759399	4.0
244768915	244759399	1.0
423894006	244759399	5.0
423894148	244759399	4.0
144630614	244759399	4.0
144630629	244759399	5.0
222070334	244759399	4.0
276516890	244759399	4.0
423243993	244759399	4.0
276418310	244759399	4.0
276352168	244759399	5.0
244745904	244759399	2.0
244746746	244759399	2.0
244748696	244759399	2.0
244967817	244759399	3.0
246195789	244759399	3.0
527858945	244759399	4.0
598133091	244759399	4.0
276342236	244759399	4.0
276419328	244759399	4.0
285899562	244759399	1.0
276418181	244759399	4.0
276418182	244759399	4.0
276418183	244759399	4.0
276418313	244759399	4.0
518696795	244759399	4.0
276421928	244759399	3.0
276421933	244759399	3.0
276421934	244759399	3.0
276422486	244759399	3.0
277119871	244759399	3.0
276338542	244759399	4.0
276344030	244759399	4.0
276344083	244759399	4.0
276344992	244759399	4.0
276413870	244759399	5.0
276412864	244759399	5.0
519384549	519384549	0
244768464	519384549	2.0
244775775	519384549	3.0
423247653	519384549	4.0
244768915	519384549	3.0
423894006	519384549	5.0
423894148	519384549	4.0
144630614	519384549	5.0
144630629	519384549	5.0
222070334	519384549	4.0
276516890	519384549	4.0
423243993	519384549	4.0
276418310	519384549	3.0
276352168	519384549	5.0
244745904	519384549	3.0
244746746	519384549	3.0
244748696	519384549	3.0
244967817	519384549	3.0
246195789	519384549	3.0
527858945	519384549	4.0
598133091	519384549	4.0
276342236	519384549	4.0
276419328	519384549	4.0
285899562	519384549	2.0
276418181	519384549	4.0
276418182	519384549	4.0
276418183	519384549	4.0
276418313	519384549	4.0
518696795	519384549	3.0
276421928	519384549	3.0
276421933	519384549	3.0
276421934	519384549	3.0
276422486	519384549	3.0
277119871	519384549	4.0
276338542	519384549	4.0
276344030	519384549	4.0
276344083	519384549	4.0
276344992	519384549	4.0
276413870	519384549	5.0
276412864	519384549	6.0
244768464	244768464	0
244775775	244768464	2.0
423247653	244768464	4.0
244768915	244768464	2.0
423894006	244768464	5.0
423894148	244768464	4.0
144630614	244768464	5.0
144630629	244768464	5.0
222070334	244768464	4.0
276516890	244768464	4.0
423243993	244768464	4.0
276418310	244768464	4.0
276352168	244768464	5.0
244745904	244768464	0.0
244746746	244768464	0.0
244748696	244768464	0.0
244967817	244768464	3.0
246195789	244768464	3.0
527858945	244768464	4.0
598133091	244768464	4.0
276342236	244768464	4.0
276419328	244768464	4.0
285899562	244768464	1.0
276418181	244768464	4.0
276418182	244768464	4.0
276418183	244768464	4.0
276418313	244768464	4.0
518696795	244768464	4.0
276421928	244768464	3.0
276421933	244768464	3.0
276421934	244768464	3.0
276422486	244768464	3.0
277119871	244768464	3.0
276338542	244768464	4.0
276344030	244768464	4.0
276344083	244768464	4.0
276344992	244768464	4.0
276413870	244768464	5.0
276412864	244768464	5.0
244775775	244775775	0
423247653	244775775	4.0
244768915	244775775	3.0
423894006	244775775	5.0
423894148	244775775	5.0
144630614	244775775	5.0
144630629	244775775	5.0
222070334	244775775	5.0
276516890	244775775	4.0
423243993	244775775	4.0
276418310	244775775	4.0
276352168	244775775	5.0
244745904	244775775	3.0
244746746	244775775	3.0
244748696	244775775	2.0
244967817	244775775	3.0
246195789	244775775	3.0
527858945	244775775	4.0
598133091	244775775	4.0
276342236	244775775	4.0
276419328	244775775	4.0
285899562	244775775	3.0
276418181	244775775	4.0
276418182	244775775	4.0
276418183	244775775	4.0
276418313	244775775	4.0
518696795	244775775	4.0
276421928	244775775	3.0
276421933	244775775	3.0
276421934	244775775	3.0
276422486	244775775	3.0
277119871	244775775	3.0
276338542	244775775	5.0
276344030	244775775	5.0
276344083	244775775	5.0
276344992	244775775	5.0
276413870	244775775	5.0
276412864	244775775	6.0
423247653	423247653	0
244768915	423247653	3.0
423894006	423247653	4.0
423894148	423247653	4.0
144630614	423247653	4.0
144630629	423247653	4.0
222070334	423247653	4.0
276516890	423247653	3.0
423243993	423247653	3.0
276418310	423247653	3.0
276352168	423247653	4.0
244745904	423247653	4.0
244746746	423247653	4.0
244748696	423247653	4.0
244967817	423247653	3.0
246195789	423247653	3.0
527858945	423247653	3.0
598133091	423247653	3.0
276342236	423247653	4.0
276419328	423247653	4.0
285899562	423247653	4.0
276418181	423247653	3.0
276418182	423247653	3.0
276418183	423247653	3.0
276418313	423247653	3.0
518696795	423247653	3.0
276421928	423247653	3.0
276421933	423247653	2.0
276421934	423247653	2.0
276422486	423247653	2.0
277119871	423247653	3.0
276338542	423247653	4.0
276344030	423247653	4.0
276344083	423247653	4.0
276344992	423247653	4.0
276413870	423247653	4.0
276412864	423247653	5.0
244768915	244768915	0
423894006	244768915	5.0
423894148	244768915	4.0
144630614	244768915	4.0
144630629	244768915	4.0
222070334	244768915	4.0
276516890	244768915	4.0
423243993	244768915	4.0
276418310	244768915	4.0
276352168	244768915	5.0
244745904	244768915	2.0
244746746	244768915	2.0
244748696	244768915	2.0
244967817	244768915	2.0
246195789	244768915	3.0
527858945	244768915	4.0
598133091	244768915	4.0
276342236	244768915	4.0
276419328	244768915	4.0
285899562	244768915	2.0
276418181	244768915	4.0
276418182	244768915	4.0
276418183	244768915	4.0
276418313	244768915	4.0
518696795	244768915	4.0
276421928	244768915	3.0
276421933	244768915	3.0
276421934	244768915	3.0
276422486	244768915	2.0
277119871	244768915	2.0
276338542	244768915	4.0
276344030	244768915	4.0
276344083	244768915	4.0
276344992	244768915	4.0
276413870	244768915	4.0
276412864	244768915	5.0
423894006	423894006	0
423894148	423894006	3.0
144630614	423894006	3.0
144630629	423894006	3.0
222070334	423894006	3.0
276516890	423894006	3.0
423243993	423894006	4.0
276418310	423894006	4.0
276352168	423894006	1.0
244745904	423894006	5.0
244746746	423894006	5.0
244748696	423894006	5.0
244967817	423894006	5.0
246195789	423894006	5.0
527858945	423894006	4.0
598133091	423894006	4.0
276342236	423894006	4.0
276419328	423894006	4.0
285899562	423894006	5.0
276418181	423894006	4.0
276418182	423894006	4.0
276418183	423894006	4.0
276418313	423894006	4.0
518696795	423894006	4.0
276421928	423894006	4.0
276421933	423894006	4.0
276421934	423894006	4.0
276422486	423894006	5.0
277119871	423894006	4.0
276338542	423894006	3.0
276344030	423894006	3.0
276344083	423894006	3.0
276344992	423894006	4.0
276413870	423894006	3.0
276412864	423894006	3.0
423894148	423894148	0
144630614	423894148	3.0
144630629	423894148	3.0
222070334	423894148	4.0
276516890	423894148	4.0
423243993	423894148	4.0
276418310	423894148	3.0
276352168	423894148	3.0
244745904	423894148	4.0
244746746	423894148	4.0
244748696	423894148	4.0
244967817	423894148	4.0
246195789	423894148	5.0
527858945	423894148	3.0
598133091	423894148	3.0
276342236	423894148	3.0
276419328	423894148	3.0
285899562	423894148	4.0
276418181	423894148	3.0
276418182	423894148	3.0
276418183	423894148	3.0
276418313	423894148	3.0
518696795	423894148	3.0
276421928	423894148	4.0
276421933	423894148	4.0
276421934	423894148	4.0
276422486	423894148	4.0
277119871	423894148	4.0
276338542	423894148	3.0
276344030	423894148	3.0
276344083	423894148	3.0
276344992	423894148	3.0
276413870	423894148	3.0
276412864	423894148	4.0
144630614	144630614	0
144630629	144630614	1.0
222070334	144630614	1.0
276516890	144630614	2.0
423243993	144630614	3.0
276418310	144630614	3.0
276352168	144630614	3.0
244745904	144630614	5.0
244746746	144630614	5.0
244748696	144630614	5.0
244967817	144630614	4.0
246195789	144630614	4.0
527858945	144630614	3.0
598133091	144630614	3.0
276342236	144630614	3.0
276419328	144630614	3.0
285899562	144630614	4.0
276418181	144630614	3.0
276418182	144630614	3.0
276418183	144630614	3.0
276418313	144630614	3.0
518696795	144630614	3.0
276421928	144630614	4.0
276421933	144630614	4.0
276421934	144630614	4.0
276422486	144630614	4.0
277119871	144630614	4.0
276338542	144630614	3.0
276344030	144630614	3.0
276344083	144630614	3.0
276344992	144630614	3.0
276413870	144630614	0.0
276412864	144630614	3.0
144630629	144630629	0
222070334	144630629	2.0
276516890	144630629	3.0
423243993	144630629	3.0
276418310	144630629	3.0
276352168	144630629	3.0
244745904	144630629	5.0
244746746	144630629	5.0
244748696	144630629	5.0
244967817	144630629	4.0
246195789	144630629	4.0
527858945	144630629	3.0
598133091	144630629	3.0
276342236	144630629	3.0
276419328	144630629	3.0
285899562	144630629	5.0
276418181	144630629	3.0
276418182	144630629	3.0
276418183	144630629	3.0
276418313	144630629	3.0
518696795	144630629	4.0
276421928	144630629	4.0
276421933	144630629	4.0
276421934	144630629	4.0
276422486	144630629	4.0
277119871	144630629	4.0
276338542	144630629	4.0
276344030	144630629	3.0
276344083	144630629	3.0
276344992	144630629	3.0
276413870	144630629	0.0
276412864	144630629	3.0
222070334	222070334	0
276516890	222070334	3.0
423243993	222070334	3.0
276418310	222070334	3.0
276352168	222070334	3.0
244745904	222070334	5.0
244746746	222070334	5.0
244748696	222070334	4.0
244967817	222070334	4.0
246195789	222070334	4.0
527858945	222070334	3.0
598133091	222070334	3.0
276342236	222070334	3.0
276419328	222070334	3.0
285899562	222070334	4.0
276418181	222070334	3.0
276418182	222070334	3.0
276418183	222070334	3.0
276418313	222070334	3.0
518696795	222070334	3.0
276421928	222070334	4.0
276421933	222070334	4.0
276421934	222070334	4.0
276422486	222070334	4.0
277119871	222070334	4.0
276338542	222070334	3.0
276344030	222070334	3.0
276344083	222070334	2.0
276344992	222070334	3.0
276413870	222070334	2.0
276412864	222070334	4.0
276516890	276516890	0
423243993	276516890	2.0
276418310	276516890	3.0
276352168	276516890	3.0
244745904	276516890	4.0
244746746	276516890	4.0
244748696	276516890	4.0
244967817	276516890	4.0
246195789	276516890	4.0
527858945	276516890	4.0
598133091	276516890	4.0
276342236	276516890	4.0
276419328	276516890	4.0
285899562	276516890	4.0
276418181	276516890	4.0
276418182	276516890	4.0
276418183	276516890	4.0
276418313	276516890	4.0
518696795	276516890	4.0
276421928	276516890	3.0
276421933	276516890	3.0
276421934	276516890	3.0
276422486	276516890	3.0
277119871	276516890	4.0
276338542	276516890	4.0
276344030	276516890	4.0
276344083	276516890	4.0
276344992	276516890	4.0
276413870	276516890	2.0
276412864	276516890	4.0
423243993	423243993	0
276418310	423243993	3.0
276352168	423243993	4.0
244745904	423243993	4.0
244746746	423243993	4.0
244748696	423243993	4.0
244967817	423243993	3.0
246195789	423243993	3.0
527858945	423243993	4.0
598133091	423243993	4.0
276342236	423243993	4.0
276419328	423243993	4.0
285899562	423243993	4.0
276418181	423243993	4.0
276418182	423243993	3.0
276418183	423243993	3.0
276418313	423243993	4.0
518696795	423243993	3.0
276421928	423243993	2.0
276421933	423243993	3.0
276421934	423243993	3.0
276422486	423243993	3.0
277119871	423243993	3.0
276338542	423243993	4.0
276344030	423243993	4.0
276344083	423243993	4.0
276344992	423243993	4.0
276413870	423243993	3.0
276412864	423243993	4.0
276418310	276418310	0
276352168	276418310	4.0
244745904	276418310	4.0
244746746	276418310	4.0
244748696	276418310	4.0
244967817	276418310	4.0
246195789	276418310	4.0
527858945	276418310	2.0
598133091	276418310	2.0
276342236	276418310	2.0
276419328	276418310	2.0
285899562	276418310	4.0
276418181	276418310	1.0
276418182	276418310	1.0
276418183	276418310	0.0
276418313	276418310	1.0
518696795	276418310	1.0
276421928	276418310	3.0
276421933	276418310	3.0
276421934	276418310	3.0
276422486	276418310	3.0
277119871	276418310	3.0
276338542	276418310	3.0
276344030	276418310	2.0
276344083	276418310	3.0
276344992	276418310	2.0
276413870	276418310	3.0
276412864	276418310	4.0
276352168	276352168	0
244745904	276352168	5.0
244746746	276352168	5.0
244748696	276352168	5.0
244967817	276352168	5.0
246195789	276352168	5.0
527858945	276352168	4.0
598133091	276352168	4.0
276342236	276352168	4.0
276419328	276352168	4.0
285899562	276352168	5.0
276418181	276352168	4.0
276418182	276352168	4.0
276418183	276352168	4.0
276418313	276352168	4.0
518696795	276352168	4.0
276421928	276352168	4.0
276421933	276352168	4.0
276421934	276352168	4.0
276422486	276352168	5.0
277119871	276352168	4.0
276338542	276352168	3.0
276344030	276352168	3.0
276344083	276352168	3.0
276344992	276352168	4.0
276413870	276352168	3.0
276412864	276352168	2.0
244745904	244745904	0
244746746	244745904	0.0
244748696	244745904	1.0
244967817	244745904	3.0
246195789	244745904	3.0
527858945	244745904	4.0
598133091	244745904	4.0
276342236	244745904	4.0
276419328	244745904	4.0
285899562	244745904	2.0
276418181	244745904	4.0
276418182	244745904	4.0
276418183	244745904	4.0
276418313	244745904	4.0
518696795	244745904	4.0
276421928	244745904	3.0
276421933	244745904	3.0
276421934	244745904	3.0
276422486	244745904	3.0
277119871	244745904	3.0
276338542	244745904	4.0
276344030	244745904	4.0
276344083	244745904	4.0
276344992	244745904	4.0
276413870	244745904	5.0
276412864	244745904	5.0
244746746	244746746	0
244748696	244746746	1.0
244967817	244746746	3.0
246195789	244746746	3.0
527858945	244746746	4.0
598133091	244746746	4.0
276342236	244746746	4.0
276419328	244746746	4.0
285899562	244746746	2.0
276418181	244746746	4.0
276418182	244746746	4.0
276418183	244746746	4.0
276418313	244746746	4.0
518696795	244746746	4.0
276421928	244746746	3.0
276421933	244746746	3.0
276421934	244746746	3.0
276422486	244746746	3.0
277119871	244746746	3.0
276338542	244746746	4.0
276344030	244746746	4.0
276344083	244746746	4.0
276344992	244746746	4.0
276413870	244746746	5.0
276412864	244746746	5.0
244748696	244748696	0
244967817	244748696	3.0
246195789	244748696	3.0
527858945	244748696	4.0
598133091	244748696	4.0
276342236	244748696	4.0
276419328	244748696	4.0
285899562	244748696	2.0
276418181	244748696	4.0
276418182	244748696	4.0
276418183	244748696	4.0
276418313	244748696	4.0
518696795	244748696	4.0
276421928	244748696	3.0
276421933	244748696	3.0
276421934	244748696	3.0
276422486	244748696	3.0
277119871	244748696	3.0
276338542	244748696	4.0
276344030	244748696	4.0
276344083	244748696	4.0
276344992	244748696	4.0
276413870	244748696	5.0
276412864	244748696	5.0
244967817	244967817	0
246195789	244967817	0.0
527858945	244967817	4.0
598133091	244967817	4.0
276342236	244967817	4.0
276419328	244967817	4.0
285899562	244967817	3.0
276418181	244967817	4.0
276418182	244967817	4.0
276418183	244967817	4.0
276418313	244967817	4.0
518696795	244967817	4.0
276421928	244967817	3.0
276421933	244967817	3.0
276421934	244967817	3.0
276422486	244967817	3.0
277119871	244967817	0.0
276338542	244967817	4.0
276344030	244967817	4.0
276344083	244967817	4.0
276344992	244967817	4.0
276413870	244967817	4.0
276412864	244967817	5.0
246195789	246195789	0
527858945	246195789	4.0
598133091	246195789	4.0
276342236	246195789	4.0
276419328	246195789	4.0
285899562	246195789	3.0
276418181	246195789	4.0
276418182	246195789	4.0
276418183	246195789	4.0
276418313	246195789	4.0
518696795	246195789	4.0
276421928	246195789	3.0
276421933	246195789	3.0
276421934	246195789	3.0
276422486	246195789	3.0
277119871	246195789	0.0
276338542	246195789	4.0
276344030	246195789	4.0
276344083	246195789	4.0
276344992	246195789	4.0
276413870	246195789	4.0
276412864	246195789	5.0
527858945	527858945	0
598133091	527858945	1.0
276342236	527858945	2.0
276419328	527858945	0.0
285899562	527858945	4.0
276418181	527858945	2.0
276418182	527858945	2.0
276418183	527858945	1.0
276418313	527858945	2.0
518696795	527858945	2.0
276421928	527858945	4.0
276421933	527858945	4.0
276421934	527858945	4.0
276422486	527858945	4.0
277119871	527858945	4.0
276338542	527858945	3.0
276344030	527858945	2.0
276344083	527858945	3.0
276344992	527858945	1.0
276413870	527858945	3.0
276412864	527858945	4.0
598133091	598133091	0
276342236	598133091	2.0
276419328	598133091	1.0
285899562	598133091	4.0
276418181	598133091	1.0
276418182	598133091	2.0
276418183	598133091	2.0
276418313	598133091	1.0
518696795	598133091	1.0
276421928	598133091	4.0
276421933	598133091	4.0
276421934	598133091	4.0
276422486	598133091	4.0
277119871	598133091	4.0
276338542	598133091	3.0
276344030	598133091	2.0
276344083	598133091	3.0
276344992	598133091	2.0
276413870	598133091	3.0
276412864	598133091	4.0
276342236	276342236	0
276419328	276342236	1.0
285899562	276342236	4.0
276418181	276342236	2.0
276418182	276342236	2.0
276418183	276342236	2.0
276418313	276342236	2.0
518696795	276342236	2.0
276421928	276342236	4.0
276421933	276342236	4.0
276421934	276342236	4.0
276422486	276342236	4.0
277119871	276342236	4.0
276338542	276342236	2.0
276344030	276342236	1.0
276344083	276342236	2.0
276344992	276342236	1.0
276413870	276342236	3.0
276412864	276342236	4.0
276419328	276419328	0
285899562	276419328	4.0
276418181	276419328	2.0
276418182	276419328	1.0
276418183	276419328	1.0
276418313	276419328	2.0
518696795	276419328	2.0
276421928	276419328	4.0
276421933	276419328	4.0
276421934	276419328	4.0
276422486	276419328	4.0
277119871	276419328	4.0
276338542	276419328	3.0
276344030	276419328	2.0
276344083	276419328	2.0
276344992	276419328	1.0
276413870	276419328	3.0
276412864	276419328	4.0
285899562	285899562	0
276418181	285899562	4.0
276418182	285899562	4.0
276418183	285899562	4.0
276418313	285899562	4.0
518696795	285899562	3.0
276421928	285899562	4.0
276421933	285899562	4.0
276421934	285899562	4.0
276422486	285899562	3.0
277119871	285899562	3.0
276338542	285899562	4.0
276344030	285899562	4.0
276344083	285899562	4.0
276344992	285899562	4.0
276413870	285899562	5.0
276412864	285899562	5.0
276418181	276418181	0
276418182	276418181	0.0
276418183	276418181	0.0
276418313	276418181	0.0
518696795	276418181	0.0
276421928	276418181	4.0
276421933	276418181	4.0
276421934	276418181	4.0
276422486	276418181	4.0
277119871	276418181	4.0
276338542	276418181	3.0
276344030	276418181	3.0
276344083	276418181	3.0
276344992	276418181	2.0
276413870	276418181	3.0
276412864	276418181	4.0
276418182	276418182	0
276418183	276418182	0.0
276418313	276418182	0.0
518696795	276418182	1.0
276421928	276418182	3.0
276421933	276418182	3.0
276421934	276418182	3.0
276422486	276418182	4.0
277119871	276418182	4.0
276338542	276418182	3.0
276344030	276418182	2.0
276344083	276418182	3.0
276344992	276418182	2.0
276413870	276418182	3.0
276412864	276418182	4.0
276418183	276418183	0
276418313	276418183	0.0
518696795	276418183	1.0
276421928	276418183	3.0
276421933	276418183	3.0
276421934	276418183	3.0
276422486	276418183	3.0
277119871	276418183	4.0
276338542	276418183	3.0
276344030	276418183	2.0
276344083	276418183	2.0
276344992	276418183	2.0
276413870	276418183	3.0
276412864	276418183	4.0
276418313	276418313	0
518696795	276418313	0.0
276421928	276418313	4.0
276421933	276418313	4.0
276421934	276418313	4.0
276422486	276418313	3.0
277119871	276418313	4.0
276338542	276418313	3.0
276344030	276418313	3.0
276344083	276418313	3.0
276344992	276418313	2.0
276413870	276418313	3.0
276412864	276418313	4.0
518696795	518696795	0
276421928	518696795	3.0
276421933	518696795	3.0
276421934	518696795	3.0
276422486	518696795	3.0
277119871	518696795	4.0
276338542	518696795	3.0
276344030	518696795	3.0
276344083	518696795	3.0
276344992	518696795	2.0
276413870	518696795	4.0
276412864	518696795	4.0
276421928	276421928	0
276421933	276421928	0.0
276421934	276421928	0.0
276422486	276421928	2.0
277119871	276421928	2.0
276338542	276421928	4.0
276344030	276421928	4.0
276344083	276421928	4.0
276344992	276421928	4.0
276413870	276421928	4.0
276412864	276421928	5.0
276421933	276421933	0
276421934	276421933	0.0
276422486	276421933	1.0
277119871	276421933	2.0
276338542	276421933	4.0
276344030	276421933	4.0
276344083	276421933	4.0
276344992	276421933	4.0
276413870	276421933	4.0
276412864	276421933	5.0
276421934	276421934	0
276422486	276421934	2.0
277119871	276421934	2.0
276338542	276421934	4.0
276344030	276421934	4.0
276344083	276421934	4.0
276344992	276421934	4.0
276413870	276421934	4.0
276412864	276421934	5.0
276422486	276422486	0
277119871	276422486	3.0
276338542	276422486	4.0
276344030	276422486	4.0
276344083	276422486	4.0
276344992	276422486	4.0
276413870	276422486	4.0
276412864	276422486	5.0
277119871	277119871	0
276338542	277119871	4.0
276344030	277119871	4.0
276344083	277119871	4.0
276344992	277119871	4.0
276413870	277119871	4.0
276412864	277119871	5.0
276338542	276338542	0
276344030	276338542	2.0
276344083	276338542	2.0
276344992	276338542	3.0
276413870	276338542	4.0
276412864	276338542	3.0
276344030	276344030	0
276344083	276344030	1.0
276344992	276344030	1.0
276413870	276344030	3.0
276412864	276344030	4.0
276344083	276344083	0
276344992	276344083	2.0
276413870	276344083	3.0
276412864	276344083	4.0
276344992	276344992	0
276413870	276344992	3.0
276412864	276344992	4.0
276413870	276413870	0
276412864	276413870	3.0
276412864	276412864	0
