276410720	[101,-102.0,1.0]	40.87928183453608	-73.88622308402067	0.07267646045000016	0.42427206253583505	0.29413995391676734	0.0013444782306898432	0.632258064516129	0.23773982487361328
294249216	[-26,3.0,23.0]	40.86395262	-73.90496895999999	0.07267646045000016	0.42427206253583505	0.29413995391676734	0.0013444782306898432	0.632258064516129	0.23773982487361328
294249230	[-38,19.0,19.0]	40.8631682923077	-73.90784196153845	0.07267646045000016	0.42427206253583505	0.29413995391676734	0.0013444782306898432	0.632258064516129	0.23773982487361328
294357875	[-32,9.0,23.0]	40.86341924	-73.90593326	0.07267646045000016	0.42427206253583505	0.29413995391676734	0.0013444782306898432	0.632258064516129	0.23773982487361328
294357876	[-31,8.0,23.0]	40.86350708	-73.90571231999999	0.07267646045000016	0.42427206253583505	0.29413995391676734	0.0013444782306898432	0.632258064516129	0.23773982487361328
294357883	[-39,31.0,8.0]	40.864140500000005	-73.90995044	0.07267646045000016	0.42427206253583505	0.29413995391676734	0.0013444782306898432	0.632258064516129	0.23773982487361328
294357884	[-38,31.0,7.0]	40.864378779999996	-73.90977802	0.07267646045000016	0.42427206253583505	0.29413995391676734	0.0013444782306898432	0.632258064516129	0.23773982487361328
294357885	[-41,32.0,9.0]	40.863819459999995	-73.91000799999999	0.07267646045000016	0.42427206253583505	0.29413995391676734	0.0013444782306898432	0.632258064516129	0.23773982487361328
294357886	[-43,33.0,10.0]	40.86353842	-73.91015308	0.07267646045000016	0.42427206253583505	0.29413995391676734	0.0013444782306898432	0.632258064516129	0.23773982487361328
294357887	[-45,33.0,12.0]	40.86315763333333	-73.91034934444444	0.07267646045000016	0.42427206253583505	0.29413995391676734	0.0013444782306898432	0.632258064516129	0.23773982487361328
294249217	[-25,1.0,24.0]	40.864007588235296	-73.90456077647057	0.07267646045000016	0.42427206253583505	0.29413995391676734	0.0013444782306898432	0.632258064516129	0.23773982487361328
294249218	[-26,1.0,25.0]	40.863763520000006	-73.90456723999999	0.07267646045000016	0.42427206253583505	0.29413995391676734	0.0013444782306898432	0.632258064516129	0.23773982487361328
305085961	[3,-39.0,36.0]	40.86568566	-73.8974975	0.07267646045000016	0.42427206253583505	0.29413995391676734	0.0013444782306898432	0.632258064516129	0.23773982487361328
305085962	[1,-38.0,37.0]	40.86533706	-73.89755733999999	0.07267646045000016	0.42427206253583505	0.29413995391676734	0.0013444782306898432	0.632258064516129	0.23773982487361328
305085963	[2,-34.0,32.0]	40.86592064	-73.89826118	0.07267646045000016	0.42427206253583505	0.29413995391676734	0.0013444782306898432	0.632258064516129	0.23773982487361328
305085964	[1,-37.0,36.0]	40.865400599999994	-73.89770784	0.07267646045000016	0.42427206253583505	0.29413995391676734	0.0013444782306898432	0.632258064516129	0.23773982487361328
305085965	[2,-40.0,38.0]	40.86528155999999	-73.8972514	0.07267646045000016	0.42427206253583505	0.29413995391676734	0.0013444782306898432	0.632258064516129	0.23773982487361328
305085966	[6,-42.0,36.0]	40.86586314	-73.89689748	0.07267646045000016	0.42427206253583505	0.29413995391676734	0.0013444782306898432	0.632258064516129	0.23773982487361328
305085967	[1,-39.0,38.0]	40.8652772	-73.89741554	0.07267646045000016	0.42427206253583505	0.29413995391676734	0.0013444782306898432	0.632258064516129	0.23773982487361328
305085968	[4,-41.0,37.0]	40.865568780000004	-73.89703940000001	0.07267646045000016	0.42427206253583505	0.29413995391676734	0.0013444782306898432	0.632258064516129	0.23773982487361328
305085970	[5,-40.0,35.0]	40.86592711666666	-73.89729911666667	0.07267646045000016	0.42427206253583505	0.29413995391676734	0.0013444782306898432	0.632258064516129	0.23773982487361328
305085971	[5,-42.0,37.0]	40.86574676666667	-73.89692808333334	0.07267646045000016	0.42427206253583505	0.29413995391676734	0.0013444782306898432	0.632258064516129	0.23773982487361328
305085972	[4,-41.0,37.0]	40.86565268333333	-73.89717780000002	0.07267646045000016	0.42427206253583505	0.29413995391676734	0.0013444782306898432	0.632258064516129	0.23773982487361328
305085973	[3,-39.0,36.0]	40.865656683333334	-73.8973383	0.07267646045000016	0.42427206253583505	0.29413995391676734	0.0013444782306898432	0.632258064516129	0.23773982487361328
305085974	[5,-41.0,36.0]	40.865898571428566	-73.89711791428572	0.07267646045000016	0.42427206253583505	0.29413995391676734	0.0013444782306898432	0.632258064516129	0.23773982487361328
76090448	[38,-53.0,15.0]	40.871458127272724	-73.8949255	0.07267646045000016	0.42427206253583505	0.29413995391676734	0.0013444782306898432	0.632258064516129	0.23773982487361328
294357895	[0,0.0,0.0]	40.869062299999996	-73.9042796	0.07267646045000016	0.42427206253583505	0.29413995391676734	0.0013444782306898432	0.632258064516129	0.23773982487361328
330960483	[27,-46.0,19.0]	40.86986382857143	-73.89609194285715	0.07267646045000016	0.42427206253583505	0.29413995391676734	0.0013444782306898432	0.632258064516129	0.23773982487361328
305088871	[74,-69.0,-5.0]	40.87715597500001	-73.89215120000001	0.07267646045000016	0.42427206253583505	0.29413995391676734	0.0013444782306898432	0.632258064516129	0.23773982487361328
305088872	[72,-74.0,2.0]	40.87610597499999	-73.89118607142858	0.07267646045000016	0.42427206253583505	0.29413995391676734	0.0013444782306898432	0.632258064516129	0.23773982487361328
305088873	[65,-63.0,-2.0]	40.875861407142864	-73.89309938571431	0.07267646045000016	0.42427206253583505	0.29413995391676734	0.0013444782306898432	0.632258064516129	0.23773982487361328
305088874	[66,-71.0,5.0]	40.875234625	-73.89179413437499	0.07267646045000016	0.42427206253583505	0.29413995391676734	0.0013444782306898432	0.632258064516129	0.23773982487361328
305088875	[71,-67.0,-4.0]	40.876730753125	-73.89249319999999	0.07267646045000016	0.42427206253583505	0.29413995391676734	0.0013444782306898432	0.632258064516129	0.23773982487361328
305088876	[75,-72.0,-3.0]	40.876998519999994	-73.8914983	0.07267646045000016	0.42427206253583505	0.29413995391676734	0.0013444782306898432	0.632258064516129	0.23773982487361328
305088880	[64,-71.0,7.0]	40.87490147999999	-73.89185340000002	0.07267646045000016	0.42427206253583505	0.29413995391676734	0.0013444782306898432	0.632258064516129	0.23773982487361328
305088882	[63,-67.0,4.0]	40.875136579999996	-73.89244884	0.07267646045000016	0.42427206253583505	0.29413995391676734	0.0013444782306898432	0.632258064516129	0.23773982487361328
305088870	[75,-77.0,2.0]	40.876544966666664	-73.89076817500002	0.07267646045000016	0.42427206253583505	0.29413995391676734	0.0013444782306898432	0.632258064516129	0.23773982487361328
305092831	[97,-90.0,-7.0]	40.87969086249999	-73.88837506666665	0.07267646045000016	0.42427206253583505	0.29413995391676734	0.0013444782306898432	0.632258064516129	0.23773982487361328
305092832	[95,-83.0,-12.0]	40.880041689285704	-73.88959818214286	0.07267646045000016	0.42427206253583505	0.29413995391676734	0.0013444782306898432	0.632258064516129	0.23773982487361328
305092833	[91,-85.0,-6.0]	40.87894033225806	-73.88926342580646	0.07267646045000016	0.42427206253583505	0.29413995391676734	0.0013444782306898432	0.632258064516129	0.23773982487361328
305092834	[99,-88.0,-11.0]	40.88036898	-73.88868212	0.07267646045000016	0.42427206253583505	0.29413995391676734	0.0013444782306898432	0.632258064516129	0.23773982487361328
305092839	[107,-90.0,-17.0]	40.881682133333335	-73.88829438333333	0.07267646045000016	0.42427206253583505	0.29413995391676734	0.0013444782306898432	0.632258064516129	0.23773982487361328
276292062	[-41,12.0,29.0]	40.8618996125	-73.90656326250001	0.07267646045000016	0.42427206253583505	0.29413995391676734	0.0013444782306898432	0.632258064516129	0.23773982487361328
276143896	[-27,-18.0,45.0]	40.86170739285715	-73.9012340357143	0.07267646045000016	0.42427206253583505	0.29413995391676734	0.0013444782306898432	0.632258064516129	0.23773982487361328
276327175	[8,-15.0,7.0]	40.86915537916667	-73.90179950416668	0.07267646045000016	0.42427206253583505	0.29413995391676734	0.0013444782306898432	0.632258064516129	0.23773982487361328
276336707	[35,-26.0,-9.0]	40.87355141875	-73.89986118125002	0.07267646045000016	0.42427206253583505	0.29413995391676734	0.0013444782306898432	0.632258064516129	0.23773982487361328
276366096	[72,-96.0,24.0]	40.873908455000006	-73.88730275	0.07267646045000016	0.42427206253583505	0.29413995391676734	0.0013444782306898432	0.632258064516129	0.23773982487361328
276352077	[84,-76.0,-8.0]	40.878423824137926	-73.89076802758619	0.07267646045000016	0.42427206253583505	0.29413995391676734	0.0013444782306898432	0.632258064516129	0.23773982487361328
276334135	[-33,26.0,7.0]	40.864876530000004	-73.90905462	0.07267646045000016	0.42427206253583505	0.29413995391676734	0.0013444782306898432	0.632258064516129	0.23773982487361328
286271801	[-42,33.0,9.0]	40.8637971875	-73.9103131625	0.07267646045000016	0.42427206253583505	0.29413995391676734	0.0013444782306898432	0.632258064516129	0.23773982487361328
294357877	[-46,31.0,15.0]	40.86265752222222	-73.90987382222222	0.07267646045000016	0.42427206253583505	0.29413995391676734	0.0013444782306898432	0.632258064516129	0.23773982487361328
440530202	[35,-34.0,-1.0]	40.872655844444445	-73.89834675555556	0.07267646045000016	0.42427206253583505	0.29413995391676734	0.0013444782306898432	0.632258064516129	0.23773982487361328
440530203	[38,-30.0,-8.0]	40.87372206153846	-73.89900408461537	0.07267646045000016	0.42427206253583505	0.29413995391676734	0.0013444782306898432	0.632258064516129	0.23773982487361328
440530204	[36,-25.0,-11.0]	40.87389185217391	-73.9000034826087	0.07267646045000016	0.42427206253583505	0.29413995391676734	0.0013444782306898432	0.632258064516129	0.23773982487361328
440530205	[29,-36.0,7.0]	40.871267116666665	-73.89801986666666	0.07267646045000016	0.42427206253583505	0.29413995391676734	0.0013444782306898432	0.632258064516129	0.23773982487361328
76090449	[53,-50.0,-3.0]	40.87480740714286	-73.89543216785715	0.07267646045000016	0.42427206253583505	0.29413995391676734	0.0013444782306898432	0.632258064516129	0.23773982487361328
423893814	[87,-73.0,-14.0]	40.879426326000015	-73.89134619999999	0.07267646045000016	0.42427206253583505	0.29413995391676734	0.0013444782306898432	0.632258064516129	0.23773982487361328
440530206	[39,-21.0,-18.0]	40.874853405882355	-73.90072688235294	0.07267646045000016	0.42427206253583505	0.29413995391676734	0.0013444782306898432	0.632258064516129	0.23773982487361328
518704653	[70,-93.0,23.0]	40.87379714285714	-73.88784247142857	0.07267646045000016	0.42427206253583505	0.29413995391676734	0.0013444782306898432	0.632258064516129	0.23773982487361328
518704654	[66,-91.0,25.0]	40.87315686	-73.88815170000001	0.07267646045000016	0.42427206253583505	0.29413995391676734	0.0013444782306898432	0.632258064516129	0.23773982487361328
305092835	[102,-93.0,-9.0]	40.8804399	-73.88781476	0.07267646045000016	0.42427206253583505	0.29413995391676734	0.0013444782306898432	0.632258064516129	0.23773982487361328
305092841	[104,-96.0,-8.0]	40.88047074285714	-73.88728160000001	0.07267646045000016	0.42427206253583505	0.29413995391676734	0.0013444782306898432	0.632258064516129	0.23773982487361328
305092842	[86,-80.0,-6.0]	40.87848587777778	-73.89009818888889	0.07267646045000016	0.42427206253583505	0.29413995391676734	0.0013444782306898432	0.632258064516129	0.23773982487361328
305213058	[97,-100.0,3.0]	40.87868676	-73.88664138	0.07267646045000016	0.42427206253583505	0.29413995391676734	0.0013444782306898432	0.632258064516129	0.23773982487361328
276327215	[9,-18.0,9.0]	40.869007139999994	-73.9011886	0.07267646045000016	0.42427206253583505	0.29413995391676734	0.0013444782306898432	0.632258064516129	0.23773982487361328
276144374	[-49,-2.0,51.0]	40.858724439999996	-73.90411269	0.07267646045000016	0.42427206253583505	0.29413995391676734	0.0013444782306898432	0.632258064516129	0.23773982487361328
276292033	[-37,8.0,29.0]	40.86225387999999	-73.90574253	0.07267646045000016	0.42427206253583505	0.29413995391676734	0.0013444782306898432	0.632258064516129	0.23773982487361328
276327173	[11,-25.0,14.0]	40.86876922857143	-73.89999218571428	0.07267646045000016	0.42427206253583505	0.29413995391676734	0.0013444782306898432	0.632258064516129	0.23773982487361328
276327177	[10,-24.0,14.0]	40.86864504666666	-73.90005025333333	0.07267646045000016	0.42427206253583505	0.29413995391676734	0.0013444782306898432	0.632258064516129	0.23773982487361328
276327256	[10,-24.0,14.0]	40.868561657142855	-73.90002441428571	0.07267646045000016	0.42427206253583505	0.29413995391676734	0.0013444782306898432	0.632258064516129	0.23773982487361328
276336696	[35,-24.0,-11.0]	40.873730243749996	-73.9000467375	0.07267646045000016	0.42427206253583505	0.29413995391676734	0.0013444782306898432	0.632258064516129	0.23773982487361328
276337726	[34,-21.0,-13.0]	40.87382604761904	-73.90074816666667	0.07267646045000016	0.42427206253583505	0.29413995391676734	0.0013444782306898432	0.632258064516129	0.23773982487361328
276337729	[33,-18.0,-15.0]	40.873971145	-73.90110071000001	0.07267646045000016	0.42427206253583505	0.29413995391676734	0.0013444782306898432	0.632258064516129	0.23773982487361328
276370444	[46,-68.0,22.0]	40.871466133333335	-73.89219125000001	0.07267646045000016	0.42427206253583505	0.29413995391676734	0.0013444782306898432	0.632258064516129	0.23773982487361328
276366182	[69,-93.0,24.0]	40.87352996111112	-73.88788276111111	0.07267646045000016	0.42427206253583505	0.29413995391676734	0.0013444782306898432	0.632258064516129	0.23773982487361328
276366187	[70,-95.0,25.0]	40.87365188571429	-73.88756461428571	0.07267646045000016	0.42427206253583505	0.29413995391676734	0.0013444782306898432	0.632258064516129	0.23773982487361328
276366238	[69,-92.0,23.0]	40.873670579999995	-73.88801422	0.07267646045000016	0.42427206253583505	0.29413995391676734	0.0013444782306898432	0.632258064516129	0.23773982487361328
276366251	[68,-92.0,24.0]	40.8734714	-73.88810342	0.07267646045000016	0.42427206253583505	0.29413995391676734	0.0013444782306898432	0.632258064516129	0.23773982487361328
276370713	[85,-95.0,10.0]	40.87674751428572	-73.88740767142858	0.07267646045000016	0.42427206253583505	0.29413995391676734	0.0013444782306898432	0.632258064516129	0.23773982487361328
308969044	[65,-84.0,19.0]	40.87366528	-73.88951036	0.07267646045000016	0.42427206253583505	0.29413995391676734	0.0013444782306898432	0.632258064516129	0.23773982487361328
608121197	[98,-104.0,6.0]	40.878387514285706	-73.88586395714287	0.07267646045000016	0.42427206253583505	0.29413995391676734	0.0013444782306898432	0.632258064516129	0.23773982487361328
276410720	276410720	0
294249216	276410720	4.0
294249230	276410720	4.0
294357875	276410720	4.0
294357876	276410720	4.0
294357883	276410720	5.0
294357884	276410720	5.0
294357885	276410720	5.0
294357886	276410720	5.0
294357887	276410720	5.0
294249217	276410720	4.0
294249218	276410720	4.0
305085961	276410720	4.0
305085962	276410720	4.0
305085963	276410720	4.0
305085964	276410720	4.0
305085965	276410720	4.0
305085966	276410720	4.0
305085967	276410720	4.0
305085968	276410720	4.0
305085970	276410720	4.0
305085971	276410720	4.0
305085972	276410720	4.0
305085973	276410720	4.0
305085974	276410720	4.0
76090448	276410720	3.0
294357895	276410720	4.0
330960483	276410720	3.0
305088871	276410720	3.0
305088872	276410720	2.0
305088873	276410720	3.0
305088874	276410720	3.0
305088875	276410720	3.0
305088876	276410720	2.0
305088880	276410720	3.0
305088882	276410720	3.0
305088870	276410720	2.0
305092831	276410720	1.0
305092832	276410720	3.0
305092833	276410720	2.0
305092834	276410720	2.0
305092839	276410720	2.0
276292062	276410720	4.0
276143896	276410720	4.0
276327175	276410720	4.0
276336707	276410720	4.0
276366096	276410720	2.0
276352077	276410720	3.0
276334135	276410720	4.0
286271801	276410720	5.0
294357877	276410720	4.0
440530202	276410720	4.0
440530203	276410720	4.0
440530204	276410720	4.0
440530205	276410720	4.0
76090449	276410720	3.0
423893814	276410720	3.0
440530206	276410720	4.0
518704653	276410720	3.0
518704654	276410720	3.0
305092835	276410720	1.0
305092841	276410720	1.0
305092842	276410720	2.0
305213058	276410720	0.0
276327215	276410720	4.0
276144374	276410720	4.0
276292033	276410720	4.0
276327173	276410720	4.0
276327177	276410720	4.0
276327256	276410720	4.0
276336696	276410720	4.0
276337726	276410720	4.0
276337729	276410720	4.0
276370444	276410720	3.0
276366182	276410720	3.0
276366187	276410720	2.0
276366238	276410720	3.0
276366251	276410720	3.0
276370713	276410720	1.0
308969044	276410720	2.0
608121197	276410720	0.0
294249216	294249216	0
294249230	294249216	2.0
294357875	294249216	0.0
294357876	294249216	0.0
294357883	294249216	3.0
294357884	294249216	3.0
294357885	294249216	3.0
294357886	294249216	3.0
294357887	294249216	3.0
294249217	294249216	0.0
294249218	294249216	0.0
305085961	294249216	3.0
305085962	294249216	3.0
305085963	294249216	3.0
305085964	294249216	3.0
305085965	294249216	3.0
305085966	294249216	3.0
305085967	294249216	3.0
305085968	294249216	3.0
305085970	294249216	3.0
305085971	294249216	3.0
305085972	294249216	3.0
305085973	294249216	3.0
305085974	294249216	3.0
76090448	294249216	3.0
294357895	294249216	3.0
330960483	294249216	3.0
305088871	294249216	4.0
305088872	294249216	4.0
305088873	294249216	4.0
305088874	294249216	4.0
305088875	294249216	4.0
305088876	294249216	4.0
305088880	294249216	4.0
305088882	294249216	4.0
305088870	294249216	4.0
305092831	294249216	4.0
305092832	294249216	4.0
305092833	294249216	4.0
305092834	294249216	5.0
305092839	294249216	4.0
276292062	294249216	2.0
276143896	294249216	2.0
276327175	294249216	3.0
276336707	294249216	3.0
276366096	294249216	4.0
276352077	294249216	4.0
276334135	294249216	3.0
286271801	294249216	3.0
294357877	294249216	2.0
440530202	294249216	3.0
440530203	294249216	3.0
440530204	294249216	3.0
440530205	294249216	3.0
76090449	294249216	4.0
423893814	294249216	4.0
440530206	294249216	3.0
518704653	294249216	4.0
518704654	294249216	4.0
305092835	294249216	5.0
305092841	294249216	5.0
305092842	294249216	4.0
305213058	294249216	4.0
276327215	294249216	3.0
276144374	294249216	3.0
276292033	294249216	1.0
276327173	294249216	3.0
276327177	294249216	3.0
276327256	294249216	3.0
276336696	294249216	3.0
276337726	294249216	3.0
276337729	294249216	3.0
276370444	294249216	3.0
276366182	294249216	4.0
276366187	294249216	4.0
276366238	294249216	4.0
276366251	294249216	4.0
276370713	294249216	4.0
308969044	294249216	4.0
608121197	294249216	4.0
294249230	294249230	0
294357875	294249230	2.0
294357876	294249230	2.0
294357883	294249230	2.0
294357884	294249230	2.0
294357885	294249230	2.0
294357886	294249230	2.0
294357887	294249230	2.0
294249217	294249230	2.0
294249218	294249230	1.0
305085961	294249230	3.0
305085962	294249230	3.0
305085963	294249230	3.0
305085964	294249230	3.0
305085965	294249230	3.0
305085966	294249230	3.0
305085967	294249230	3.0
305085968	294249230	3.0
305085970	294249230	3.0
305085971	294249230	3.0
305085972	294249230	3.0
305085973	294249230	3.0
305085974	294249230	3.0
76090448	294249230	4.0
294357895	294249230	3.0
330960483	294249230	3.0
305088871	294249230	4.0
305088872	294249230	4.0
305088873	294249230	4.0
305088874	294249230	4.0
305088875	294249230	4.0
305088876	294249230	4.0
305088880	294249230	4.0
305088882	294249230	4.0
305088870	294249230	4.0
305092831	294249230	4.0
305092832	294249230	4.0
305092833	294249230	4.0
305092834	294249230	5.0
305092839	294249230	5.0
276292062	294249230	1.0
276143896	294249230	2.0
276327175	294249230	3.0
276336707	294249230	4.0
276366096	294249230	4.0
276352077	294249230	4.0
276334135	294249230	1.0
286271801	294249230	2.0
294357877	294249230	1.0
440530202	294249230	4.0
440530203	294249230	4.0
440530204	294249230	4.0
440530205	294249230	3.0
76090449	294249230	4.0
423893814	294249230	4.0
440530206	294249230	4.0
518704653	294249230	4.0
518704654	294249230	4.0
305092835	294249230	5.0
305092841	294249230	5.0
305092842	294249230	4.0
305213058	294249230	4.0
276327215	294249230	3.0
276144374	294249230	3.0
276292033	294249230	1.0
276327173	294249230	3.0
276327177	294249230	3.0
276327256	294249230	3.0
276336696	294249230	4.0
276337726	294249230	4.0
276337729	294249230	4.0
276370444	294249230	4.0
276366182	294249230	4.0
276366187	294249230	4.0
276366238	294249230	4.0
276366251	294249230	4.0
276370713	294249230	4.0
308969044	294249230	4.0
608121197	294249230	4.0
294357875	294357875	0
294357876	294357875	0.0
294357883	294357875	3.0
294357884	294357875	3.0
294357885	294357875	3.0
294357886	294357875	3.0
294357887	294357875	3.0
294249217	294357875	0.0
294249218	294357875	1.0
305085961	294357875	3.0
305085962	294357875	3.0
305085963	294357875	3.0
305085964	294357875	3.0
305085965	294357875	3.0
305085966	294357875	3.0
305085967	294357875	3.0
305085968	294357875	3.0
305085970	294357875	3.0
305085971	294357875	3.0
305085972	294357875	3.0
305085973	294357875	3.0
305085974	294357875	3.0
76090448	294357875	3.0
294357895	294357875	3.0
330960483	294357875	3.0
305088871	294357875	4.0
305088872	294357875	4.0
305088873	294357875	4.0
305088874	294357875	4.0
305088875	294357875	4.0
305088876	294357875	4.0
305088880	294357875	4.0
305088882	294357875	4.0
305088870	294357875	4.0
305092831	294357875	4.0
305092832	294357875	4.0
305092833	294357875	4.0
305092834	294357875	5.0
305092839	294357875	4.0
276292062	294357875	2.0
276143896	294357875	3.0
276327175	294357875	3.0
276336707	294357875	3.0
276366096	294357875	4.0
276352077	294357875	4.0
276334135	294357875	3.0
286271801	294357875	3.0
294357877	294357875	3.0
440530202	294357875	3.0
440530203	294357875	3.0
440530204	294357875	3.0
440530205	294357875	3.0
76090449	294357875	4.0
423893814	294357875	4.0
440530206	294357875	3.0
518704653	294357875	4.0
518704654	294357875	4.0
305092835	294357875	5.0
305092841	294357875	5.0
305092842	294357875	4.0
305213058	294357875	4.0
276327215	294357875	3.0
276144374	294357875	3.0
276292033	294357875	2.0
276327173	294357875	3.0
276327177	294357875	3.0
276327256	294357875	3.0
276336696	294357875	4.0
276337726	294357875	4.0
276337729	294357875	3.0
276370444	294357875	4.0
276366182	294357875	4.0
276366187	294357875	4.0
276366238	294357875	4.0
276366251	294357875	4.0
276370713	294357875	4.0
308969044	294357875	4.0
608121197	294357875	4.0
294357876	294357876	0
294357883	294357876	3.0
294357884	294357876	3.0
294357885	294357876	3.0
294357886	294357876	3.0
294357887	294357876	3.0
294249217	294357876	0.0
294249218	294357876	1.0
305085961	294357876	3.0
305085962	294357876	3.0
305085963	294357876	3.0
305085964	294357876	3.0
305085965	294357876	3.0
305085966	294357876	3.0
305085967	294357876	3.0
305085968	294357876	3.0
305085970	294357876	3.0
305085971	294357876	3.0
305085972	294357876	3.0
305085973	294357876	3.0
305085974	294357876	3.0
76090448	294357876	3.0
294357895	294357876	3.0
330960483	294357876	3.0
305088871	294357876	4.0
305088872	294357876	4.0
305088873	294357876	4.0
305088874	294357876	4.0
305088875	294357876	4.0
305088876	294357876	4.0
305088880	294357876	4.0
305088882	294357876	4.0
305088870	294357876	4.0
305092831	294357876	4.0
305092832	294357876	4.0
305092833	294357876	4.0
305092834	294357876	5.0
305092839	294357876	4.0
276292062	294357876	2.0
276143896	294357876	3.0
276327175	294357876	3.0
276336707	294357876	3.0
276366096	294357876	4.0
276352077	294357876	4.0
276334135	294357876	3.0
286271801	294357876	3.0
294357877	294357876	3.0
440530202	294357876	3.0
440530203	294357876	3.0
440530204	294357876	3.0
440530205	294357876	3.0
76090449	294357876	4.0
423893814	294357876	4.0
440530206	294357876	3.0
518704653	294357876	4.0
518704654	294357876	4.0
305092835	294357876	5.0
305092841	294357876	5.0
305092842	294357876	4.0
305213058	294357876	4.0
276327215	294357876	3.0
276144374	294357876	3.0
276292033	294357876	2.0
276327173	294357876	3.0
276327177	294357876	3.0
276327256	294357876	3.0
276336696	294357876	3.0
276337726	294357876	4.0
276337729	294357876	3.0
276370444	294357876	4.0
276366182	294357876	4.0
276366187	294357876	4.0
276366238	294357876	4.0
276366251	294357876	4.0
276370713	294357876	4.0
308969044	294357876	4.0
608121197	294357876	4.0
294357883	294357883	0
294357884	294357883	2.0
294357885	294357883	0.0
294357886	294357883	0.0
294357887	294357883	0.0
294249217	294357883	3.0
294249218	294357883	3.0
305085961	294357883	4.0
305085962	294357883	4.0
305085963	294357883	3.0
305085964	294357883	3.0
305085965	294357883	4.0
305085966	294357883	4.0
305085967	294357883	4.0
305085968	294357883	4.0
305085970	294357883	4.0
305085971	294357883	4.0
305085972	294357883	4.0
305085973	294357883	4.0
305085974	294357883	4.0
76090448	294357883	4.0
294357895	294357883	3.0
330960483	294357883	4.0
305088871	294357883	4.0
305088872	294357883	4.0
305088873	294357883	4.0
305088874	294357883	4.0
305088875	294357883	4.0
305088876	294357883	4.0
305088880	294357883	4.0
305088882	294357883	4.0
305088870	294357883	4.0
305092831	294357883	5.0
305092832	294357883	4.0
305092833	294357883	5.0
305092834	294357883	5.0
305092839	294357883	5.0
276292062	294357883	3.0
276143896	294357883	3.0
276327175	294357883	4.0
276336707	294357883	4.0
276366096	294357883	4.0
276352077	294357883	4.0
276334135	294357883	2.0
286271801	294357883	0.0
294357877	294357883	1.0
440530202	294357883	4.0
440530203	294357883	4.0
440530204	294357883	4.0
440530205	294357883	4.0
76090449	294357883	4.0
423893814	294357883	4.0
440530206	294357883	4.0
518704653	294357883	5.0
518704654	294357883	4.0
305092835	294357883	5.0
305092841	294357883	5.0
305092842	294357883	5.0
305213058	294357883	5.0
276327215	294357883	4.0
276144374	294357883	4.0
276292033	294357883	3.0
276327173	294357883	4.0
276327177	294357883	4.0
276327256	294357883	4.0
276336696	294357883	4.0
276337726	294357883	4.0
276337729	294357883	4.0
276370444	294357883	4.0
276366182	294357883	5.0
276366187	294357883	4.0
276366238	294357883	5.0
276366251	294357883	4.0
276370713	294357883	4.0
308969044	294357883	4.0
608121197	294357883	5.0
294357884	294357884	0
294357885	294357884	2.0
294357886	294357884	2.0
294357887	294357884	2.0
294249217	294357884	3.0
294249218	294357884	3.0
305085961	294357884	4.0
305085962	294357884	4.0
305085963	294357884	4.0
305085964	294357884	4.0
305085965	294357884	4.0
305085966	294357884	4.0
305085967	294357884	4.0
305085968	294357884	4.0
305085970	294357884	4.0
305085971	294357884	4.0
305085972	294357884	4.0
305085973	294357884	4.0
305085974	294357884	4.0
76090448	294357884	4.0
294357895	294357884	4.0
330960483	294357884	4.0
305088871	294357884	4.0
305088872	294357884	5.0
305088873	294357884	4.0
305088874	294357884	5.0
305088875	294357884	4.0
305088876	294357884	4.0
305088880	294357884	5.0
305088882	294357884	4.0
305088870	294357884	5.0
305092831	294357884	5.0
305092832	294357884	5.0
305092833	294357884	5.0
305092834	294357884	5.0
305092839	294357884	5.0
276292062	294357884	4.0
276143896	294357884	4.0
276327175	294357884	4.0
276336707	294357884	4.0
276366096	294357884	5.0
276352077	294357884	4.0
276334135	294357884	3.0
286271801	294357884	2.0
294357877	294357884	2.0
440530202	294357884	4.0
440530203	294357884	4.0
440530204	294357884	4.0
440530205	294357884	4.0
76090449	294357884	4.0
423893814	294357884	5.0
440530206	294357884	4.0
518704653	294357884	5.0
518704654	294357884	5.0
305092835	294357884	5.0
305092841	294357884	5.0
305092842	294357884	5.0
305213058	294357884	5.0
276327215	294357884	4.0
276144374	294357884	4.0
276292033	294357884	3.0
276327173	294357884	4.0
276327177	294357884	4.0
276327256	294357884	4.0
276336696	294357884	4.0
276337726	294357884	4.0
276337729	294357884	4.0
276370444	294357884	4.0
276366182	294357884	5.0
276366187	294357884	5.0
276366238	294357884	5.0
276366251	294357884	5.0
276370713	294357884	5.0
308969044	294357884	4.0
608121197	294357884	5.0
294357885	294357885	0
294357886	294357885	0.0
294357887	294357885	0.0
294249217	294357885	3.0
294249218	294357885	3.0
305085961	294357885	4.0
305085962	294357885	4.0
305085963	294357885	3.0
305085964	294357885	3.0
305085965	294357885	4.0
305085966	294357885	4.0
305085967	294357885	4.0
305085968	294357885	4.0
305085970	294357885	4.0
305085971	294357885	4.0
305085972	294357885	4.0
305085973	294357885	4.0
305085974	294357885	4.0
76090448	294357885	4.0
294357895	294357885	3.0
330960483	294357885	4.0
305088871	294357885	4.0
305088872	294357885	4.0
305088873	294357885	4.0
305088874	294357885	4.0
305088875	294357885	4.0
305088876	294357885	4.0
305088880	294357885	4.0
305088882	294357885	4.0
305088870	294357885	4.0
305092831	294357885	5.0
305092832	294357885	4.0
305092833	294357885	5.0
305092834	294357885	5.0
305092839	294357885	5.0
276292062	294357885	3.0
276143896	294357885	3.0
276327175	294357885	4.0
276336707	294357885	4.0
276366096	294357885	4.0
276352077	294357885	4.0
276334135	294357885	2.0
286271801	294357885	0.0
294357877	294357885	1.0
440530202	294357885	4.0
440530203	294357885	4.0
440530204	294357885	4.0
440530205	294357885	4.0
76090449	294357885	4.0
423893814	294357885	4.0
440530206	294357885	4.0
518704653	294357885	5.0
518704654	294357885	4.0
305092835	294357885	5.0
305092841	294357885	5.0
305092842	294357885	5.0
305213058	294357885	5.0
276327215	294357885	4.0
276144374	294357885	4.0
276292033	294357885	3.0
276327173	294357885	4.0
276327177	294357885	4.0
276327256	294357885	4.0
276336696	294357885	4.0
276337726	294357885	4.0
276337729	294357885	4.0
276370444	294357885	4.0
276366182	294357885	5.0
276366187	294357885	4.0
276366238	294357885	5.0
276366251	294357885	4.0
276370713	294357885	4.0
308969044	294357885	4.0
608121197	294357885	5.0
294357886	294357886	0
294357887	294357886	0.0
294249217	294357886	3.0
294249218	294357886	3.0
305085961	294357886	4.0
305085962	294357886	4.0
305085963	294357886	3.0
305085964	294357886	3.0
305085965	294357886	4.0
305085966	294357886	4.0
305085967	294357886	4.0
305085968	294357886	4.0
305085970	294357886	4.0
305085971	294357886	4.0
305085972	294357886	4.0
305085973	294357886	4.0
305085974	294357886	4.0
76090448	294357886	4.0
294357895	294357886	3.0
330960483	294357886	4.0
305088871	294357886	4.0
305088872	294357886	4.0
305088873	294357886	4.0
305088874	294357886	4.0
305088875	294357886	4.0
305088876	294357886	4.0
305088880	294357886	4.0
305088882	294357886	4.0
305088870	294357886	4.0
305092831	294357886	5.0
305092832	294357886	4.0
305092833	294357886	5.0
305092834	294357886	5.0
305092839	294357886	5.0
276292062	294357886	3.0
276143896	294357886	3.0
276327175	294357886	4.0
276336707	294357886	4.0
276366096	294357886	4.0
276352077	294357886	4.0
276334135	294357886	2.0
286271801	294357886	0.0
294357877	294357886	1.0
440530202	294357886	4.0
440530203	294357886	4.0
440530204	294357886	4.0
440530205	294357886	4.0
76090449	294357886	4.0
423893814	294357886	4.0
440530206	294357886	4.0
518704653	294357886	4.0
518704654	294357886	4.0
305092835	294357886	5.0
305092841	294357886	5.0
305092842	294357886	5.0
305213058	294357886	5.0
276327215	294357886	4.0
276144374	294357886	4.0
276292033	294357886	3.0
276327173	294357886	4.0
276327177	294357886	3.0
276327256	294357886	3.0
276336696	294357886	4.0
276337726	294357886	4.0
276337729	294357886	4.0
276370444	294357886	4.0
276366182	294357886	4.0
276366187	294357886	4.0
276366238	294357886	4.0
276366251	294357886	4.0
276370713	294357886	4.0
308969044	294357886	4.0
608121197	294357886	5.0
294357887	294357887	0
294249217	294357887	3.0
294249218	294357887	3.0
305085961	294357887	4.0
305085962	294357887	4.0
305085963	294357887	3.0
305085964	294357887	3.0
305085965	294357887	4.0
305085966	294357887	4.0
305085967	294357887	4.0
305085968	294357887	4.0
305085970	294357887	4.0
305085971	294357887	4.0
305085972	294357887	4.0
305085973	294357887	4.0
305085974	294357887	4.0
76090448	294357887	4.0
294357895	294357887	3.0
330960483	294357887	4.0
305088871	294357887	4.0
305088872	294357887	4.0
305088873	294357887	4.0
305088874	294357887	4.0
305088875	294357887	4.0
305088876	294357887	4.0
305088880	294357887	4.0
305088882	294357887	4.0
305088870	294357887	4.0
305092831	294357887	5.0
305092832	294357887	4.0
305092833	294357887	5.0
305092834	294357887	5.0
305092839	294357887	5.0
276292062	294357887	3.0
276143896	294357887	3.0
276327175	294357887	4.0
276336707	294357887	4.0
276366096	294357887	4.0
276352077	294357887	4.0
276334135	294357887	2.0
286271801	294357887	0.0
294357877	294357887	1.0
440530202	294357887	4.0
440530203	294357887	4.0
440530204	294357887	4.0
440530205	294357887	4.0
76090449	294357887	4.0
423893814	294357887	4.0
440530206	294357887	4.0
518704653	294357887	4.0
518704654	294357887	4.0
305092835	294357887	5.0
305092841	294357887	5.0
305092842	294357887	5.0
305213058	294357887	5.0
276327215	294357887	3.0
276144374	294357887	4.0
276292033	294357887	2.0
276327173	294357887	3.0
276327177	294357887	3.0
276327256	294357887	3.0
276336696	294357887	4.0
276337726	294357887	4.0
276337729	294357887	4.0
276370444	294357887	4.0
276366182	294357887	4.0
276366187	294357887	4.0
276366238	294357887	4.0
276366251	294357887	4.0
276370713	294357887	4.0
308969044	294357887	4.0
608121197	294357887	5.0
294249217	294249217	0
294249218	294249217	0.0
305085961	294249217	3.0
305085962	294249217	3.0
305085963	294249217	3.0
305085964	294249217	3.0
305085965	294249217	3.0
305085966	294249217	3.0
305085967	294249217	3.0
305085968	294249217	3.0
305085970	294249217	3.0
305085971	294249217	3.0
305085972	294249217	3.0
305085973	294249217	3.0
305085974	294249217	3.0
76090448	294249217	3.0
294357895	294249217	3.0
330960483	294249217	3.0
305088871	294249217	4.0
305088872	294249217	4.0
305088873	294249217	4.0
305088874	294249217	4.0
305088875	294249217	4.0
305088876	294249217	4.0
305088880	294249217	4.0
305088882	294249217	4.0
305088870	294249217	4.0
305092831	294249217	4.0
305092832	294249217	4.0
305092833	294249217	4.0
305092834	294249217	5.0
305092839	294249217	4.0
276292062	294249217	2.0
276143896	294249217	2.0
276327175	294249217	3.0
276336707	294249217	3.0
276366096	294249217	4.0
276352077	294249217	4.0
276334135	294249217	3.0
286271801	294249217	3.0
294357877	294249217	2.0
440530202	294249217	3.0
440530203	294249217	3.0
440530204	294249217	3.0
440530205	294249217	3.0
76090449	294249217	4.0
423893814	294249217	4.0
440530206	294249217	3.0
518704653	294249217	4.0
518704654	294249217	4.0
305092835	294249217	5.0
305092841	294249217	5.0
305092842	294249217	4.0
305213058	294249217	4.0
276327215	294249217	3.0
276144374	294249217	3.0
276292033	294249217	1.0
276327173	294249217	3.0
276327177	294249217	3.0
276327256	294249217	3.0
276336696	294249217	3.0
276337726	294249217	3.0
276337729	294249217	3.0
276370444	294249217	3.0
276366182	294249217	4.0
276366187	294249217	4.0
276366238	294249217	4.0
276366251	294249217	4.0
276370713	294249217	4.0
308969044	294249217	4.0
608121197	294249217	4.0
294249218	294249218	0
305085961	294249218	3.0
305085962	294249218	3.0
305085963	294249218	3.0
305085964	294249218	3.0
305085965	294249218	3.0
305085966	294249218	3.0
305085967	294249218	3.0
305085968	294249218	3.0
305085970	294249218	3.0
305085971	294249218	3.0
305085972	294249218	3.0
305085973	294249218	3.0
305085974	294249218	3.0
76090448	294249218	3.0
294357895	294249218	3.0
330960483	294249218	3.0
305088871	294249218	4.0
305088872	294249218	4.0
305088873	294249218	4.0
305088874	294249218	4.0
305088875	294249218	4.0
305088876	294249218	4.0
305088880	294249218	4.0
305088882	294249218	4.0
305088870	294249218	4.0
305092831	294249218	4.0
305092832	294249218	4.0
305092833	294249218	4.0
305092834	294249218	5.0
305092839	294249218	4.0
276292062	294249218	1.0
276143896	294249218	2.0
276327175	294249218	3.0
276336707	294249218	3.0
276366096	294249218	4.0
276352077	294249218	4.0
276334135	294249218	2.0
286271801	294249218	3.0
294357877	294249218	2.0
440530202	294249218	3.0
440530203	294249218	3.0
440530204	294249218	3.0
440530205	294249218	3.0
76090449	294249218	3.0
423893814	294249218	4.0
440530206	294249218	3.0
518704653	294249218	4.0
518704654	294249218	4.0
305092835	294249218	5.0
305092841	294249218	5.0
305092842	294249218	4.0
305213058	294249218	4.0
276327215	294249218	2.0
276144374	294249218	3.0
276292033	294249218	0.0
276327173	294249218	2.0
276327177	294249218	2.0
276327256	294249218	2.0
276336696	294249218	3.0
276337726	294249218	3.0
276337729	294249218	3.0
276370444	294249218	4.0
276366182	294249218	4.0
276366187	294249218	4.0
276366238	294249218	4.0
276366251	294249218	4.0
276370713	294249218	4.0
308969044	294249218	4.0
608121197	294249218	4.0
305085961	305085961	0
305085962	305085961	1.0
305085963	305085961	0.0
305085964	305085961	1.0
305085965	305085961	1.0
305085966	305085961	0.0
305085967	305085961	1.0
305085968	305085961	0.0
305085970	305085961	0.0
305085971	305085961	0.0
305085972	305085961	0.0
305085973	305085961	0.0
305085974	305085961	0.0
76090448	305085961	2.0
294357895	305085961	3.0
330960483	305085961	2.0
305088871	305085961	3.0
305088872	305085961	4.0
305088873	305085961	3.0
305088874	305085961	3.0
305088875	305085961	3.0
305088876	305085961	4.0
305088880	305085961	3.0
305088882	305085961	3.0
305088870	305085961	4.0
305092831	305085961	4.0
305092832	305085961	4.0
305092833	305085961	4.0
305092834	305085961	4.0
305092839	305085961	4.0
276292062	305085961	3.0
276143896	305085961	2.0
276327175	305085961	2.0
276336707	305085961	3.0
276366096	305085961	3.0
276352077	305085961	4.0
276334135	305085961	3.0
286271801	305085961	4.0
294357877	305085961	3.0
440530202	305085961	3.0
440530203	305085961	3.0
440530204	305085961	3.0
440530205	305085961	3.0
76090449	305085961	3.0
423893814	305085961	4.0
440530206	305085961	3.0
518704653	305085961	3.0
518704654	305085961	3.0
305092835	305085961	4.0
305092841	305085961	4.0
305092842	305085961	4.0
305213058	305085961	4.0
276327215	305085961	2.0
276144374	305085961	3.0
276292033	305085961	3.0
276327173	305085961	2.0
276327177	305085961	2.0
276327256	305085961	2.0
276336696	305085961	3.0
276337726	305085961	3.0
276337729	305085961	3.0
276370444	305085961	3.0
276366182	305085961	3.0
276366187	305085961	3.0
276366238	305085961	3.0
276366251	305085961	3.0
276370713	305085961	4.0
308969044	305085961	3.0
608121197	305085961	4.0
305085962	305085962	0
305085963	305085962	1.0
305085964	305085962	2.0
305085965	305085962	0.0
305085966	305085962	0.0
305085967	305085962	0.0
305085968	305085962	0.0
305085970	305085962	1.0
305085971	305085962	0.0
305085972	305085962	0.0
305085973	305085962	0.0
305085974	305085962	0.0
76090448	305085962	3.0
294357895	305085962	3.0
330960483	305085962	2.0
305088871	305085962	4.0
305088872	305085962	4.0
305088873	305085962	4.0
305088874	305085962	4.0
305088875	305085962	4.0
305088876	305085962	4.0
305088880	305085962	4.0
305088882	305085962	4.0
305088870	305085962	4.0
305092831	305085962	4.0
305092832	305085962	4.0
305092833	305085962	4.0
305092834	305085962	4.0
305092839	305085962	4.0
276292062	305085962	3.0
276143896	305085962	2.0
276327175	305085962	3.0
276336707	305085962	3.0
276366096	305085962	3.0
276352077	305085962	4.0
276334135	305085962	4.0
286271801	305085962	4.0
294357877	305085962	3.0
440530202	305085962	3.0
440530203	305085962	3.0
440530204	305085962	3.0
440530205	305085962	3.0
76090449	305085962	3.0
423893814	305085962	4.0
440530206	305085962	3.0
518704653	305085962	3.0
518704654	305085962	3.0
305092835	305085962	4.0
305092841	305085962	4.0
305092842	305085962	4.0
305213058	305085962	4.0
276327215	305085962	3.0
276144374	305085962	3.0
276292033	305085962	3.0
276327173	305085962	2.0
276327177	305085962	2.0
276327256	305085962	2.0
276336696	305085962	3.0
276337726	305085962	3.0
276337729	305085962	3.0
276370444	305085962	3.0
276366182	305085962	3.0
276366187	305085962	3.0
276366238	305085962	3.0
276366251	305085962	3.0
276370713	305085962	4.0
308969044	305085962	3.0
608121197	305085962	4.0
305085963	305085963	0
305085964	305085963	0.0
305085965	305085963	1.0
305085966	305085963	1.0
305085967	305085963	1.0
305085968	305085963	1.0
305085970	305085963	0.0
305085971	305085963	1.0
305085972	305085963	1.0
305085973	305085963	0.0
305085974	305085963	1.0
76090448	305085963	2.0
294357895	305085963	3.0
330960483	305085963	2.0
305088871	305085963	3.0
305088872	305085963	3.0
305088873	305085963	3.0
305088874	305085963	3.0
305088875	305085963	3.0
305088876	305085963	4.0
305088880	305085963	3.0
305088882	305085963	3.0
305088870	305085963	4.0
305092831	305085963	4.0
305092832	305085963	4.0
305092833	305085963	4.0
305092834	305085963	4.0
305092839	305085963	4.0
276292062	305085963	3.0
276143896	305085963	2.0
276327175	305085963	2.0
276336707	305085963	3.0
276366096	305085963	3.0
276352077	305085963	4.0
276334135	305085963	3.0
286271801	305085963	3.0
294357877	305085963	3.0
440530202	305085963	3.0
440530203	305085963	3.0
440530204	305085963	3.0
440530205	305085963	2.0
76090449	305085963	3.0
423893814	305085963	4.0
440530206	305085963	3.0
518704653	305085963	3.0
518704654	305085963	3.0
305092835	305085963	4.0
305092841	305085963	4.0
305092842	305085963	4.0
305213058	305085963	4.0
276327215	305085963	2.0
276144374	305085963	3.0
276292033	305085963	3.0
276327173	305085963	2.0
276327177	305085963	2.0
276327256	305085963	2.0
276336696	305085963	3.0
276337726	305085963	3.0
276337729	305085963	3.0
276370444	305085963	3.0
276366182	305085963	3.0
276366187	305085963	3.0
276366238	305085963	3.0
276366251	305085963	3.0
276370713	305085963	4.0
308969044	305085963	3.0
608121197	305085963	4.0
305085964	305085964	0
305085965	305085964	2.0
305085966	305085964	1.0
305085967	305085964	2.0
305085968	305085964	1.0
305085970	305085964	1.0
305085971	305085964	1.0
305085972	305085964	1.0
305085973	305085964	1.0
305085974	305085964	1.0
76090448	305085964	2.0
294357895	305085964	3.0
330960483	305085964	2.0
305088871	305085964	4.0
305088872	305085964	4.0
305088873	305085964	3.0
305088874	305085964	3.0
305088875	305085964	3.0
305088876	305085964	4.0
305088880	305085964	3.0
305088882	305085964	3.0
305088870	305085964	4.0
305092831	305085964	4.0
305092832	305085964	4.0
305092833	305085964	4.0
305092834	305085964	4.0
305092839	305085964	4.0
276292062	305085964	3.0
276143896	305085964	2.0
276327175	305085964	2.0
276336707	305085964	3.0
276366096	305085964	3.0
276352077	305085964	4.0
276334135	305085964	3.0
286271801	305085964	3.0
294357877	305085964	3.0
440530202	305085964	3.0
440530203	305085964	3.0
440530204	305085964	3.0
440530205	305085964	3.0
76090449	305085964	3.0
423893814	305085964	4.0
440530206	305085964	3.0
518704653	305085964	3.0
518704654	305085964	3.0
305092835	305085964	4.0
305092841	305085964	4.0
305092842	305085964	4.0
305213058	305085964	4.0
276327215	305085964	2.0
276144374	305085964	3.0
276292033	305085964	3.0
276327173	305085964	2.0
276327177	305085964	2.0
276327256	305085964	2.0
276336696	305085964	3.0
276337726	305085964	3.0
276337729	305085964	3.0
276370444	305085964	3.0
276366182	305085964	3.0
276366187	305085964	3.0
276366238	305085964	3.0
276366251	305085964	3.0
276370713	305085964	4.0
308969044	305085964	3.0
608121197	305085964	4.0
305085965	305085965	0
305085966	305085965	0.0
305085967	305085965	0.0
305085968	305085965	0.0
305085970	305085965	1.0
305085971	305085965	0.0
305085972	305085965	0.0
305085973	305085965	0.0
305085974	305085965	0.0
76090448	305085965	3.0
294357895	305085965	3.0
330960483	305085965	2.0
305088871	305085965	4.0
305088872	305085965	4.0
305088873	305085965	4.0
305088874	305085965	4.0
305088875	305085965	4.0
305088876	305085965	4.0
305088880	305085965	4.0
305088882	305085965	4.0
305088870	305085965	4.0
305092831	305085965	4.0
305092832	305085965	4.0
305092833	305085965	4.0
305092834	305085965	4.0
305092839	305085965	4.0
276292062	305085965	3.0
276143896	305085965	2.0
276327175	305085965	3.0
276336707	305085965	3.0
276366096	305085965	3.0
276352077	305085965	4.0
276334135	305085965	4.0
286271801	305085965	4.0
294357877	305085965	3.0
440530202	305085965	3.0
440530203	305085965	3.0
440530204	305085965	3.0
440530205	305085965	3.0
76090449	305085965	3.0
423893814	305085965	4.0
440530206	305085965	3.0
518704653	305085965	3.0
518704654	305085965	3.0
305092835	305085965	4.0
305092841	305085965	4.0
305092842	305085965	4.0
305213058	305085965	4.0
276327215	305085965	3.0
276144374	305085965	3.0
276292033	305085965	3.0
276327173	305085965	2.0
276327177	305085965	2.0
276327256	305085965	2.0
276336696	305085965	3.0
276337726	305085965	3.0
276337729	305085965	3.0
276370444	305085965	3.0
276366182	305085965	3.0
276366187	305085965	3.0
276366238	305085965	3.0
276366251	305085965	3.0
276370713	305085965	4.0
308969044	305085965	3.0
608121197	305085965	4.0
305085966	305085966	0
305085967	305085966	0.0
305085968	305085966	0.0
305085970	305085966	0.0
305085971	305085966	0.0
305085972	305085966	0.0
305085973	305085966	0.0
305085974	305085966	0.0
76090448	305085966	2.0
294357895	305085966	3.0
330960483	305085966	2.0
305088871	305085966	4.0
305088872	305085966	4.0
305088873	305085966	3.0
305088874	305085966	3.0
305088875	305085966	3.0
305088876	305085966	4.0
305088880	305085966	3.0
305088882	305085966	3.0
305088870	305085966	4.0
305092831	305085966	4.0
305092832	305085966	4.0
305092833	305085966	4.0
305092834	305085966	4.0
305092839	305085966	4.0
276292062	305085966	3.0
276143896	305085966	3.0
276327175	305085966	2.0
276336707	305085966	3.0
276366096	305085966	3.0
276352077	305085966	4.0
276334135	305085966	3.0
286271801	305085966	4.0
294357877	305085966	3.0
440530202	305085966	3.0
440530203	305085966	3.0
440530204	305085966	3.0
440530205	305085966	3.0
76090449	305085966	3.0
423893814	305085966	4.0
440530206	305085966	3.0
518704653	305085966	3.0
518704654	305085966	3.0
305092835	305085966	4.0
305092841	305085966	4.0
305092842	305085966	4.0
305213058	305085966	4.0
276327215	305085966	2.0
276144374	305085966	3.0
276292033	305085966	3.0
276327173	305085966	2.0
276327177	305085966	2.0
276327256	305085966	2.0
276336696	305085966	3.0
276337726	305085966	3.0
276337729	305085966	3.0
276370444	305085966	3.0
276366182	305085966	3.0
276366187	305085966	3.0
276366238	305085966	3.0
276366251	305085966	3.0
276370713	305085966	4.0
308969044	305085966	3.0
608121197	305085966	4.0
305085967	305085967	0
305085968	305085967	0.0
305085970	305085967	1.0
305085971	305085967	0.0
305085972	305085967	0.0
305085973	305085967	0.0
305085974	305085967	0.0
76090448	305085967	3.0
294357895	305085967	3.0
330960483	305085967	2.0
305088871	305085967	4.0
305088872	305085967	4.0
305088873	305085967	4.0
305088874	305085967	4.0
305088875	305085967	4.0
305088876	305085967	4.0
305088880	305085967	4.0
305088882	305085967	4.0
305088870	305085967	4.0
305092831	305085967	4.0
305092832	305085967	4.0
305092833	305085967	4.0
305092834	305085967	4.0
305092839	305085967	4.0
276292062	305085967	3.0
276143896	305085967	2.0
276327175	305085967	3.0
276336707	305085967	3.0
276366096	305085967	3.0
276352077	305085967	4.0
276334135	305085967	4.0
286271801	305085967	4.0
294357877	305085967	3.0
440530202	305085967	3.0
440530203	305085967	3.0
440530204	305085967	3.0
440530205	305085967	3.0
76090449	305085967	3.0
423893814	305085967	4.0
440530206	305085967	3.0
518704653	305085967	3.0
518704654	305085967	3.0
305092835	305085967	4.0
305092841	305085967	4.0
305092842	305085967	4.0
305213058	305085967	4.0
276327215	305085967	3.0
276144374	305085967	3.0
276292033	305085967	3.0
276327173	305085967	2.0
276327177	305085967	2.0
276327256	305085967	2.0
276336696	305085967	3.0
276337726	305085967	3.0
276337729	305085967	3.0
276370444	305085967	3.0
276366182	305085967	3.0
276366187	305085967	3.0
276366238	305085967	3.0
276366251	305085967	3.0
276370713	305085967	4.0
308969044	305085967	3.0
608121197	305085967	4.0
305085968	305085968	0
305085970	305085968	0.0
305085971	305085968	0.0
305085972	305085968	0.0
305085973	305085968	0.0
305085974	305085968	0.0
76090448	305085968	3.0
294357895	305085968	3.0
330960483	305085968	2.0
305088871	305085968	4.0
305088872	305085968	4.0
305088873	305085968	4.0
305088874	305085968	3.0
305088875	305085968	4.0
305088876	305085968	4.0
305088880	305085968	3.0
305088882	305085968	4.0
305088870	305085968	4.0
305092831	305085968	4.0
305092832	305085968	4.0
305092833	305085968	4.0
305092834	305085968	4.0
305092839	305085968	4.0
276292062	305085968	3.0
276143896	305085968	2.0
276327175	305085968	3.0
276336707	305085968	3.0
276366096	305085968	3.0
276352077	305085968	4.0
276334135	305085968	4.0
286271801	305085968	4.0
294357877	305085968	3.0
440530202	305085968	3.0
440530203	305085968	3.0
440530204	305085968	3.0
440530205	305085968	3.0
76090449	305085968	3.0
423893814	305085968	4.0
440530206	305085968	3.0
518704653	305085968	3.0
518704654	305085968	3.0
305092835	305085968	4.0
305092841	305085968	4.0
305092842	305085968	4.0
305213058	305085968	4.0
276327215	305085968	3.0
276144374	305085968	3.0
276292033	305085968	3.0
276327173	305085968	2.0
276327177	305085968	2.0
276327256	305085968	2.0
276336696	305085968	3.0
276337726	305085968	3.0
276337729	305085968	3.0
276370444	305085968	3.0
276366182	305085968	3.0
276366187	305085968	3.0
276366238	305085968	3.0
276366251	305085968	3.0
276370713	305085968	4.0
308969044	305085968	3.0
608121197	305085968	4.0
305085970	305085970	0
305085971	305085970	0.0
305085972	305085970	0.0
305085973	305085970	0.0
305085974	305085970	0.0
76090448	305085970	2.0
294357895	305085970	3.0
330960483	305085970	2.0
305088871	305085970	3.0
305088872	305085970	4.0
305088873	305085970	3.0
305088874	305085970	3.0
305088875	305085970	3.0
305088876	305085970	4.0
305088880	305085970	3.0
305088882	305085970	3.0
305088870	305085970	4.0
305092831	305085970	4.0
305092832	305085970	4.0
305092833	305085970	4.0
305092834	305085970	4.0
305092839	305085970	4.0
276292062	305085970	3.0
276143896	305085970	2.0
276327175	305085970	2.0
276336707	305085970	3.0
276366096	305085970	3.0
276352077	305085970	4.0
276334135	305085970	3.0
286271801	305085970	4.0
294357877	305085970	3.0
440530202	305085970	3.0
440530203	305085970	3.0
440530204	305085970	3.0
440530205	305085970	3.0
76090449	305085970	3.0
423893814	305085970	4.0
440530206	305085970	3.0
518704653	305085970	3.0
518704654	305085970	3.0
305092835	305085970	4.0
305092841	305085970	4.0
305092842	305085970	4.0
305213058	305085970	4.0
276327215	305085970	2.0
276144374	305085970	3.0
276292033	305085970	3.0
276327173	305085970	2.0
276327177	305085970	2.0
276327256	305085970	2.0
276336696	305085970	3.0
276337726	305085970	3.0
276337729	305085970	3.0
276370444	305085970	3.0
276366182	305085970	3.0
276366187	305085970	3.0
276366238	305085970	3.0
276366251	305085970	3.0
276370713	305085970	4.0
308969044	305085970	3.0
608121197	305085970	4.0
305085971	305085971	0
305085972	305085971	0.0
305085973	305085971	0.0
305085974	305085971	0.0
76090448	305085971	2.0
294357895	305085971	3.0
330960483	305085971	2.0
305088871	305085971	4.0
305088872	305085971	4.0
305088873	305085971	3.0
305088874	305085971	3.0
305088875	305085971	3.0
305088876	305085971	4.0
305088880	305085971	3.0
305088882	305085971	3.0
305088870	305085971	4.0
305092831	305085971	4.0
305092832	305085971	4.0
305092833	305085971	4.0
305092834	305085971	4.0
305092839	305085971	4.0
276292062	305085971	3.0
276143896	305085971	3.0
276327175	305085971	2.0
276336707	305085971	3.0
276366096	305085971	3.0
276352077	305085971	4.0
276334135	305085971	3.0
286271801	305085971	4.0
294357877	305085971	3.0
440530202	305085971	3.0
440530203	305085971	3.0
440530204	305085971	3.0
440530205	305085971	3.0
76090449	305085971	3.0
423893814	305085971	4.0
440530206	305085971	3.0
518704653	305085971	3.0
518704654	305085971	3.0
305092835	305085971	4.0
305092841	305085971	4.0
305092842	305085971	4.0
305213058	305085971	4.0
276327215	305085971	2.0
276144374	305085971	3.0
276292033	305085971	3.0
276327173	305085971	2.0
276327177	305085971	2.0
276327256	305085971	2.0
276336696	305085971	3.0
276337726	305085971	3.0
276337729	305085971	3.0
276370444	305085971	3.0
276366182	305085971	3.0
276366187	305085971	3.0
276366238	305085971	3.0
276366251	305085971	3.0
276370713	305085971	4.0
308969044	305085971	3.0
608121197	305085971	4.0
305085972	305085972	0
305085973	305085972	0.0
305085974	305085972	0.0
76090448	305085972	2.0
294357895	305085972	3.0
330960483	305085972	2.0
305088871	305085972	4.0
305088872	305085972	4.0
305088873	305085972	3.0
305088874	305085972	3.0
305088875	305085972	3.0
305088876	305085972	4.0
305088880	305085972	3.0
305088882	305085972	3.0
305088870	305085972	4.0
305092831	305085972	4.0
305092832	305085972	4.0
305092833	305085972	4.0
305092834	305085972	4.0
305092839	305085972	4.0
276292062	305085972	3.0
276143896	305085972	3.0
276327175	305085972	2.0
276336707	305085972	3.0
276366096	305085972	3.0
276352077	305085972	4.0
276334135	305085972	3.0
286271801	305085972	4.0
294357877	305085972	3.0
440530202	305085972	3.0
440530203	305085972	3.0
440530204	305085972	3.0
440530205	305085972	3.0
76090449	305085972	3.0
423893814	305085972	4.0
440530206	305085972	3.0
518704653	305085972	3.0
518704654	305085972	3.0
305092835	305085972	4.0
305092841	305085972	4.0
305092842	305085972	4.0
305213058	305085972	4.0
276327215	305085972	2.0
276144374	305085972	3.0
276292033	305085972	3.0
276327173	305085972	2.0
276327177	305085972	2.0
276327256	305085972	2.0
276336696	305085972	3.0
276337726	305085972	3.0
276337729	305085972	3.0
276370444	305085972	3.0
276366182	305085972	3.0
276366187	305085972	3.0
276366238	305085972	3.0
276366251	305085972	3.0
276370713	305085972	4.0
308969044	305085972	3.0
608121197	305085972	4.0
305085973	305085973	0
305085974	305085973	0.0
76090448	305085973	2.0
294357895	305085973	3.0
330960483	305085973	2.0
305088871	305085973	4.0
305088872	305085973	4.0
305088873	305085973	3.0
305088874	305085973	3.0
305088875	305085973	3.0
305088876	305085973	4.0
305088880	305085973	3.0
305088882	305085973	3.0
305088870	305085973	4.0
305092831	305085973	4.0
305092832	305085973	4.0
305092833	305085973	4.0
305092834	305085973	4.0
305092839	305085973	4.0
276292062	305085973	3.0
276143896	305085973	3.0
276327175	305085973	2.0
276336707	305085973	3.0
276366096	305085973	3.0
276352077	305085973	4.0
276334135	305085973	3.0
286271801	305085973	4.0
294357877	305085973	3.0
440530202	305085973	3.0
440530203	305085973	3.0
440530204	305085973	3.0
440530205	305085973	3.0
76090449	305085973	3.0
423893814	305085973	4.0
440530206	305085973	3.0
518704653	305085973	3.0
518704654	305085973	3.0
305092835	305085973	4.0
305092841	305085973	4.0
305092842	305085973	4.0
305213058	305085973	4.0
276327215	305085973	2.0
276144374	305085973	3.0
276292033	305085973	3.0
276327173	305085973	2.0
276327177	305085973	2.0
276327256	305085973	2.0
276336696	305085973	3.0
276337726	305085973	3.0
276337729	305085973	3.0
276370444	305085973	3.0
276366182	305085973	3.0
276366187	305085973	3.0
276366238	305085973	3.0
276366251	305085973	3.0
276370713	305085973	4.0
308969044	305085973	3.0
608121197	305085973	4.0
305085974	305085974	0
76090448	305085974	2.0
294357895	305085974	3.0
330960483	305085974	2.0
305088871	305085974	4.0
305088872	305085974	4.0
305088873	305085974	3.0
305088874	305085974	3.0
305088875	305085974	3.0
305088876	305085974	4.0
305088880	305085974	3.0
305088882	305085974	3.0
305088870	305085974	4.0
305092831	305085974	4.0
305092832	305085974	4.0
305092833	305085974	4.0
305092834	305085974	4.0
305092839	305085974	4.0
276292062	305085974	3.0
276143896	305085974	3.0
276327175	305085974	2.0
276336707	305085974	3.0
276366096	305085974	3.0
276352077	305085974	4.0
276334135	305085974	3.0
286271801	305085974	4.0
294357877	305085974	3.0
440530202	305085974	3.0
440530203	305085974	3.0
440530204	305085974	3.0
440530205	305085974	3.0
76090449	305085974	3.0
423893814	305085974	4.0
440530206	305085974	3.0
518704653	305085974	3.0
518704654	305085974	3.0
305092835	305085974	4.0
305092841	305085974	4.0
305092842	305085974	4.0
305213058	305085974	4.0
276327215	305085974	2.0
276144374	305085974	3.0
276292033	305085974	3.0
276327173	305085974	2.0
276327177	305085974	2.0
276327256	305085974	2.0
276336696	305085974	3.0
276337726	305085974	3.0
276337729	305085974	3.0
276370444	305085974	3.0
276366182	305085974	3.0
276366187	305085974	3.0
276366238	305085974	3.0
276366251	305085974	3.0
276370713	305085974	4.0
308969044	305085974	3.0
608121197	305085974	4.0
76090448	76090448	0
294357895	76090448	3.0
330960483	76090448	0.0
305088871	76090448	3.0
305088872	76090448	3.0
305088873	76090448	3.0
305088874	76090448	3.0
305088875	76090448	3.0
305088876	76090448	3.0
305088880	76090448	3.0
305088882	76090448	3.0
305088870	76090448	3.0
305092831	76090448	3.0
305092832	76090448	4.0
305092833	76090448	3.0
305092834	76090448	4.0
305092839	76090448	4.0
276292062	76090448	4.0
276143896	76090448	3.0
276327175	76090448	3.0
276336707	76090448	3.0
276366096	76090448	3.0
276352077	76090448	3.0
276334135	76090448	4.0
286271801	76090448	4.0
294357877	76090448	4.0
440530202	76090448	3.0
440530203	76090448	3.0
440530204	76090448	3.0
440530205	76090448	2.0
76090449	76090448	3.0
423893814	76090448	4.0
440530206	76090448	3.0
518704653	76090448	3.0
518704654	76090448	3.0
305092835	76090448	4.0
305092841	76090448	4.0
305092842	76090448	3.0
305213058	76090448	3.0
276327215	76090448	3.0
276144374	76090448	4.0
276292033	76090448	3.0
276327173	76090448	2.0
276327177	76090448	2.0
276327256	76090448	2.0
276336696	76090448	3.0
276337726	76090448	3.0
276337729	76090448	4.0
276370444	76090448	1.0
276366182	76090448	3.0
276366187	76090448	3.0
276366238	76090448	3.0
276366251	76090448	3.0
276370713	76090448	3.0
308969044	76090448	2.0
608121197	76090448	3.0
294357895	294357895	0
330960483	294357895	3.0
305088871	294357895	4.0
305088872	294357895	4.0
305088873	294357895	3.0
305088874	294357895	4.0
305088875	294357895	3.0
305088876	294357895	4.0
305088880	294357895	3.0
305088882	294357895	3.0
305088870	294357895	4.0
305092831	294357895	4.0
305092832	294357895	4.0
305092833	294357895	4.0
305092834	294357895	4.0
305092839	294357895	4.0
276292062	294357895	3.0
276143896	294357895	3.0
276327175	294357895	2.0
276336707	294357895	3.0
276366096	294357895	4.0
276352077	294357895	4.0
276334135	294357895	3.0
286271801	294357895	3.0
294357877	294357895	3.0
440530202	294357895	3.0
440530203	294357895	3.0
440530204	294357895	3.0
440530205	294357895	3.0
76090449	294357895	3.0
423893814	294357895	4.0
440530206	294357895	3.0
518704653	294357895	4.0
518704654	294357895	4.0
305092835	294357895	4.0
305092841	294357895	4.0
305092842	294357895	4.0
305213058	294357895	4.0
276327215	294357895	2.0
276144374	294357895	4.0
276292033	294357895	3.0
276327173	294357895	2.0
276327177	294357895	2.0
276327256	294357895	2.0
276336696	294357895	2.0
276337726	294357895	2.0
276337729	294357895	2.0
276370444	294357895	3.0
276366182	294357895	4.0
276366187	294357895	4.0
276366238	294357895	4.0
276366251	294357895	4.0
276370713	294357895	4.0
308969044	294357895	4.0
608121197	294357895	4.0
330960483	330960483	0
305088871	330960483	3.0
305088872	330960483	3.0
305088873	330960483	3.0
305088874	330960483	3.0
305088875	330960483	3.0
305088876	330960483	3.0
305088880	330960483	3.0
305088882	330960483	3.0
305088870	330960483	3.0
305092831	330960483	3.0
305092832	330960483	4.0
305092833	330960483	3.0
305092834	330960483	4.0
305092839	330960483	4.0
276292062	330960483	3.0
276143896	330960483	3.0
276327175	330960483	2.0
276336707	330960483	3.0
276366096	330960483	3.0
276352077	330960483	4.0
276334135	330960483	4.0
286271801	330960483	4.0
294357877	330960483	4.0
440530202	330960483	2.0
440530203	330960483	3.0
440530204	330960483	3.0
440530205	330960483	2.0
76090449	330960483	3.0
423893814	330960483	4.0
440530206	330960483	3.0
518704653	330960483	3.0
518704654	330960483	3.0
305092835	330960483	4.0
305092841	330960483	4.0
305092842	330960483	3.0
305213058	330960483	3.0
276327215	330960483	2.0
276144374	330960483	3.0
276292033	330960483	3.0
276327173	330960483	2.0
276327177	330960483	2.0
276327256	330960483	2.0
276336696	330960483	3.0
276337726	330960483	3.0
276337729	330960483	3.0
276370444	330960483	1.0
276366182	330960483	3.0
276366187	330960483	3.0
276366238	330960483	3.0
276366251	330960483	3.0
276370713	330960483	3.0
308969044	330960483	2.0
608121197	330960483	3.0
305088871	305088871	0
305088872	305088871	2.0
305088873	305088871	0.0
305088874	305088871	2.0
305088875	305088871	0.0
305088876	305088871	0.0
305088880	305088871	2.0
305088882	305088871	1.0
305088870	305088871	2.0
305092831	305088871	2.0
305092832	305088871	1.0
305092833	305088871	2.0
305092834	305088871	3.0
305092839	305088871	2.0
276292062	305088871	4.0
276143896	305088871	4.0
276327175	305088871	3.0
276336707	305088871	3.0
276366096	305088871	3.0
276352077	305088871	0.0
276334135	305088871	4.0
286271801	305088871	4.0
294357877	305088871	4.0
440530202	305088871	3.0
440530203	305088871	3.0
440530204	305088871	3.0
440530205	305088871	3.0
76090449	305088871	2.0
423893814	305088871	1.0
440530206	305088871	3.0
518704653	305088871	3.0
518704654	305088871	3.0
305092835	305088871	3.0
305092841	305088871	3.0
305092842	305088871	2.0
305213058	305088871	2.0
276327215	305088871	3.0
276144374	305088871	4.0
276292033	305088871	4.0
276327173	305088871	3.0
276327177	305088871	3.0
276327256	305088871	3.0
276336696	305088871	3.0
276337726	305088871	3.0
276337729	305088871	4.0
276370444	305088871	3.0
276366182	305088871	3.0
276366187	305088871	3.0
276366238	305088871	3.0
276366251	305088871	3.0
276370713	305088871	2.0
308969044	305088871	2.0
608121197	305088871	2.0
305088872	305088872	0
305088873	305088872	2.0
305088874	305088872	0.0
305088875	305088872	2.0
305088876	305088872	1.0
305088880	305088872	1.0
305088882	305088872	1.0
305088870	305088872	0.0
305092831	305088872	2.0
305092832	305088872	2.0
305092833	305088872	1.0
305092834	305088872	2.0
305092839	305088872	3.0
276292062	305088872	4.0
276143896	305088872	4.0
276327175	305088872	3.0
276336707	305088872	3.0
276366096	305088872	2.0
276352077	305088872	2.0
276334135	305088872	4.0
286271801	305088872	4.0
294357877	305088872	4.0
440530202	305088872	3.0
440530203	305088872	3.0
440530204	305088872	3.0
440530205	305088872	3.0
76090449	305088872	2.0
423893814	305088872	2.0
440530206	305088872	3.0
518704653	305088872	2.0
518704654	305088872	2.0
305092835	305088872	2.0
305092841	305088872	2.0
305092842	305088872	1.0
305213058	305088872	2.0
276327215	305088872	3.0
276144374	305088872	4.0
276292033	305088872	4.0
276327173	305088872	3.0
276327177	305088872	3.0
276327256	305088872	3.0
276336696	305088872	3.0
276337726	305088872	3.0
276337729	305088872	4.0
276370444	305088872	2.0
276366182	305088872	2.0
276366187	305088872	2.0
276366238	305088872	2.0
276366251	305088872	2.0
276370713	305088872	1.0
308969044	305088872	1.0
608121197	305088872	2.0
305088873	305088873	0
305088874	305088873	1.0
305088875	305088873	0.0
305088876	305088873	1.0
305088880	305088873	1.0
305088882	305088873	1.0
305088870	305088873	2.0
305092831	305088873	2.0
305092832	305088873	2.0
305092833	305088873	2.0
305092834	305088873	3.0
305092839	305088873	2.0
276292062	305088873	4.0
276143896	305088873	4.0
276327175	305088873	3.0
276336707	305088873	3.0
276366096	305088873	3.0
276352077	305088873	1.0
276334135	305088873	4.0
286271801	305088873	4.0
294357877	305088873	4.0
440530202	305088873	2.0
440530203	305088873	3.0
440530204	305088873	3.0
440530205	305088873	2.0
76090449	305088873	1.0
423893814	305088873	2.0
440530206	305088873	3.0
518704653	305088873	2.0
518704654	305088873	2.0
305092835	305088873	3.0
305092841	305088873	3.0
305092842	305088873	2.0
305213058	305088873	3.0
276327215	305088873	3.0
276144374	305088873	4.0
276292033	305088873	4.0
276327173	305088873	3.0
276327177	305088873	3.0
276327256	305088873	3.0
276336696	305088873	3.0
276337726	305088873	3.0
276337729	305088873	3.0
276370444	305088873	3.0
276366182	305088873	2.0
276366187	305088873	3.0
276366238	305088873	2.0
276366251	305088873	2.0
276370713	305088873	3.0
308969044	305088873	2.0
608121197	305088873	3.0
305088874	305088874	0
305088875	305088874	2.0
305088876	305088874	2.0
305088880	305088874	0.0
305088882	305088874	0.0
305088870	305088874	0.0
305092831	305088874	2.0
305092832	305088874	3.0
305092833	305088874	2.0
305092834	305088874	3.0
305092839	305088874	3.0
276292062	305088874	4.0
276143896	305088874	4.0
276327175	305088874	3.0
276336707	305088874	3.0
276366096	305088874	2.0
276352077	305088874	2.0
276334135	305088874	4.0
286271801	305088874	4.0
294357877	305088874	4.0
440530202	305088874	3.0
440530203	305088874	3.0
440530204	305088874	3.0
440530205	305088874	3.0
76090449	305088874	2.0
423893814	305088874	2.0
440530206	305088874	3.0
518704653	305088874	2.0
518704654	305088874	2.0
305092835	305088874	2.0
305092841	305088874	2.0
305092842	305088874	2.0
305213058	305088874	3.0
276327215	305088874	3.0
276144374	305088874	4.0
276292033	305088874	4.0
276327173	305088874	3.0
276327177	305088874	3.0
276327256	305088874	3.0
276336696	305088874	3.0
276337726	305088874	3.0
276337729	305088874	4.0
276370444	305088874	2.0
276366182	305088874	2.0
276366187	305088874	2.0
276366238	305088874	2.0
276366251	305088874	2.0
276370713	305088874	2.0
308969044	305088874	1.0
608121197	305088874	3.0
305088875	305088875	0
305088876	305088875	1.0
305088880	305088875	1.0
305088882	305088875	1.0
305088870	305088875	2.0
305092831	305088875	2.0
305092832	305088875	2.0
305092833	305088875	2.0
305092834	305088875	3.0
305092839	305088875	2.0
276292062	305088875	4.0
276143896	305088875	4.0
276327175	305088875	3.0
276336707	305088875	3.0
276366096	305088875	3.0
276352077	305088875	1.0
276334135	305088875	4.0
286271801	305088875	4.0
294357877	305088875	4.0
440530202	305088875	3.0
440530203	305088875	3.0
440530204	305088875	3.0
440530205	305088875	3.0
76090449	305088875	1.0
423893814	305088875	1.0
440530206	305088875	3.0
518704653	305088875	3.0
518704654	305088875	2.0
305092835	305088875	3.0
305092841	305088875	3.0
305092842	305088875	2.0
305213058	305088875	3.0
276327215	305088875	3.0
276144374	305088875	4.0
276292033	305088875	4.0
276327173	305088875	3.0
276327177	305088875	3.0
276327256	305088875	3.0
276336696	305088875	3.0
276337726	305088875	3.0
276337729	305088875	3.0
276370444	305088875	3.0
276366182	305088875	3.0
276366187	305088875	3.0
276366238	305088875	3.0
276366251	305088875	3.0
276370713	305088875	2.0
308969044	305088875	2.0
608121197	305088875	3.0
305088876	305088876	0
305088880	305088876	2.0
305088882	305088876	2.0
305088870	305088876	1.0
305092831	305088876	2.0
305092832	305088876	2.0
305092833	305088876	1.0
305092834	305088876	2.0
305092839	305088876	2.0
276292062	305088876	4.0
276143896	305088876	4.0
276327175	305088876	3.0
276336707	305088876	3.0
276366096	305088876	2.0
276352077	305088876	0.0
276334135	305088876	4.0
286271801	305088876	4.0
294357877	305088876	4.0
440530202	305088876	3.0
440530203	305088876	3.0
440530204	305088876	3.0
440530205	305088876	3.0
76090449	305088876	2.0
423893814	305088876	1.0
440530206	305088876	3.0
518704653	305088876	2.0
518704654	305088876	2.0
305092835	305088876	2.0
305092841	305088876	2.0
305092842	305088876	1.0
305213058	305088876	2.0
276327215	305088876	3.0
276144374	305088876	4.0
276292033	305088876	4.0
276327173	305088876	3.0
276327177	305088876	3.0
276327256	305088876	3.0
276336696	305088876	3.0
276337726	305088876	3.0
276337729	305088876	4.0
276370444	305088876	3.0
276366182	305088876	2.0
276366187	305088876	2.0
276366238	305088876	2.0
276366251	305088876	2.0
276370713	305088876	1.0
308969044	305088876	2.0
608121197	305088876	2.0
305088880	305088880	0
305088882	305088880	0.0
305088870	305088880	1.0
305092831	305088880	2.0
305092832	305088880	3.0
305092833	305088880	2.0
305092834	305088880	3.0
305092839	305088880	3.0
276292062	305088880	4.0
276143896	305088880	4.0
276327175	305088880	3.0
276336707	305088880	3.0
276366096	305088880	2.0
276352077	305088880	2.0
276334135	305088880	4.0
286271801	305088880	4.0
294357877	305088880	4.0
440530202	305088880	3.0
440530203	305088880	3.0
440530204	305088880	3.0
440530205	305088880	3.0
76090449	305088880	2.0
423893814	305088880	2.0
440530206	305088880	3.0
518704653	305088880	2.0
518704654	305088880	2.0
305092835	305088880	3.0
305092841	305088880	3.0
305092842	305088880	2.0
305213058	305088880	3.0
276327215	305088880	3.0
276144374	305088880	4.0
276292033	305088880	4.0
276327173	305088880	3.0
276327177	305088880	3.0
276327256	305088880	3.0
276336696	305088880	3.0
276337726	305088880	3.0
276337729	305088880	3.0
276370444	305088880	2.0
276366182	305088880	2.0
276366187	305088880	2.0
276366238	305088880	2.0
276366251	305088880	2.0
276370713	305088880	2.0
308969044	305088880	1.0
608121197	305088880	3.0
305088882	305088882	0
305088870	305088882	1.0
305092831	305088882	2.0
305092832	305088882	2.0
305092833	305088882	2.0
305092834	305088882	3.0
305092839	305088882	3.0
276292062	305088882	4.0
276143896	305088882	4.0
276327175	305088882	3.0
276336707	305088882	3.0
276366096	305088882	2.0
276352077	305088882	2.0
276334135	305088882	4.0
286271801	305088882	4.0
294357877	305088882	4.0
440530202	305088882	3.0
440530203	305088882	3.0
440530204	305088882	3.0
440530205	305088882	2.0
76090449	305088882	1.0
423893814	305088882	2.0
440530206	305088882	3.0
518704653	305088882	2.0
518704654	305088882	2.0
305092835	305088882	3.0
305092841	305088882	3.0
305092842	305088882	2.0
305213058	305088882	3.0
276327215	305088882	3.0
276144374	305088882	4.0
276292033	305088882	4.0
276327173	305088882	3.0
276327177	305088882	3.0
276327256	305088882	3.0
276336696	305088882	3.0
276337726	305088882	3.0
276337729	305088882	3.0
276370444	305088882	2.0
276366182	305088882	2.0
276366187	305088882	2.0
276366238	305088882	2.0
276366251	305088882	2.0
276370713	305088882	2.0
308969044	305088882	1.0
608121197	305088882	3.0
305088870	305088870	0
305092831	305088870	2.0
305092832	305088870	2.0
305092833	305088870	1.0
305092834	305088870	2.0
305092839	305088870	3.0
276292062	305088870	4.0
276143896	305088870	4.0
276327175	305088870	3.0
276336707	305088870	3.0
276366096	305088870	2.0
276352077	305088870	2.0
276334135	305088870	4.0
286271801	305088870	4.0
294357877	305088870	4.0
440530202	305088870	3.0
440530203	305088870	3.0
440530204	305088870	3.0
440530205	305088870	3.0
76090449	305088870	2.0
423893814	305088870	2.0
440530206	305088870	3.0
518704653	305088870	2.0
518704654	305088870	2.0
305092835	305088870	2.0
305092841	305088870	2.0
305092842	305088870	1.0
305213058	305088870	2.0
276327215	305088870	3.0
276144374	305088870	4.0
276292033	305088870	4.0
276327173	305088870	3.0
276327177	305088870	3.0
276327256	305088870	3.0
276336696	305088870	3.0
276337726	305088870	3.0
276337729	305088870	4.0
276370444	305088870	3.0
276366182	305088870	2.0
276366187	305088870	2.0
276366238	305088870	2.0
276366251	305088870	2.0
276370713	305088870	1.0
308969044	305088870	2.0
608121197	305088870	2.0
305092831	305092831	0
305092832	305092831	3.0
305092833	305092831	0.0
305092834	305092831	1.0
305092839	305092831	2.0
276292062	305092831	4.0
276143896	305092831	4.0
276327175	305092831	4.0
276336707	305092831	4.0
276366096	305092831	3.0
276352077	305092831	2.0
276334135	305092831	4.0
286271801	305092831	5.0
294357877	305092831	5.0
440530202	305092831	3.0
440530203	305092831	4.0
440530204	305092831	4.0
440530205	305092831	3.0
76090449	305092831	3.0
423893814	305092831	2.0
440530206	305092831	4.0
518704653	305092831	3.0
518704654	305092831	3.0
305092835	305092831	1.0
305092841	305092831	0.0
305092842	305092831	0.0
305213058	305092831	2.0
276327215	305092831	4.0
276144374	305092831	4.0
276292033	305092831	4.0
276327173	305092831	4.0
276327177	305092831	4.0
276327256	305092831	4.0
276336696	305092831	4.0
276337726	305092831	4.0
276337729	305092831	4.0
276370444	305092831	3.0
276366182	305092831	3.0
276366187	305092831	3.0
276366238	305092831	3.0
276366251	305092831	3.0
276370713	305092831	2.0
308969044	305092831	3.0
608121197	305092831	2.0
305092832	305092832	0
305092833	305092832	2.0
305092834	305092832	3.0
305092839	305092832	1.0
276292062	305092832	4.0
276143896	305092832	4.0
276327175	305092832	4.0
276336707	305092832	4.0
276366096	305092832	3.0
276352077	305092832	1.0
276334135	305092832	4.0
286271801	305092832	4.0
294357877	305092832	4.0
440530202	305092832	3.0
440530203	305092832	3.0
440530204	305092832	3.0
440530205	305092832	3.0
76090449	305092832	3.0
423893814	305092832	0.0
440530206	305092832	4.0
518704653	305092832	3.0
518704654	305092832	3.0
305092835	305092832	3.0
305092841	305092832	3.0
305092842	305092832	2.0
305213058	305092832	3.0
276327215	305092832	4.0
276144374	305092832	4.0
276292033	305092832	4.0
276327173	305092832	3.0
276327177	305092832	3.0
276327256	305092832	3.0
276336696	305092832	4.0
276337726	305092832	4.0
276337729	305092832	4.0
276370444	305092832	3.0
276366182	305092832	3.0
276366187	305092832	3.0
276366238	305092832	3.0
276366251	305092832	3.0
276370713	305092832	2.0
308969044	305092832	3.0
608121197	305092832	3.0
305092833	305092833	0
305092834	305092833	1.0
305092839	305092833	3.0
276292062	305092833	4.0
276143896	305092833	4.0
276327175	305092833	4.0
276336707	305092833	4.0
276366096	305092833	2.0
276352077	305092833	2.0
276334135	305092833	4.0
286271801	305092833	5.0
294357877	305092833	4.0
440530202	305092833	3.0
440530203	305092833	4.0
440530204	305092833	4.0
440530205	305092833	3.0
76090449	305092833	3.0
423893814	305092833	2.0
440530206	305092833	4.0
518704653	305092833	2.0
518704654	305092833	2.0
305092835	305092833	1.0
305092841	305092833	1.0
305092842	305092833	0.0
305213058	305092833	2.0
276327215	305092833	4.0
276144374	305092833	4.0
276292033	305092833	4.0
276327173	305092833	4.0
276327177	305092833	4.0
276327256	305092833	4.0
276336696	305092833	4.0
276337726	305092833	4.0
276337729	305092833	4.0
276370444	305092833	3.0
276366182	305092833	2.0
276366187	305092833	2.0
276366238	305092833	2.0
276366251	305092833	2.0
276370713	305092833	2.0
308969044	305092833	2.0
608121197	305092833	2.0
305092834	305092834	0
305092839	305092834	2.0
276292062	305092834	5.0
276143896	305092834	4.0
276327175	305092834	4.0
276336707	305092834	4.0
276366096	305092834	3.0
276352077	305092834	3.0
276334135	305092834	5.0
286271801	305092834	5.0
294357877	305092834	5.0
440530202	305092834	4.0
440530203	305092834	4.0
440530204	305092834	4.0
440530205	305092834	4.0
76090449	305092834	3.0
423893814	305092834	3.0
440530206	305092834	4.0
518704653	305092834	3.0
518704654	305092834	3.0
305092835	305092834	0.0
305092841	305092834	0.0
305092842	305092834	2.0
305213058	305092834	2.0
276327215	305092834	4.0
276144374	305092834	5.0
276292033	305092834	5.0
276327173	305092834	4.0
276327177	305092834	4.0
276327256	305092834	4.0
276336696	305092834	4.0
276337726	305092834	4.0
276337729	305092834	4.0
276370444	305092834	3.0
276366182	305092834	3.0
276366187	305092834	3.0
276366238	305092834	3.0
276366251	305092834	3.0
276370713	305092834	2.0
308969044	305092834	3.0
608121197	305092834	2.0
305092839	305092839	0
276292062	305092839	5.0
276143896	305092839	5.0
276327175	305092839	4.0
276336707	305092839	4.0
276366096	305092839	3.0
276352077	305092839	2.0
276334135	305092839	5.0
286271801	305092839	5.0
294357877	305092839	5.0
440530202	305092839	3.0
440530203	305092839	4.0
440530204	305092839	4.0
440530205	305092839	3.0
76090449	305092839	3.0
423893814	305092839	1.0
440530206	305092839	4.0
518704653	305092839	3.0
518704654	305092839	3.0
305092835	305092839	2.0
305092841	305092839	2.0
305092842	305092839	3.0
305213058	305092839	2.0
276327215	305092839	4.0
276144374	305092839	5.0
276292033	305092839	5.0
276327173	305092839	4.0
276327177	305092839	4.0
276327256	305092839	4.0
276336696	305092839	4.0
276337726	305092839	4.0
276337729	305092839	4.0
276370444	305092839	4.0
276366182	305092839	3.0
276366187	305092839	3.0
276366238	305092839	3.0
276366251	305092839	3.0
276370713	305092839	3.0
308969044	305092839	3.0
608121197	305092839	2.0
276292062	276292062	0
276143896	276292062	3.0
276327175	276292062	3.0
276336707	276292062	4.0
276366096	276292062	4.0
276352077	276292062	4.0
276334135	276292062	2.0
286271801	276292062	3.0
294357877	276292062	3.0
440530202	276292062	3.0
440530203	276292062	3.0
440530204	276292062	4.0
440530205	276292062	3.0
76090449	276292062	4.0
423893814	276292062	4.0
440530206	276292062	4.0
518704653	276292062	4.0
518704654	276292062	4.0
305092835	276292062	5.0
305092841	276292062	5.0
305092842	276292062	4.0
305213058	276292062	4.0
276327215	276292062	3.0
276144374	276292062	2.0
276292033	276292062	1.0
276327173	276292062	3.0
276327177	276292062	3.0
276327256	276292062	3.0
276336696	276292062	4.0
276337726	276292062	4.0
276337729	276292062	4.0
276370444	276292062	4.0
276366182	276292062	4.0
276366187	276292062	4.0
276366238	276292062	4.0
276366251	276292062	4.0
276370713	276292062	4.0
308969044	276292062	4.0
608121197	276292062	4.0
276143896	276143896	0
276327175	276143896	3.0
276336707	276143896	4.0
276366096	276143896	4.0
276352077	276143896	4.0
276334135	276143896	3.0
286271801	276143896	3.0
294357877	276143896	3.0
440530202	276143896	3.0
440530203	276143896	4.0
440530204	276143896	4.0
440530205	276143896	3.0
76090449	276143896	4.0
423893814	276143896	4.0
440530206	276143896	4.0
518704653	276143896	4.0
518704654	276143896	4.0
305092835	276143896	4.0
305092841	276143896	4.0
305092842	276143896	4.0
305213058	276143896	4.0
276327215	276143896	3.0
276144374	276143896	2.0
276292033	276143896	2.0
276327173	276143896	3.0
276327177	276143896	3.0
276327256	276143896	3.0
276336696	276143896	4.0
276337726	276143896	4.0
276337729	276143896	4.0
276370444	276143896	3.0
276366182	276143896	4.0
276366187	276143896	4.0
276366238	276143896	4.0
276366251	276143896	4.0
276370713	276143896	4.0
308969044	276143896	4.0
608121197	276143896	4.0
276327175	276327175	0
276336707	276327175	2.0
276366096	276327175	4.0
276352077	276327175	3.0
276334135	276327175	3.0
286271801	276327175	4.0
294357877	276327175	3.0
440530202	276327175	2.0
440530203	276327175	2.0
440530204	276327175	2.0
440530205	276327175	2.0
76090449	276327175	3.0
423893814	276327175	3.0
440530206	276327175	2.0
518704653	276327175	4.0
518704654	276327175	4.0
305092835	276327175	4.0
305092841	276327175	4.0
305092842	276327175	4.0
305213058	276327175	4.0
276327215	276327175	0.0
276144374	276327175	4.0
276292033	276327175	3.0
276327173	276327175	2.0
276327177	276327175	2.0
276327256	276327175	2.0
276336696	276327175	2.0
276337726	276327175	2.0
276337729	276327175	2.0
276370444	276327175	3.0
276366182	276327175	4.0
276366187	276327175	4.0
276366238	276327175	4.0
276366251	276327175	4.0
276370713	276327175	4.0
308969044	276327175	3.0
608121197	276327175	4.0
276336707	276336707	0
276366096	276336707	4.0
276352077	276336707	3.0
276334135	276336707	3.0
286271801	276336707	4.0
294357877	276336707	4.0
440530202	276336707	1.0
440530203	276336707	0.0
440530204	276336707	0.0
440530205	276336707	2.0
76090449	276336707	3.0
423893814	276336707	3.0
440530206	276336707	1.0
518704653	276336707	4.0
518704654	276336707	4.0
305092835	276336707	4.0
305092841	276336707	4.0
305092842	276336707	4.0
305213058	276336707	4.0
276327215	276336707	2.0
276144374	276336707	4.0
276292033	276336707	3.0
276327173	276336707	2.0
276327177	276336707	2.0
276327256	276336707	3.0
276336696	276336707	1.0
276337726	276336707	1.0
276337729	276336707	2.0
276370444	276336707	3.0
276366182	276336707	4.0
276366187	276336707	4.0
276366238	276336707	4.0
276366251	276336707	4.0
276370713	276336707	4.0
308969044	276336707	3.0
608121197	276336707	4.0
276366096	276366096	0
276352077	276366096	3.0
276334135	276366096	4.0
286271801	276366096	4.0
294357877	276366096	4.0
440530202	276366096	4.0
440530203	276366096	4.0
440530204	276366096	4.0
440530205	276366096	3.0
76090449	276366096	3.0
423893814	276366096	3.0
440530206	276366096	4.0
518704653	276366096	1.0
518704654	276366096	1.0
305092835	276366096	3.0
305092841	276366096	3.0
305092842	276366096	2.0
305213058	276366096	2.0
276327215	276366096	4.0
276144374	276366096	4.0
276292033	276366096	4.0
276327173	276366096	4.0
276327177	276366096	4.0
276327256	276366096	4.0
276336696	276366096	4.0
276337726	276366096	4.0
276337729	276366096	4.0
276370444	276366096	2.0
276366182	276366096	1.0
276366187	276366096	0.0
276366238	276366096	1.0
276366251	276366096	1.0
276370713	276366096	2.0
308969044	276366096	1.0
608121197	276366096	2.0
276352077	276352077	0
276334135	276352077	4.0
286271801	276352077	4.0
294357877	276352077	4.0
440530202	276352077	3.0
440530203	276352077	3.0
440530204	276352077	3.0
440530205	276352077	3.0
76090449	276352077	2.0
423893814	276352077	0.0
440530206	276352077	3.0
518704653	276352077	3.0
518704654	276352077	3.0
305092835	276352077	3.0
305092841	276352077	3.0
305092842	276352077	2.0
305213058	276352077	2.0
276327215	276352077	3.0
276144374	276352077	4.0
276292033	276352077	4.0
276327173	276352077	3.0
276327177	276352077	3.0
276327256	276352077	3.0
276336696	276352077	3.0
276337726	276352077	3.0
276337729	276352077	4.0
276370444	276352077	3.0
276366182	276352077	3.0
276366187	276352077	3.0
276366238	276352077	3.0
276366251	276352077	3.0
276370713	276352077	2.0
308969044	276352077	3.0
608121197	276352077	3.0
276334135	276334135	0
286271801	276334135	2.0
294357877	276334135	1.0
440530202	276334135	4.0
440530203	276334135	4.0
440530204	276334135	4.0
440530205	276334135	3.0
76090449	276334135	4.0
423893814	276334135	4.0
440530206	276334135	3.0
518704653	276334135	4.0
518704654	276334135	4.0
305092835	276334135	5.0
305092841	276334135	5.0
305092842	276334135	4.0
305213058	276334135	4.0
276327215	276334135	3.0
276144374	276334135	3.0
276292033	276334135	2.0
276327173	276334135	3.0
276327177	276334135	3.0
276327256	276334135	3.0
276336696	276334135	3.0
276337726	276334135	3.0
276337729	276334135	3.0
276370444	276334135	4.0
276366182	276334135	4.0
276366187	276334135	4.0
276366238	276334135	4.0
276366251	276334135	4.0
276370713	276334135	4.0
308969044	276334135	4.0
608121197	276334135	4.0
286271801	286271801	0
294357877	286271801	1.0
440530202	286271801	4.0
440530203	286271801	4.0
440530204	286271801	4.0
440530205	286271801	4.0
76090449	286271801	4.0
423893814	286271801	4.0
440530206	286271801	4.0
518704653	286271801	5.0
518704654	286271801	4.0
305092835	286271801	5.0
305092841	286271801	5.0
305092842	286271801	5.0
305213058	286271801	5.0
276327215	286271801	4.0
276144374	286271801	4.0
276292033	286271801	3.0
276327173	286271801	4.0
276327177	286271801	4.0
276327256	286271801	4.0
276336696	286271801	4.0
276337726	286271801	4.0
276337729	286271801	4.0
276370444	286271801	4.0
276366182	286271801	4.0
276366187	286271801	4.0
276366238	286271801	4.0
276366251	286271801	4.0
276370713	286271801	4.0
308969044	286271801	4.0
608121197	286271801	5.0
294357877	294357877	0
440530202	294357877	4.0
440530203	294357877	4.0
440530204	294357877	4.0
440530205	294357877	4.0
76090449	294357877	4.0
423893814	294357877	4.0
440530206	294357877	4.0
518704653	294357877	4.0
518704654	294357877	4.0
305092835	294357877	5.0
305092841	294357877	5.0
305092842	294357877	4.0
305213058	294357877	4.0
276327215	294357877	3.0
276144374	294357877	3.0
276292033	294357877	2.0
276327173	294357877	3.0
276327177	294357877	3.0
276327256	294357877	3.0
276336696	294357877	4.0
276337726	294357877	4.0
276337729	294357877	4.0
276370444	294357877	4.0
276366182	294357877	4.0
276366187	294357877	4.0
276366238	294357877	4.0
276366251	294357877	4.0
276370713	294357877	4.0
308969044	294357877	4.0
608121197	294357877	4.0
440530202	440530202	0
440530203	440530202	0.0
440530204	440530202	1.0
440530205	440530202	0.0
76090449	440530202	2.0
423893814	440530202	3.0
440530206	440530202	1.0
518704653	440530202	3.0
518704654	440530202	3.0
305092835	440530202	4.0
305092841	440530202	4.0
305092842	440530202	3.0
305213058	440530202	4.0
276327215	440530202	2.0
276144374	440530202	4.0
276292033	440530202	3.0
276327173	440530202	2.0
276327177	440530202	2.0
276327256	440530202	2.0
276336696	440530202	1.0
276337726	440530202	1.0
276337729	440530202	2.0
276370444	440530202	3.0
276366182	440530202	3.0
276366187	440530202	4.0
276366238	440530202	3.0
276366251	440530202	3.0
276370713	440530202	3.0
308969044	440530202	3.0
608121197	440530202	4.0
440530203	440530203	0
440530204	440530203	0.0
440530205	440530203	1.0
76090449	440530203	2.0
423893814	440530203	3.0
440530206	440530203	0.0
518704653	440530203	3.0
518704654	440530203	3.0
305092835	440530203	4.0
305092841	440530203	4.0
305092842	440530203	3.0
305213058	440530203	4.0
276327215	440530203	2.0
276144374	440530203	4.0
276292033	440530203	3.0
276327173	440530203	2.0
276327177	440530203	2.0
276327256	440530203	2.0
276336696	440530203	1.0
276337726	440530203	1.0
276337729	440530203	2.0
276370444	440530203	3.0
276366182	440530203	3.0
276366187	440530203	4.0
276366238	440530203	3.0
276366251	440530203	3.0
276370713	440530203	4.0
308969044	440530203	3.0
608121197	440530203	4.0
440530204	440530204	0
440530205	440530204	2.0
76090449	440530204	3.0
423893814	440530204	3.0
440530206	440530204	0.0
518704653	440530204	4.0
518704654	440530204	3.0
305092835	440530204	4.0
305092841	440530204	4.0
305092842	440530204	4.0
305213058	440530204	4.0
276327215	440530204	2.0
276144374	440530204	4.0
276292033	440530204	3.0
276327173	440530204	2.0
276327177	440530204	2.0
276327256	440530204	2.0
276336696	440530204	0.0
276337726	440530204	0.0
276337729	440530204	2.0
276370444	440530204	3.0
276366182	440530204	4.0
276366187	440530204	4.0
276366238	440530204	4.0
276366251	440530204	3.0
276370713	440530204	4.0
308969044	440530204	3.0
608121197	440530204	4.0
440530205	440530205	0
76090449	440530205	2.0
423893814	440530205	3.0
440530206	440530205	2.0
518704653	440530205	3.0
518704654	440530205	3.0
305092835	440530205	4.0
305092841	440530205	4.0
305092842	440530205	3.0
305213058	440530205	4.0
276327215	440530205	2.0
276144374	440530205	4.0
276292033	440530205	3.0
276327173	440530205	1.0
276327177	440530205	1.0
276327256	440530205	1.0
276336696	440530205	2.0
276337726	440530205	2.0
276337729	440530205	3.0
276370444	440530205	3.0
276366182	440530205	3.0
276366187	440530205	3.0
276366238	440530205	3.0
276366251	440530205	3.0
276370713	440530205	3.0
308969044	440530205	3.0
608121197	440530205	4.0
76090449	76090449	0
423893814	76090449	2.0
440530206	76090449	3.0
518704653	76090449	3.0
518704654	76090449	3.0
305092835	76090449	3.0
305092841	76090449	3.0
305092842	76090449	3.0
305213058	76090449	3.0
276327215	76090449	3.0
276144374	76090449	4.0
276292033	76090449	4.0
276327173	76090449	2.0
276327177	76090449	3.0
276327256	76090449	3.0
276336696	76090449	3.0
276337726	76090449	3.0
276337729	76090449	3.0
276370444	76090449	3.0
276366182	76090449	3.0
276366187	76090449	3.0
276366238	76090449	3.0
276366251	76090449	3.0
276370713	76090449	3.0
308969044	76090449	2.0
608121197	76090449	3.0
423893814	423893814	0
440530206	423893814	3.0
518704653	423893814	3.0
518704654	423893814	3.0
305092835	423893814	3.0
305092841	423893814	3.0
305092842	423893814	2.0
305213058	423893814	3.0
276327215	423893814	3.0
276144374	423893814	4.0
276292033	423893814	4.0
276327173	423893814	3.0
276327177	423893814	3.0
276327256	423893814	3.0
276336696	423893814	3.0
276337726	423893814	3.0
276337729	423893814	4.0
276370444	423893814	3.0
276366182	423893814	3.0
276366187	423893814	3.0
276366238	423893814	3.0
276366251	423893814	3.0
276370713	423893814	2.0
308969044	423893814	3.0
608121197	423893814	3.0
440530206	440530206	0
518704653	440530206	4.0
518704654	440530206	4.0
305092835	440530206	4.0
305092841	440530206	4.0
305092842	440530206	4.0
305213058	440530206	4.0
276327215	440530206	2.0
276144374	440530206	4.0
276292033	440530206	4.0
276327173	440530206	3.0
276327177	440530206	3.0
276327256	440530206	3.0
276336696	440530206	0.0
276337726	440530206	0.0
276337729	440530206	1.0
276370444	440530206	3.0
276366182	440530206	4.0
276366187	440530206	4.0
276366238	440530206	4.0
276366251	440530206	4.0
276370713	440530206	4.0
308969044	440530206	3.0
608121197	440530206	4.0
518704653	518704653	0
518704654	518704653	0.0
305092835	518704653	3.0
305092841	518704653	3.0
305092842	518704653	2.0
305213058	518704653	2.0
276327215	518704653	4.0
276144374	518704653	4.0
276292033	518704653	4.0
276327173	518704653	3.0
276327177	518704653	3.0
276327256	518704653	3.0
276336696	518704653	4.0
276337726	518704653	4.0
276337729	518704653	4.0
276370444	518704653	2.0
276366182	518704653	0.0
276366187	518704653	1.0
276366238	518704653	0.0
276366251	518704653	0.0
276370713	518704653	2.0
308969044	518704653	1.0
608121197	518704653	2.0
518704654	518704654	0
305092835	518704654	3.0
305092841	518704654	3.0
305092842	518704654	2.0
305213058	518704654	2.0
276327215	518704654	4.0
276144374	518704654	4.0
276292033	518704654	4.0
276327173	518704654	3.0
276327177	518704654	3.0
276327256	518704654	3.0
276336696	518704654	4.0
276337726	518704654	4.0
276337729	518704654	4.0
276370444	518704654	2.0
276366182	518704654	0.0
276366187	518704654	1.0
276366238	518704654	0.0
276366251	518704654	0.0
276370713	518704654	2.0
308969044	518704654	0.0
608121197	518704654	2.0
305092835	305092835	0
305092841	305092835	0.0
305092842	305092835	1.0
305213058	305092835	2.0
276327215	305092835	4.0
276144374	305092835	5.0
276292033	305092835	5.0
276327173	305092835	4.0
276327177	305092835	4.0
276327256	305092835	4.0
276336696	305092835	4.0
276337726	305092835	4.0
276337729	305092835	4.0
276370444	305092835	3.0
276366182	305092835	3.0
276366187	305092835	3.0
276366238	305092835	3.0
276366251	305092835	3.0
276370713	305092835	2.0
308969044	305092835	3.0
608121197	305092835	2.0
305092841	305092841	0
305092842	305092841	1.0
305213058	305092841	2.0
276327215	305092841	4.0
276144374	305092841	5.0
276292033	305092841	5.0
276327173	305092841	4.0
276327177	305092841	4.0
276327256	305092841	4.0
276336696	305092841	4.0
276337726	305092841	4.0
276337729	305092841	4.0
276370444	305092841	3.0
276366182	305092841	3.0
276366187	305092841	3.0
276366238	305092841	3.0
276366251	305092841	3.0
276370713	305092841	2.0
308969044	305092841	3.0
608121197	305092841	2.0
305092842	305092842	0
305213058	305092842	2.0
276327215	305092842	4.0
276144374	305092842	4.0
276292033	305092842	4.0
276327173	305092842	3.0
276327177	305092842	4.0
276327256	305092842	4.0
276336696	305092842	4.0
276337726	305092842	4.0
276337729	305092842	4.0
276370444	305092842	3.0
276366182	305092842	2.0
276366187	305092842	2.0
276366238	305092842	2.0
276366251	305092842	2.0
276370713	305092842	1.0
308969044	305092842	2.0
608121197	305092842	2.0
305213058	305213058	0
276327215	305213058	4.0
276144374	305213058	4.0
276292033	305213058	4.0
276327173	305213058	4.0
276327177	305213058	4.0
276327256	305213058	4.0
276336696	305213058	4.0
276337726	305213058	4.0
276337729	305213058	4.0
276370444	305213058	3.0
276366182	305213058	2.0
276366187	305213058	2.0
276366238	305213058	2.0
276366251	305213058	2.0
276370713	305213058	1.0
308969044	305213058	2.0
608121197	305213058	0.0
276327215	276327215	0
276144374	276327215	4.0
276292033	276327215	3.0
276327173	276327215	2.0
276327177	276327215	2.0
276327256	276327215	2.0
276336696	276327215	2.0
276337726	276327215	2.0
276337729	276327215	2.0
276370444	276327215	3.0
276366182	276327215	4.0
276366187	276327215	4.0
276366238	276327215	4.0
276366251	276327215	4.0
276370713	276327215	4.0
308969044	276327215	3.0
608121197	276327215	4.0
276144374	276144374	0
276292033	276144374	3.0
276327173	276144374	3.0
276327177	276144374	3.0
276327256	276144374	3.0
276336696	276144374	4.0
276337726	276144374	4.0
276337729	276144374	4.0
276370444	276144374	4.0
276366182	276144374	4.0
276366187	276144374	4.0
276366238	276144374	4.0
276366251	276144374	4.0
276370713	276144374	4.0
308969044	276144374	4.0
608121197	276144374	4.0
276292033	276292033	0
276327173	276292033	3.0
276327177	276292033	3.0
276327256	276292033	3.0
276336696	276292033	3.0
276337726	276292033	3.0
276337729	276292033	3.0
276370444	276292033	4.0
276366182	276292033	4.0
276366187	276292033	4.0
276366238	276292033	4.0
276366251	276292033	4.0
276370713	276292033	4.0
308969044	276292033	4.0
608121197	276292033	4.0
276327173	276327173	0
276327177	276327173	0.0
276327256	276327173	0.0
276336696	276327173	3.0
276337726	276327173	3.0
276337729	276327173	3.0
276370444	276327173	3.0
276366182	276327173	3.0
276366187	276327173	4.0
276366238	276327173	3.0
276366251	276327173	3.0
276370713	276327173	4.0
308969044	276327173	3.0
608121197	276327173	4.0
276327177	276327177	0
276327256	276327177	0.0
276336696	276327177	3.0
276337726	276327177	3.0
276337729	276327177	3.0
276370444	276327177	3.0
276366182	276327177	3.0
276366187	276327177	3.0
276366238	276327177	3.0
276366251	276327177	3.0
276370713	276327177	4.0
308969044	276327177	3.0
608121197	276327177	4.0
276327256	276327256	0
276336696	276327256	3.0
276337726	276327256	3.0
276337729	276327256	3.0
276370444	276327256	3.0
276366182	276327256	3.0
276366187	276327256	3.0
276366238	276327256	3.0
276366251	276327256	3.0
276370713	276327256	4.0
308969044	276327256	3.0
608121197	276327256	4.0
276336696	276336696	0
276337726	276336696	0.0
276337729	276336696	2.0
276370444	276336696	3.0
276366182	276336696	4.0
276366187	276336696	4.0
276366238	276336696	4.0
276366251	276336696	4.0
276370713	276336696	4.0
308969044	276336696	3.0
608121197	276336696	4.0
276337726	276337726	0
276337729	276337726	2.0
276370444	276337726	3.0
276366182	276337726	4.0
276366187	276337726	4.0
276366238	276337726	4.0
276366251	276337726	4.0
276370713	276337726	4.0
308969044	276337726	3.0
608121197	276337726	4.0
276337729	276337729	0
276370444	276337729	4.0
276366182	276337729	4.0
276366187	276337729	4.0
276366238	276337729	4.0
276366251	276337729	4.0
276370713	276337729	4.0
308969044	276337729	4.0
608121197	276337729	4.0
276370444	276370444	0
276366182	276370444	2.0
276366187	276370444	2.0
276366238	276370444	2.0
276366251	276370444	2.0
276370713	276370444	2.0
308969044	276370444	1.0
608121197	276370444	3.0
276366182	276366182	0
276366187	276366182	1.0
276366238	276366182	0.0
276366251	276366182	0.0
276370713	276366182	2.0
308969044	276366182	1.0
608121197	276366182	2.0
276366187	276366187	0
276366238	276366187	1.0
276366251	276366187	1.0
276370713	276366187	2.0
308969044	276366187	1.0
608121197	276366187	2.0
276366238	276366238	0
276366251	276366238	0.0
276370713	276366238	2.0
308969044	276366238	1.0
608121197	276366238	2.0
276366251	276366251	0
276370713	276366251	2.0
308969044	276366251	1.0
608121197	276366251	2.0
276370713	276370713	0
308969044	276370713	2.0
608121197	276370713	1.0
308969044	308969044	0
608121197	308969044	2.0
608121197	608121197	0
