250575062	[43,-25.0,-18.0]	40.73182933333333	-73.85710562222224	0.053173666237397735	0.31449157786411897	0.20880175707796753	0.004853402083579678	0.8688172043010752	0.3629844086164307
250574803	[47,-21.0,-26.0]	40.73302502857143	-73.85789657936508	0.053173666237397735	0.31449157786411897	0.20880175707796753	0.004853402083579678	0.8688172043010752	0.3629844086164307
250576247	[48,-16.0,-32.0]	40.733692440625	-73.85873696249998	0.053173666237397735	0.31449157786411897	0.20880175707796753	0.004853402083579678	0.8688172043010752	0.3629844086164307
250576248	[44,-11.0,-33.0]	40.733471075	-73.859622296875	0.053173666237397735	0.31449157786411897	0.20880175707796753	0.004853402083579678	0.8688172043010752	0.3629844086164307
250576262	[48,-8.0,-40.0]	40.734636228571425	-73.86022004571427	0.053173666237397735	0.31449157786411897	0.20880175707796753	0.004853402083579678	0.8688172043010752	0.3629844086164307
250576263	[52,-13.0,-39.0]	40.734903270588234	-73.85937709411765	0.053173666237397735	0.31449157786411897	0.20880175707796753	0.004853402083579678	0.8688172043010752	0.3629844086164307
250576264	[51,-16.0,-35.0]	40.73436573235294	-73.85886454411765	0.053173666237397735	0.31449157786411897	0.20880175707796753	0.004853402083579678	0.8688172043010752	0.3629844086164307
247900052	[19,26.0,-45.0]	40.73214819285715	-73.8661535142857	0.053173666237397735	0.31449157786411897	0.20880175707796753	0.004853402083579678	0.8688172043010752	0.3629844086164307
247907622	[-59,-14.0,73.0]	40.71199928947368	-73.85904678421052	0.053173666237397735	0.31449157786411897	0.20880175707796753	0.004853402083579678	0.8688172043010752	0.3629844086164307
470068882	[27,17.0,-44.0]	40.732793455	-73.86468608999999	0.053173666237397735	0.31449157786411897	0.20880175707796753	0.004853402083579678	0.8688172043010752	0.3629844086164307
415427783	[-17,-21.0,38.0]	40.71989605454546	-73.85786495454545	0.053173666237397735	0.31449157786411897	0.20880175707796753	0.004853402083579678	0.8688172043010752	0.3629844086164307
415428292	[-16,-23.0,39.0]	40.719985279999996	-73.85754442	0.053173666237397735	0.31449157786411897	0.20880175707796753	0.004853402083579678	0.8688172043010752	0.3629844086164307
415430837	[-17,-21.0,38.0]	40.71993456	-73.8580072	0.053173666237397735	0.31449157786411897	0.20880175707796753	0.004853402083579678	0.8688172043010752	0.3629844086164307
415430838	[-14,-21.0,35.0]	40.720479600000004	-73.8579826	0.053173666237397735	0.31449157786411897	0.20880175707796753	0.004853402083579678	0.8688172043010752	0.3629844086164307
415430839	[-13,-22.0,35.0]	40.72063384	-73.85780234	0.053173666237397735	0.31449157786411897	0.20880175707796753	0.004853402083579678	0.8688172043010752	0.3629844086164307
415431774	[-11,-20.0,31.0]	40.721169759999995	-73.85810082	0.053173666237397735	0.31449157786411897	0.20880175707796753	0.004853402083579678	0.8688172043010752	0.3629844086164307
415432912	[-9,-18.0,27.0]	40.721781320000005	-73.85839908	0.053173666237397735	0.31449157786411897	0.20880175707796753	0.004853402083579678	0.8688172043010752	0.3629844086164307
415432914	[-8,-18.0,26.0]	40.72199423333333	-73.85842076666667	0.053173666237397735	0.31449157786411897	0.20880175707796753	0.004853402083579678	0.8688172043010752	0.3629844086164307
451481491	[10,3.0,-13.0]	40.72793142	-73.86217576	0.053173666237397735	0.31449157786411897	0.20880175707796753	0.004853402083579678	0.8688172043010752	0.3629844086164307
250544296	[-34,22.0,12.0]	40.72086473076923	-73.86549226923078	0.053173666237397735	0.31449157786411897	0.20880175707796753	0.004853402083579678	0.8688172043010752	0.3629844086164307
280260498	[-17,59.0,-42.0]	40.72810715384615	-73.87206797692306	0.053173666237397735	0.31449157786411897	0.20880175707796753	0.004853402083579678	0.8688172043010752	0.3629844086164307
250545668	[-3,-20.0,23.0]	40.72283622222223	-73.85809096666668	0.053173666237397735	0.31449157786411897	0.20880175707796753	0.004853402083579678	0.8688172043010752	0.3629844086164307
250545669	[-23,-2.0,25.0]	40.720629923809526	-73.86132620952381	0.053173666237397735	0.31449157786411897	0.20880175707796753	0.004853402083579678	0.8688172043010752	0.3629844086164307
250546721	[9,7.0,-16.0]	40.728076230303046	-73.86290774242426	0.053173666237397735	0.31449157786411897	0.20880175707796753	0.004853402083579678	0.8688172043010752	0.3629844086164307
250576251	[43,-4.0,-39.0]	40.73398804516128	-73.86093184838708	0.053173666237397735	0.31449157786411897	0.20880175707796753	0.004853402083579678	0.8688172043010752	0.3629844086164307
562599443	[-30,32.0,-2.0]	40.722652311111105	-73.86725963333332	0.053173666237397735	0.31449157786411897	0.20880175707796753	0.004853402083579678	0.8688172043010752	0.3629844086164307
415445394	[0,13.0,-13.0]	40.726943549999994	-73.86395965	0.053173666237397735	0.31449157786411897	0.20880175707796753	0.004853402083579678	0.8688172043010752	0.3629844086164307
470069693	[13,25.0,-38.0]	40.73068168	-73.8660657	0.053173666237397735	0.31449157786411897	0.20880175707796753	0.004853402083579678	0.8688172043010752	0.3629844086164307
284698715	[27,20.0,-47.0]	40.733052360000016	-73.86514464222222	0.053173666237397735	0.31449157786411897	0.20880175707796753	0.004853402083579678	0.8688172043010752	0.3629844086164307
451481490	[9,-33.0,24.0]	40.72395101428572	-73.85575315714286	0.053173666237397735	0.31449157786411897	0.20880175707796753	0.004853402083579678	0.8688172043010752	0.3629844086164307
240971220	[28,0.0,-28.0]	40.7312504625	-73.8616643375	0.053173666237397735	0.31449157786411897	0.20880175707796753	0.004853402083579678	0.8688172043010752	0.3629844086164307
240971218	[33,5.0,-38.0]	40.73285309999999	-73.86247854444446	0.053173666237397735	0.31449157786411897	0.20880175707796753	0.004853402083579678	0.8688172043010752	0.3629844086164307
298767142	[60,-23.0,-37.0]	40.7355138	-73.85759861666666	0.053173666237397735	0.31449157786411897	0.20880175707796753	0.004853402083579678	0.8688172043010752	0.3629844086164307
298787293	[41,-7.0,-34.0]	40.73321793636364	-73.86049294545455	0.053173666237397735	0.31449157786411897	0.20880175707796753	0.004853402083579678	0.8688172043010752	0.3629844086164307
415747115	[49,-13.0,-36.0]	40.734237396875	-73.85940438124997	0.053173666237397735	0.31449157786411897	0.20880175707796753	0.004853402083579678	0.8688172043010752	0.3629844086164307
247900049	[20,27.0,-47.0]	40.732423575000006	-73.866322025	0.053173666237397735	0.31449157786411897	0.20880175707796753	0.004853402083579678	0.8688172043010752	0.3629844086164307
247900050	[20,26.0,-46.0]	40.73224762857143	-73.86629694999999	0.053173666237397735	0.31449157786411897	0.20880175707796753	0.004853402083579678	0.8688172043010752	0.3629844086164307
247900055	[22,10.0,-32.0]	40.73110139999999	-73.86339478333333	0.053173666237397735	0.31449157786411897	0.20880175707796753	0.004853402083579678	0.8688172043010752	0.3629844086164307
247900057	[19,22.0,-41.0]	40.73172803333333	-73.86554915555556	0.053173666237397735	0.31449157786411897	0.20880175707796753	0.004853402083579678	0.8688172043010752	0.3629844086164307
247901130	[14,33.0,-47.0]	40.731792985714286	-73.86743725714284	0.053173666237397735	0.31449157786411897	0.20880175707796753	0.004853402083579678	0.8688172043010752	0.3629844086164307
247901132	[14,31.0,-45.0]	40.7316235	-73.86715505	0.053173666237397735	0.31449157786411897	0.20880175707796753	0.004853402083579678	0.8688172043010752	0.3629844086164307
247901133	[13,38.0,-51.0]	40.732153081250004	-73.8683335875	0.053173666237397735	0.31449157786411897	0.20880175707796753	0.004853402083579678	0.8688172043010752	0.3629844086164307
247901496	[11,40.0,-51.0]	40.73190331666667	-73.86862131666666	0.053173666237397735	0.31449157786411897	0.20880175707796753	0.004853402083579678	0.8688172043010752	0.3629844086164307
250546719	[5,10.0,-15.0]	40.72762731818182	-73.86351621818181	0.053173666237397735	0.31449157786411897	0.20880175707796753	0.004853402083579678	0.8688172043010752	0.3629844086164307
250547171	[20,-29.0,9.0]	40.72669990000001	-73.85645936666667	0.053173666237397735	0.31449157786411897	0.20880175707796753	0.004853402083579678	0.8688172043010752	0.3629844086164307
250545709	[-22,-6.0,28.0]	40.720337740000005	-73.860529	0.053173666237397735	0.31449157786411897	0.20880175707796753	0.004853402083579678	0.8688172043010752	0.3629844086164307
250575062	250575062	0
250574803	250575062	1.0
250576247	250575062	2.0
250576248	250575062	2.0
250576262	250575062	3.0
250576263	250575062	3.0
250576264	250575062	2.0
247900052	250575062	3.0
247907622	250575062	4.0
470068882	250575062	3.0
415427783	250575062	4.0
415428292	250575062	4.0
415430837	250575062	4.0
415430838	250575062	4.0
415430839	250575062	4.0
415431774	250575062	4.0
415432912	250575062	4.0
415432914	250575062	4.0
451481491	250575062	3.0
250544296	250575062	4.0
280260498	250575062	4.0
250545668	250575062	4.0
250545669	250575062	4.0
250546721	250575062	3.0
250576251	250575062	2.0
562599443	250575062	3.0
415445394	250575062	3.0
470069693	250575062	3.0
284698715	250575062	3.0
451481490	250575062	3.0
240971220	250575062	2.0
240971218	250575062	2.0
298767142	250575062	2.0
298787293	250575062	2.0
415747115	250575062	2.0
247900049	250575062	3.0
247900050	250575062	3.0
247900055	250575062	2.0
247900057	250575062	3.0
247901130	250575062	3.0
247901132	250575062	3.0
247901133	250575062	3.0
247901496	250575062	3.0
250546719	250575062	3.0
250547171	250575062	3.0
250545709	250575062	4.0
250574803	250574803	0
250576247	250574803	2.0
250576248	250574803	2.0
250576262	250574803	2.0
250576263	250574803	2.0
250576264	250574803	2.0
247900052	250574803	3.0
247907622	250574803	4.0
470068882	250574803	3.0
415427783	250574803	4.0
415428292	250574803	4.0
415430837	250574803	4.0
415430838	250574803	4.0
415430839	250574803	4.0
415431774	250574803	4.0
415432912	250574803	4.0
415432914	250574803	4.0
451481491	250574803	3.0
250544296	250574803	4.0
280260498	250574803	4.0
250545668	250574803	4.0
250545669	250574803	4.0
250546721	250574803	3.0
250576251	250574803	2.0
562599443	250574803	3.0
415445394	250574803	3.0
470069693	250574803	3.0
284698715	250574803	3.0
451481490	250574803	3.0
240971220	250574803	2.0
240971218	250574803	2.0
298767142	250574803	1.0
298787293	250574803	1.0
415747115	250574803	2.0
247900049	250574803	3.0
247900050	250574803	3.0
247900055	250574803	3.0
247900057	250574803	3.0
247901130	250574803	3.0
247901132	250574803	3.0
247901133	250574803	3.0
247901496	250574803	3.0
250546719	250574803	3.0
250547171	250574803	3.0
250545709	250574803	4.0
250576247	250576247	0
250576248	250576247	0.0
250576262	250576247	1.0
250576263	250576247	0.0
250576264	250576247	0.0
247900052	250576247	3.0
247907622	250576247	5.0
470068882	250576247	2.0
415427783	250576247	4.0
415428292	250576247	4.0
415430837	250576247	4.0
415430838	250576247	4.0
415430839	250576247	5.0
415431774	250576247	5.0
415432912	250576247	4.0
415432914	250576247	4.0
451481491	250576247	3.0
250544296	250576247	4.0
280260498	250576247	4.0
250545668	250576247	5.0
250545669	250576247	4.0
250546721	250576247	3.0
250576251	250576247	1.0
562599443	250576247	4.0
415445394	250576247	3.0
470069693	250576247	3.0
284698715	250576247	2.0
451481490	250576247	4.0
240971220	250576247	2.0
240971218	250576247	2.0
298767142	250576247	2.0
298787293	250576247	0.0
415747115	250576247	0.0
247900049	250576247	3.0
247900050	250576247	3.0
247900055	250576247	3.0
247900057	250576247	3.0
247901130	250576247	3.0
247901132	250576247	3.0
247901133	250576247	3.0
247901496	250576247	3.0
250546719	250576247	3.0
250547171	250576247	4.0
250545709	250576247	4.0
250576248	250576248	0
250576262	250576248	1.0
250576263	250576248	1.0
250576264	250576248	0.0
247900052	250576248	3.0
247907622	250576248	5.0
470068882	250576248	2.0
415427783	250576248	4.0
415428292	250576248	4.0
415430837	250576248	4.0
415430838	250576248	4.0
415430839	250576248	5.0
415431774	250576248	5.0
415432912	250576248	4.0
415432914	250576248	4.0
451481491	250576248	3.0
250544296	250576248	4.0
280260498	250576248	4.0
250545668	250576248	5.0
250545669	250576248	4.0
250546721	250576248	3.0
250576251	250576248	1.0
562599443	250576248	4.0
415445394	250576248	3.0
470069693	250576248	3.0
284698715	250576248	2.0
451481490	250576248	4.0
240971220	250576248	2.0
240971218	250576248	2.0
298767142	250576248	2.0
298787293	250576248	0.0
415747115	250576248	0.0
247900049	250576248	3.0
247900050	250576248	3.0
247900055	250576248	3.0
247900057	250576248	3.0
247901130	250576248	3.0
247901132	250576248	3.0
247901133	250576248	3.0
247901496	250576248	3.0
250546719	250576248	3.0
250547171	250576248	4.0
250545709	250576248	4.0
250576262	250576262	0
250576263	250576262	0.0
250576264	250576262	0.0
247900052	250576262	3.0
247907622	250576262	5.0
470068882	250576262	2.0
415427783	250576262	4.0
415428292	250576262	4.0
415430837	250576262	4.0
415430838	250576262	4.0
415430839	250576262	4.0
415431774	250576262	5.0
415432912	250576262	4.0
415432914	250576262	4.0
451481491	250576262	3.0
250544296	250576262	4.0
280260498	250576262	4.0
250545668	250576262	5.0
250545669	250576262	4.0
250546721	250576262	3.0
250576251	250576262	2.0
562599443	250576262	4.0
415445394	250576262	3.0
470069693	250576262	3.0
284698715	250576262	3.0
451481490	250576262	4.0
240971220	250576262	2.0
240971218	250576262	2.0
298767142	250576262	2.0
298787293	250576262	0.0
415747115	250576262	0.0
247900049	250576262	3.0
247900050	250576262	3.0
247900055	250576262	3.0
247900057	250576262	2.0
247901130	250576262	4.0
247901132	250576262	3.0
247901133	250576262	3.0
247901496	250576262	3.0
250546719	250576262	3.0
250547171	250576262	4.0
250545709	250576262	4.0
250576263	250576263	0
250576264	250576263	0.0
247900052	250576263	3.0
247907622	250576263	5.0
470068882	250576263	2.0
415427783	250576263	4.0
415428292	250576263	4.0
415430837	250576263	4.0
415430838	250576263	4.0
415430839	250576263	5.0
415431774	250576263	5.0
415432912	250576263	4.0
415432914	250576263	4.0
451481491	250576263	3.0
250544296	250576263	4.0
280260498	250576263	4.0
250545668	250576263	5.0
250545669	250576263	4.0
250546721	250576263	3.0
250576251	250576263	2.0
562599443	250576263	4.0
415445394	250576263	3.0
470069693	250576263	3.0
284698715	250576263	3.0
451481490	250576263	4.0
240971220	250576263	2.0
240971218	250576263	2.0
298767142	250576263	2.0
298787293	250576263	1.0
415747115	250576263	0.0
247900049	250576263	3.0
247900050	250576263	3.0
247900055	250576263	3.0
247900057	250576263	3.0
247901130	250576263	3.0
247901132	250576263	3.0
247901133	250576263	3.0
247901496	250576263	3.0
250546719	250576263	3.0
250547171	250576263	4.0
250545709	250576263	4.0
250576264	250576264	0
247900052	250576264	3.0
247907622	250576264	5.0
470068882	250576264	2.0
415427783	250576264	4.0
415428292	250576264	4.0
415430837	250576264	4.0
415430838	250576264	4.0
415430839	250576264	5.0
415431774	250576264	5.0
415432912	250576264	4.0
415432914	250576264	4.0
451481491	250576264	3.0
250544296	250576264	4.0
280260498	250576264	4.0
250545668	250576264	5.0
250545669	250576264	4.0
250546721	250576264	3.0
250576251	250576264	2.0
562599443	250576264	4.0
415445394	250576264	3.0
470069693	250576264	3.0
284698715	250576264	2.0
451481490	250576264	4.0
240971220	250576264	2.0
240971218	250576264	2.0
298767142	250576264	2.0
298787293	250576264	1.0
415747115	250576264	0.0
247900049	250576264	3.0
247900050	250576264	3.0
247900055	250576264	3.0
247900057	250576264	3.0
247901130	250576264	3.0
247901132	250576264	3.0
247901133	250576264	3.0
247901496	250576264	3.0
250546719	250576264	3.0
250547171	250576264	4.0
250545709	250576264	4.0
247900052	247900052	0
247907622	247900052	4.0
470068882	247900052	2.0
415427783	247900052	4.0
415428292	247900052	4.0
415430837	247900052	4.0
415430838	247900052	4.0
415430839	247900052	4.0
415431774	247900052	4.0
415432912	247900052	4.0
415432914	247900052	4.0
451481491	247900052	3.0
250544296	247900052	4.0
280260498	247900052	3.0
250545668	247900052	5.0
250545669	247900052	4.0
250546721	247900052	3.0
250576251	247900052	3.0
562599443	247900052	3.0
415445394	247900052	3.0
470069693	247900052	2.0
284698715	247900052	2.0
451481490	247900052	4.0
240971220	247900052	2.0
240971218	247900052	2.0
298767142	247900052	3.0
298787293	247900052	2.0
415747115	247900052	3.0
247900049	247900052	0.0
247900050	247900052	0.0
247900055	247900052	2.0
247900057	247900052	0.0
247901130	247900052	2.0
247901132	247900052	2.0
247901133	247900052	1.0
247901496	247900052	1.0
250546719	247900052	3.0
250547171	247900052	3.0
250545709	247900052	4.0
247907622	247907622	0
470068882	247907622	4.0
415427783	247907622	3.0
415428292	247907622	3.0
415430837	247907622	3.0
415430838	247907622	3.0
415430839	247907622	3.0
415431774	247907622	3.0
415432912	247907622	3.0
415432914	247907622	3.0
451481491	247907622	4.0
250544296	247907622	3.0
280260498	247907622	4.0
250545668	247907622	3.0
250545669	247907622	3.0
250546721	247907622	4.0
250576251	247907622	5.0
562599443	247907622	3.0
415445394	247907622	4.0
470069693	247907622	4.0
284698715	247907622	4.0
451481490	247907622	4.0
240971220	247907622	4.0
240971218	247907622	4.0
298767142	247907622	5.0
298787293	247907622	5.0
415747115	247907622	5.0
247900049	247907622	4.0
247900050	247907622	4.0
247900055	247907622	4.0
247900057	247907622	4.0
247901130	247907622	4.0
247901132	247907622	4.0
247901133	247907622	4.0
247901496	247907622	4.0
250546719	247907622	4.0
250547171	247907622	4.0
250545709	247907622	3.0
470068882	470068882	0
415427783	470068882	4.0
415428292	470068882	4.0
415430837	470068882	4.0
415430838	470068882	4.0
415430839	470068882	4.0
415431774	470068882	4.0
415432912	470068882	4.0
415432914	470068882	4.0
451481491	470068882	3.0
250544296	470068882	4.0
280260498	470068882	3.0
250545668	470068882	4.0
250545669	470068882	4.0
250546721	470068882	3.0
250576251	470068882	3.0
562599443	470068882	3.0
415445394	470068882	3.0
470069693	470068882	2.0
284698715	470068882	0.0
451481490	470068882	4.0
240971220	470068882	2.0
240971218	470068882	2.0
298767142	470068882	2.0
298787293	470068882	2.0
415747115	470068882	2.0
247900049	470068882	2.0
247900050	470068882	2.0
247900055	470068882	1.0
247900057	470068882	2.0
247901130	470068882	3.0
247901132	470068882	2.0
247901133	470068882	2.0
247901496	470068882	2.0
250546719	470068882	2.0
250547171	470068882	3.0
250545709	470068882	4.0
415427783	415427783	0
415428292	415427783	0.0
415430837	415427783	0.0
415430838	415427783	0.0
415430839	415427783	1.0
415431774	415427783	1.0
415432912	415427783	1.0
415432914	415427783	1.0
451481491	415427783	4.0
250544296	415427783	3.0
280260498	415427783	4.0
250545668	415427783	2.0
250545669	415427783	2.0
250546721	415427783	4.0
250576251	415427783	5.0
562599443	415427783	3.0
415445394	415427783	4.0
470069693	415427783	4.0
284698715	415427783	4.0
451481490	415427783	3.0
240971220	415427783	4.0
240971218	415427783	4.0
298767142	415427783	4.0
298787293	415427783	4.0
415747115	415427783	4.0
247900049	415427783	4.0
247900050	415427783	4.0
247900055	415427783	4.0
247900057	415427783	4.0
247901130	415427783	4.0
247901132	415427783	4.0
247901133	415427783	4.0
247901496	415427783	4.0
250546719	415427783	4.0
250547171	415427783	3.0
250545709	415427783	1.0
415428292	415428292	0
415430837	415428292	0.0
415430838	415428292	1.0
415430839	415428292	0.0
415431774	415428292	1.0
415432912	415428292	2.0
415432914	415428292	2.0
451481491	415428292	4.0
250544296	415428292	3.0
280260498	415428292	4.0
250545668	415428292	2.0
250545669	415428292	2.0
250546721	415428292	4.0
250576251	415428292	5.0
562599443	415428292	3.0
415445394	415428292	4.0
470069693	415428292	4.0
284698715	415428292	4.0
451481490	415428292	3.0
240971220	415428292	4.0
240971218	415428292	4.0
298767142	415428292	4.0
298787293	415428292	4.0
415747115	415428292	4.0
247900049	415428292	4.0
247900050	415428292	4.0
247900055	415428292	4.0
247900057	415428292	4.0
247901130	415428292	4.0
247901132	415428292	4.0
247901133	415428292	4.0
247901496	415428292	4.0
250546719	415428292	4.0
250547171	415428292	3.0
250545709	415428292	1.0
415430837	415430837	0
415430838	415430837	0.0
415430839	415430837	1.0
415431774	415430837	1.0
415432912	415430837	1.0
415432914	415430837	1.0
451481491	415430837	4.0
250544296	415430837	3.0
280260498	415430837	4.0
250545668	415430837	2.0
250545669	415430837	2.0
250546721	415430837	4.0
250576251	415430837	5.0
562599443	415430837	3.0
415445394	415430837	4.0
470069693	415430837	4.0
284698715	415430837	4.0
451481490	415430837	3.0
240971220	415430837	4.0
240971218	415430837	4.0
298767142	415430837	4.0
298787293	415430837	4.0
415747115	415430837	4.0
247900049	415430837	4.0
247900050	415430837	4.0
247900055	415430837	4.0
247900057	415430837	4.0
247901130	415430837	4.0
247901132	415430837	4.0
247901133	415430837	4.0
247901496	415430837	4.0
250546719	415430837	4.0
250547171	415430837	3.0
250545709	415430837	1.0
415430838	415430838	0
415430839	415430838	2.0
415431774	415430838	2.0
415432912	415430838	1.0
415432914	415430838	1.0
451481491	415430838	3.0
250544296	415430838	3.0
280260498	415430838	4.0
250545668	415430838	2.0
250545669	415430838	1.0
250546721	415430838	3.0
250576251	415430838	4.0
562599443	415430838	3.0
415445394	415430838	3.0
470069693	415430838	4.0
284698715	415430838	4.0
451481490	415430838	3.0
240971220	415430838	4.0
240971218	415430838	4.0
298767142	415430838	4.0
298787293	415430838	4.0
415747115	415430838	4.0
247900049	415430838	4.0
247900050	415430838	4.0
247900055	415430838	4.0
247900057	415430838	4.0
247901130	415430838	4.0
247901132	415430838	4.0
247901133	415430838	4.0
247901496	415430838	4.0
250546719	415430838	3.0
250547171	415430838	4.0
250545709	415430838	0.0
415430839	415430839	0
415431774	415430839	0.0
415432912	415430839	2.0
415432914	415430839	2.0
451481491	415430839	4.0
250544296	415430839	3.0
280260498	415430839	4.0
250545668	415430839	1.0
250545669	415430839	2.0
250546721	415430839	4.0
250576251	415430839	5.0
562599443	415430839	3.0
415445394	415430839	4.0
470069693	415430839	4.0
284698715	415430839	4.0
451481490	415430839	3.0
240971220	415430839	4.0
240971218	415430839	4.0
298767142	415430839	5.0
298787293	415430839	4.0
415747115	415430839	5.0
247900049	415430839	4.0
247900050	415430839	4.0
247900055	415430839	4.0
247900057	415430839	4.0
247901130	415430839	4.0
247901132	415430839	4.0
247901133	415430839	4.0
247901496	415430839	4.0
250546719	415430839	4.0
250547171	415430839	3.0
250545709	415430839	2.0
415431774	415431774	0
415432912	415431774	2.0
415432914	415431774	2.0
451481491	415431774	4.0
250544296	415431774	3.0
280260498	415431774	4.0
250545668	415431774	0.0
250545669	415431774	2.0
250546721	415431774	4.0
250576251	415431774	5.0
562599443	415431774	3.0
415445394	415431774	4.0
470069693	415431774	4.0
284698715	415431774	4.0
451481490	415431774	3.0
240971220	415431774	4.0
240971218	415431774	4.0
298767142	415431774	5.0
298787293	415431774	4.0
415747115	415431774	5.0
247900049	415431774	4.0
247900050	415431774	4.0
247900055	415431774	4.0
247900057	415431774	4.0
247901130	415431774	4.0
247901132	415431774	4.0
247901133	415431774	4.0
247901496	415431774	4.0
250546719	415431774	4.0
250547171	415431774	3.0
250545709	415431774	2.0
415432912	415432912	0
415432914	415432912	0.0
451481491	415432912	3.0
250544296	415432912	3.0
280260498	415432912	4.0
250545668	415432912	3.0
250545669	415432912	1.0
250546721	415432912	3.0
250576251	415432912	4.0
562599443	415432912	3.0
415445394	415432912	3.0
470069693	415432912	3.0
284698715	415432912	4.0
451481490	415432912	3.0
240971220	415432912	3.0
240971218	415432912	4.0
298767142	415432912	4.0
298787293	415432912	4.0
415747115	415432912	4.0
247900049	415432912	4.0
247900050	415432912	4.0
247900055	415432912	3.0
247900057	415432912	4.0
247901130	415432912	4.0
247901132	415432912	4.0
247901133	415432912	4.0
247901496	415432912	4.0
250546719	415432912	3.0
250547171	415432912	4.0
250545709	415432912	1.0
415432914	415432914	0
451481491	415432914	3.0
250544296	415432914	3.0
280260498	415432914	4.0
250545668	415432914	3.0
250545669	415432914	1.0
250546721	415432914	3.0
250576251	415432914	4.0
562599443	415432914	3.0
415445394	415432914	3.0
470069693	415432914	3.0
284698715	415432914	4.0
451481490	415432914	3.0
240971220	415432914	3.0
240971218	415432914	4.0
298767142	415432914	4.0
298787293	415432914	4.0
415747115	415432914	4.0
247900049	415432914	4.0
247900050	415432914	4.0
247900055	415432914	3.0
247900057	415432914	4.0
247901130	415432914	4.0
247901132	415432914	4.0
247901133	415432914	4.0
247901496	415432914	4.0
250546719	415432914	3.0
250547171	415432914	4.0
250545709	415432914	1.0
451481491	451481491	0
250544296	451481491	3.0
280260498	451481491	3.0
250545668	451481491	4.0
250545669	451481491	3.0
250546721	451481491	1.0
250576251	451481491	3.0
562599443	451481491	3.0
415445394	451481491	1.0
470069693	451481491	2.0
284698715	451481491	3.0
451481490	451481491	3.0
240971220	451481491	2.0
240971218	451481491	3.0
298767142	451481491	3.0
298787293	451481491	3.0
415747115	451481491	3.0
247900049	451481491	3.0
247900050	451481491	3.0
247900055	451481491	2.0
247900057	451481491	3.0
247901130	451481491	2.0
247901132	451481491	2.0
247901133	451481491	3.0
247901496	451481491	3.0
250546719	451481491	1.0
250547171	451481491	2.0
250545709	451481491	3.0
250544296	250544296	0
280260498	250544296	3.0
250545668	250544296	3.0
250545669	250544296	2.0
250546721	250544296	3.0
250576251	250544296	4.0
562599443	250544296	1.0
415445394	250544296	3.0
470069693	250544296	3.0
284698715	250544296	4.0
451481490	250544296	4.0
240971220	250544296	3.0
240971218	250544296	4.0
298767142	250544296	4.0
298787293	250544296	4.0
415747115	250544296	4.0
247900049	250544296	4.0
247900050	250544296	4.0
247900055	250544296	3.0
247900057	250544296	3.0
247901130	250544296	4.0
247901132	250544296	4.0
247901133	250544296	3.0
247901496	250544296	3.0
250546719	250544296	3.0
250547171	250544296	4.0
250545709	250544296	2.0
280260498	280260498	0
250545668	280260498	4.0
250545669	280260498	3.0
250546721	280260498	3.0
250576251	280260498	4.0
562599443	280260498	3.0
415445394	280260498	2.0
470069693	280260498	3.0
284698715	280260498	3.0
451481490	280260498	4.0
240971220	280260498	4.0
240971218	280260498	4.0
298767142	280260498	4.0
298787293	280260498	4.0
415747115	280260498	4.0
247900049	280260498	3.0
247900050	280260498	3.0
247900055	280260498	3.0
247900057	280260498	3.0
247901130	280260498	3.0
247901132	280260498	3.0
247901133	280260498	3.0
247901496	280260498	3.0
250546719	280260498	3.0
250547171	280260498	4.0
250545709	280260498	4.0
250545668	250545668	0
250545669	250545668	3.0
250546721	250545668	4.0
250576251	250545668	4.0
562599443	250545668	4.0
415445394	250545668	4.0
470069693	250545668	4.0
284698715	250545668	4.0
451481490	250545668	3.0
240971220	250545668	4.0
240971218	250545668	4.0
298767142	250545668	5.0
298787293	250545668	4.0
415747115	250545668	5.0
247900049	250545668	5.0
247900050	250545668	5.0
247900055	250545668	4.0
247900057	250545668	5.0
247901130	250545668	4.0
247901132	250545668	4.0
247901133	250545668	4.0
247901496	250545668	4.0
250546719	250545668	4.0
250547171	250545668	3.0
250545709	250545668	2.0
250545669	250545669	0
250546721	250545669	3.0
250576251	250545669	4.0
562599443	250545669	3.0
415445394	250545669	3.0
470069693	250545669	3.0
284698715	250545669	4.0
451481490	250545669	3.0
240971220	250545669	3.0
240971218	250545669	4.0
298767142	250545669	4.0
298787293	250545669	4.0
415747115	250545669	4.0
247900049	250545669	4.0
247900050	250545669	4.0
247900055	250545669	3.0
247900057	250545669	4.0
247901130	250545669	4.0
247901132	250545669	4.0
247901133	250545669	4.0
247901496	250545669	4.0
250546719	250545669	3.0
250547171	250545669	4.0
250545709	250545669	1.0
250546721	250546721	0
250576251	250546721	3.0
562599443	250546721	3.0
415445394	250546721	1.0
470069693	250546721	2.0
284698715	250546721	3.0
451481490	250546721	3.0
240971220	250546721	2.0
240971218	250546721	2.0
298767142	250546721	3.0
298787293	250546721	3.0
415747115	250546721	3.0
247900049	250546721	3.0
247900050	250546721	3.0
247900055	250546721	2.0
247900057	250546721	2.0
247901130	250546721	3.0
247901132	250546721	3.0
247901133	250546721	3.0
247901496	250546721	3.0
250546719	250546721	0.0
250547171	250546721	2.0
250545709	250546721	3.0
250576251	250576251	0
562599443	250576251	4.0
415445394	250576251	3.0
470069693	250576251	3.0
284698715	250576251	3.0
451481490	250576251	4.0
240971220	250576251	2.0
240971218	250576251	2.0
298767142	250576251	2.0
298787293	250576251	1.0
415747115	250576251	2.0
247900049	250576251	3.0
247900050	250576251	3.0
247900055	250576251	3.0
247900057	250576251	3.0
247901130	250576251	4.0
247901132	250576251	3.0
247901133	250576251	3.0
247901496	250576251	3.0
250546719	250576251	3.0
250547171	250576251	4.0
250545709	250576251	4.0
562599443	562599443	0
415445394	562599443	2.0
470069693	562599443	3.0
284698715	562599443	3.0
451481490	562599443	4.0
240971220	562599443	3.0
240971218	562599443	3.0
298767142	562599443	4.0
298787293	562599443	4.0
415747115	562599443	4.0
247900049	562599443	3.0
247900050	562599443	3.0
247900055	562599443	3.0
247900057	562599443	3.0
247901130	562599443	4.0
247901132	562599443	4.0
247901133	562599443	3.0
247901496	562599443	3.0
250546719	562599443	2.0
250547171	562599443	3.0
250545709	562599443	3.0
415445394	415445394	0
470069693	415445394	2.0
284698715	415445394	3.0
451481490	415445394	3.0
240971220	415445394	2.0
240971218	415445394	3.0
298767142	415445394	3.0
298787293	415445394	3.0
415747115	415445394	3.0
247900049	415445394	3.0
247900050	415445394	3.0
247900055	415445394	2.0
247900057	415445394	2.0
247901130	415445394	3.0
247901132	415445394	3.0
247901133	415445394	3.0
247901496	415445394	3.0
250546719	415445394	0.0
250547171	415445394	3.0
250545709	415445394	3.0
470069693	470069693	0
284698715	470069693	2.0
451481490	470069693	3.0
240971220	470069693	2.0
240971218	470069693	2.0
298767142	470069693	3.0
298787293	470069693	2.0
415747115	470069693	3.0
247900049	470069693	2.0
247900050	470069693	2.0
247900055	470069693	2.0
247900057	470069693	3.0
247901130	470069693	2.0
247901132	470069693	2.0
247901133	470069693	1.0
247901496	470069693	1.0
250546719	470069693	2.0
250547171	470069693	3.0
250545709	470069693	4.0
284698715	284698715	0
451481490	284698715	4.0
240971220	284698715	2.0
240971218	284698715	2.0
298767142	284698715	2.0
298787293	284698715	2.0
415747115	284698715	2.0
247900049	284698715	2.0
247900050	284698715	2.0
247900055	284698715	1.0
247900057	284698715	2.0
247901130	284698715	2.0
247901132	284698715	2.0
247901133	284698715	1.0
247901496	284698715	2.0
250546719	284698715	3.0
250547171	284698715	3.0
250545709	284698715	4.0
451481490	451481490	0
240971220	451481490	3.0
240971218	451481490	4.0
298767142	451481490	3.0
298787293	451481490	3.0
415747115	451481490	4.0
247900049	451481490	4.0
247900050	451481490	4.0
247900055	451481490	3.0
247900057	451481490	3.0
247901130	451481490	4.0
247901132	451481490	4.0
247901133	451481490	4.0
247901496	451481490	4.0
250546719	451481490	3.0
250547171	451481490	2.0
250545709	451481490	3.0
240971220	240971220	0
240971218	240971220	0.0
298767142	240971220	2.0
298787293	240971220	1.0
415747115	240971220	2.0
247900049	240971220	2.0
247900050	240971220	2.0
247900055	240971220	1.0
247900057	240971220	2.0
247901130	240971220	2.0
247901132	240971220	2.0
247901133	240971220	3.0
247901496	240971220	3.0
250546719	240971220	2.0
250547171	240971220	3.0
250545709	240971220	4.0
240971218	240971218	0
298767142	240971218	2.0
298787293	240971218	1.0
415747115	240971218	2.0
247900049	240971218	2.0
247900050	240971218	2.0
247900055	240971218	1.0
247900057	240971218	2.0
247901130	240971218	3.0
247901132	240971218	3.0
247901133	240971218	2.0
247901496	240971218	2.0
250546719	240971218	2.0
250547171	240971218	3.0
250545709	240971218	4.0
298767142	298767142	0
298787293	298767142	2.0
415747115	298767142	2.0
247900049	298767142	3.0
247900050	298767142	3.0
247900055	298767142	3.0
247900057	298767142	3.0
247901130	298767142	3.0
247901132	298767142	3.0
247901133	298767142	3.0
247901496	298767142	3.0
250546719	298767142	3.0
250547171	298767142	4.0
250545709	298767142	4.0
298787293	298787293	0
415747115	298787293	1.0
247900049	298787293	2.0
247900050	298787293	2.0
247900055	298787293	2.0
247900057	298787293	2.0
247901130	298787293	3.0
247901132	298787293	3.0
247901133	298787293	3.0
247901496	298787293	3.0
250546719	298787293	3.0
250547171	298787293	3.0
250545709	298787293	4.0
415747115	415747115	0
247900049	415747115	3.0
247900050	415747115	3.0
247900055	415747115	3.0
247900057	415747115	3.0
247901130	415747115	3.0
247901132	415747115	3.0
247901133	415747115	3.0
247901496	415747115	3.0
250546719	415747115	3.0
250547171	415747115	4.0
250545709	415747115	4.0
247900049	247900049	0
247900050	247900049	0.0
247900055	247900049	2.0
247900057	247900049	0.0
247901130	247900049	2.0
247901132	247900049	2.0
247901133	247900049	1.0
247901496	247900049	1.0
250546719	247900049	2.0
250547171	247900049	3.0
250545709	247900049	4.0
247900050	247900050	0
247900055	247900050	2.0
247900057	247900050	0.0
247901130	247900050	2.0
247901132	247900050	2.0
247901133	247900050	1.0
247901496	247900050	1.0
250546719	247900050	3.0
250547171	247900050	3.0
250545709	247900050	4.0
247900055	247900055	0
247900057	247900055	1.0
247901130	247900055	2.0
247901132	247900055	2.0
247901133	247900055	2.0
247901496	247900055	2.0
250546719	247900055	2.0
250547171	247900055	3.0
250545709	247900055	4.0
247900057	247900057	0
247901130	247900057	3.0
247901132	247900057	3.0
247901133	247900057	3.0
247901496	247900057	3.0
250546719	247900057	2.0
250547171	247900057	3.0
250545709	247900057	4.0
247901130	247901130	0
247901132	247901130	0.0
247901133	247901130	0.0
247901496	247901130	0.0
250546719	247901130	2.0
250547171	247901130	3.0
250545709	247901130	4.0
247901132	247901132	0
247901133	247901132	0.0
247901496	247901132	1.0
250546719	247901132	2.0
250547171	247901132	3.0
250545709	247901132	4.0
247901133	247901133	0
247901496	247901133	0.0
250546719	247901133	3.0
250547171	247901133	3.0
250545709	247901133	4.0
247901496	247901496	0
250546719	247901496	2.0
250547171	247901496	3.0
250545709	247901496	4.0
250546719	250546719	0
250547171	250546719	2.0
250545709	250546719	3.0
250547171	250547171	0
250545709	250547171	4.0
250545709	250545709	0
