284919173	[61,-17.0,-44.0]	40.66494348648649	-73.84023808918919	0.13487499950935863	0.08493563427525155	0.49277640768491365	0.0006604477624532736	0.9268817204301075	0.4530886167848637
284919171	[50,-17.0,-33.0]	40.6627205	-73.84034105454545	0.13487499950935863	0.08493563427525155	0.49277640768491365	0.0006604477624532736	0.9268817204301075	0.4530886167848637
284919174	[44,-18.0,-26.0]	40.66140411111111	-73.84006663333334	0.13487499950935863	0.08493563427525155	0.49277640768491365	0.0006604477624532736	0.9268817204301075	0.4530886167848637
597899046	[34,39.0,-73.0]	40.66510588	-73.85028324	0.13487499950935863	0.08493563427525155	0.49277640768491365	0.0006604477624532736	0.9268817204301075	0.4530886167848637
597899047	[32,40.0,-72.0]	40.664838679999995	-73.85056524000001	0.13487499950935863	0.08493563427525155	0.49277640768491365	0.0006604477624532736	0.9268817204301075	0.4530886167848637
597899048	[25,39.0,-64.0]	40.663263859999994	-73.85031332	0.13487499950935863	0.08493563427525155	0.49277640768491365	0.0006604477624532736	0.9268817204301075	0.4530886167848637
451797029	[53,67.0,-120.0]	40.671938007692304	-73.85517957692308	0.13487499950935863	0.08493563427525155	0.49277640768491365	0.0006604477624532736	0.9268817204301075	0.4530886167848637
451797031	[51,65.0,-116.0]	40.67130577	-73.85490505000001	0.13487499950935863	0.08493563427525155	0.49277640768491365	0.0006604477624532736	0.9268817204301075	0.4530886167848637
201110547	[17,2.0,-19.0]	40.65784646	-73.8437308	0.13487499950935863	0.08493563427525155	0.49277640768491365	0.0006604477624532736	0.9268817204301075	0.4530886167848637
201152524	[-3,-47.0,50.0]	40.64884023333334	-73.83501014166666	0.13487499950935863	0.08493563427525155	0.49277640768491365	0.0006604477624532736	0.9268817204301075	0.4530886167848637
201152522	[8,-61.0,53.0]	40.649523225	-73.83243868333332	0.13487499950935863	0.08493563427525155	0.49277640768491365	0.0006604477624532736	0.9268817204301075	0.4530886167848637
201152526	[9,-64.0,55.0]	40.649546183333335	-73.83195514999998	0.13487499950935863	0.08493563427525155	0.49277640768491365	0.0006604477624532736	0.9268817204301075	0.4530886167848637
201152528	[7,-63.0,56.0]	40.649203766666666	-73.83208168333333	0.13487499950935863	0.08493563427525155	0.49277640768491365	0.0006604477624532736	0.9268817204301075	0.4530886167848637
201152530	[3,-55.0,52.0]	40.649089800000006	-73.83360925714285	0.13487499950935863	0.08493563427525155	0.49277640768491365	0.0006604477624532736	0.9268817204301075	0.4530886167848637
248526626	[21,-84.0,63.0]	40.64989658333334	-73.82838779999999	0.13487499950935863	0.08493563427525155	0.49277640768491365	0.0006604477624532736	0.9268817204301075	0.4530886167848637
285145790	[35,41.0,-76.0]	40.66553593529412	-73.85073081764706	0.13487499950935863	0.08493563427525155	0.49277640768491365	0.0006604477624532736	0.9268817204301075	0.4530886167848637
285149361	[18,36.0,-54.0]	40.661554773333336	-73.84973604000001	0.13487499950935863	0.08493563427525155	0.49277640768491365	0.0006604477624532736	0.9268817204301075	0.4530886167848637
201110516	[17,3.0,-20.0]	40.65792342857143	-73.84392177142855	0.13487499950935863	0.08493563427525155	0.49277640768491365	0.0006604477624532736	0.9268817204301075	0.4530886167848637
201028490	[15,40.0,-55.0]	40.66131335	-73.85046548333334	0.13487499950935863	0.08493563427525155	0.49277640768491365	0.0006604477624532736	0.9268817204301075	0.4530886167848637
201032952	[16,35.0,-51.0]	40.66096891428571	-73.8496006857143	0.13487499950935863	0.08493563427525155	0.49277640768491365	0.0006604477624532736	0.9268817204301075	0.4530886167848637
201276049	[10,52.0,-62.0]	40.66154035454546	-73.85266817272728	0.13487499950935863	0.08493563427525155	0.49277640768491365	0.0006604477624532736	0.9268817204301075	0.4530886167848637
201276050	[16,47.0,-63.0]	40.66222918333334	-73.85163086666664	0.13487499950935863	0.08493563427525155	0.49277640768491365	0.0006604477624532736	0.9268817204301075	0.4530886167848637
201276051	[13,51.0,-64.0]	40.662031457692315	-73.85248796923075	0.13487499950935863	0.08493563427525155	0.49277640768491365	0.0006604477624532736	0.9268817204301075	0.4530886167848637
514607175	[4,70.0,-74.0]	40.66209628	-73.85578352	0.13487499950935863	0.08493563427525155	0.49277640768491365	0.0006604477624532736	0.9268817204301075	0.4530886167848637
514607176	[13,67.0,-80.0]	40.663683628571434	-73.85535504285714	0.13487499950935863	0.08493563427525155	0.49277640768491365	0.0006604477624532736	0.9268817204301075	0.4530886167848637
351477472	[56,71.0,-127.0]	40.67288390454546	-73.8558991090909	0.13487499950935863	0.08493563427525155	0.49277640768491365	0.0006604477624532736	0.9268817204301075	0.4530886167848637
201109394	[23,-20.0,-3.0]	40.656869678571425	-73.83990532857142	0.13487499950935863	0.08493563427525155	0.49277640768491365	0.0006604477624532736	0.9268817204301075	0.4530886167848637
201109395	[18,-19.0,1.0]	40.655940799999996	-73.83987632	0.13487499950935863	0.08493563427525155	0.49277640768491365	0.0006604477624532736	0.9268817204301075	0.4530886167848637
201146424	[-6,-31.0,37.0]	40.64972043571429	-73.83792951428572	0.13487499950935863	0.08493563427525155	0.49277640768491365	0.0006604477624532736	0.9268817204301075	0.4530886167848637
201146426	[1,-27.0,26.0]	40.65165763500001	-73.83849853999997	0.13487499950935863	0.08493563427525155	0.49277640768491365	0.0006604477624532736	0.9268817204301075	0.4530886167848637
201146428	[3,-27.0,24.0]	40.65204550454546	-73.8386855	0.13487499950935863	0.08493563427525155	0.49277640768491365	0.0006604477624532736	0.9268817204301075	0.4530886167848637
201146430	[-2,-26.0,28.0]	40.6511778	-73.83870153333334	0.13487499950935863	0.08493563427525155	0.49277640768491365	0.0006604477624532736	0.9268817204301075	0.4530886167848637
201146432	[1,-33.0,32.0]	40.650955442857146	-73.83746362857143	0.13487499950935863	0.08493563427525155	0.49277640768491365	0.0006604477624532736	0.9268817204301075	0.4530886167848637
201146434	[-4,-29.0,33.0]	40.650411000000005	-73.8382042875	0.13487499950935863	0.08493563427525155	0.49277640768491365	0.0006604477624532736	0.9268817204301075	0.4530886167848637
201146435	[-2,-35.0,37.0]	40.6502009	-73.8372596222222	0.13487499950935863	0.08493563427525155	0.49277640768491365	0.0006604477624532736	0.9268817204301075	0.4530886167848637
201148560	[18,-27.0,9.0]	40.6550693	-73.838502525	0.13487499950935863	0.08493563427525155	0.49277640768491365	0.0006604477624532736	0.9268817204301075	0.4530886167848637
201148562	[2,-32.0,30.0]	40.65129243333333	-73.83762216666668	0.13487499950935863	0.08493563427525155	0.49277640768491365	0.0006604477624532736	0.9268817204301075	0.4530886167848637
201148563	[19,-27.0,8.0]	40.65535816	-73.83863296	0.13487499950935863	0.08493563427525155	0.49277640768491365	0.0006604477624532736	0.9268817204301075	0.4530886167848637
201148565	[4,-32.0,28.0]	40.6517545375	-73.8376218375	0.13487499950935863	0.08493563427525155	0.49277640768491365	0.0006604477624532736	0.9268817204301075	0.4530886167848637
201148566	[8,-23.0,15.0]	40.65345911666667	-73.83928203333333	0.13487499950935863	0.08493563427525155	0.49277640768491365	0.0006604477624532736	0.9268817204301075	0.4530886167848637
201148567	[17,-28.0,11.0]	40.654739819999996	-73.83843986	0.13487499950935863	0.08493563427525155	0.49277640768491365	0.0006604477624532736	0.9268817204301075	0.4530886167848637
201148568	[3,-32.0,29.0]	40.65155184	-73.83761023	0.13487499950935863	0.08493563427525155	0.49277640768491365	0.0006604477624532736	0.9268817204301075	0.4530886167848637
201148737	[14,-23.0,9.0]	40.654695706249996	-73.83928313125	0.13487499950935863	0.08493563427525155	0.49277640768491365	0.0006604477624532736	0.9268817204301075	0.4530886167848637
201149337	[23,-26.0,3.0]	40.656259675	-73.83869315000001	0.13487499950935863	0.08493563427525155	0.49277640768491365	0.0006604477624532736	0.9268817204301075	0.4530886167848637
201149340	[23,-25.0,2.0]	40.65638738	-73.83882952000002	0.13487499950935863	0.08493563427525155	0.49277640768491365	0.0006604477624532736	0.9268817204301075	0.4530886167848637
201149343	[26,-25.0,-1.0]	40.65702716	-73.83897964	0.13487499950935863	0.08493563427525155	0.49277640768491365	0.0006604477624532736	0.9268817204301075	0.4530886167848637
201018716	[48,-10.0,-38.0]	40.66306627857143	-73.8415208	0.13487499950935863	0.08493563427525155	0.49277640768491365	0.0006604477624532736	0.9268817204301075	0.4530886167848637
201018718	[52,-10.0,-42.0]	40.66385692857143	-73.84163352857142	0.13487499950935863	0.08493563427525155	0.49277640768491365	0.0006604477624532736	0.9268817204301075	0.4530886167848637
201025373	[55,-9.0,-46.0]	40.66452853333333	-73.84176669166668	0.13487499950935863	0.08493563427525155	0.49277640768491365	0.0006604477624532736	0.9268817204301075	0.4530886167848637
201026322	[42,-14.0,-28.0]	40.66144402	-73.84086534	0.13487499950935863	0.08493563427525155	0.49277640768491365	0.0006604477624532736	0.9268817204301075	0.4530886167848637
201026323	[41,-15.0,-26.0]	40.66104606666667	-73.8407047	0.13487499950935863	0.08493563427525155	0.49277640768491365	0.0006604477624532736	0.9268817204301075	0.4530886167848637
201028742	[24,29.0,-53.0]	40.66210913636364	-73.84855800909092	0.13487499950935863	0.08493563427525155	0.49277640768491365	0.0006604477624532736	0.9268817204301075	0.4530886167848637
201149331	[31,-17.0,-14.0]	40.65883099999999	-73.84024718181819	0.13487499950935863	0.08493563427525155	0.49277640768491365	0.0006604477624532736	0.9268817204301075	0.4530886167848637
201149332	[48,-19.0,-29.0]	40.662030906666665	-73.83999750666666	0.13487499950935863	0.08493563427525155	0.49277640768491365	0.0006604477624532736	0.9268817204301075	0.4530886167848637
201149333	[28,-19.0,-9.0]	40.65788572666666	-73.83998862000001	0.13487499950935863	0.08493563427525155	0.49277640768491365	0.0006604477624532736	0.9268817204301075	0.4530886167848637
201149334	[29,-23.0,-6.0]	40.657800682352935	-73.83916672941177	0.13487499950935863	0.08493563427525155	0.49277640768491365	0.0006604477624532736	0.9268817204301075	0.4530886167848637
201149335	[38,-21.0,-17.0]	40.65974172	-73.83961317999999	0.13487499950935863	0.08493563427525155	0.49277640768491365	0.0006604477624532736	0.9268817204301075	0.4530886167848637
201149336	[43,-19.0,-24.0]	40.66104948	-73.83998011999999	0.13487499950935863	0.08493563427525155	0.49277640768491365	0.0006604477624532736	0.9268817204301075	0.4530886167848637
201149338	[34,-22.0,-12.0]	40.658912183333335	-73.83937743333334	0.13487499950935863	0.08493563427525155	0.49277640768491365	0.0006604477624532736	0.9268817204301075	0.4530886167848637
201149339	[40,-20.0,-20.0]	40.660286183333334	-73.83973568333333	0.13487499950935863	0.08493563427525155	0.49277640768491365	0.0006604477624532736	0.9268817204301075	0.4530886167848637
201149342	[30,-19.0,-11.0]	40.658451674999995	-73.84005699999999	0.13487499950935863	0.08493563427525155	0.49277640768491365	0.0006604477624532736	0.9268817204301075	0.4530886167848637
201149344	[33,-23.0,-10.0]	40.65857121	-73.83931263	0.13487499950935863	0.08493563427525155	0.49277640768491365	0.0006604477624532736	0.9268817204301075	0.4530886167848637
201150237	[50,-17.0,-33.0]	40.66278503571429	-73.84033974285715	0.13487499950935863	0.08493563427525155	0.49277640768491365	0.0006604477624532736	0.9268817204301075	0.4530886167848637
201150239	[52,-17.0,-35.0]	40.66309391428572	-73.84036022857143	0.13487499950935863	0.08493563427525155	0.49277640768491365	0.0006604477624532736	0.9268817204301075	0.4530886167848637
248672190	[58,-15.0,-43.0]	40.66458665714286	-73.84064532857144	0.13487499950935863	0.08493563427525155	0.49277640768491365	0.0006604477624532736	0.9268817204301075	0.4530886167848637
284918777	[51,-16.0,-35.0]	40.66301312	-73.8404418	0.13487499950935863	0.08493563427525155	0.49277640768491365	0.0006604477624532736	0.9268817204301075	0.4530886167848637
284918780	[54,-16.0,-38.0]	40.66359448	-73.84042907999999	0.13487499950935863	0.08493563427525155	0.49277640768491365	0.0006604477624532736	0.9268817204301075	0.4530886167848637
284919172	[54,-18.0,-36.0]	40.663440191999996	-73.84014975599999	0.13487499950935863	0.08493563427525155	0.49277640768491365	0.0006604477624532736	0.9268817204301075	0.4530886167848637
284918773	[49,-19.0,-30.0]	40.66227895714285	-73.83998938571428	0.13487499950935863	0.08493563427525155	0.49277640768491365	0.0006604477624532736	0.9268817204301075	0.4530886167848637
285149360	[22,31.0,-53.0]	40.661826528260875	-73.84884277608693	0.13487499950935863	0.08493563427525155	0.49277640768491365	0.0006604477624532736	0.9268817204301075	0.4530886167848637
527031660	[43,-72.0,29.0]	40.65562572	-73.83053578	0.13487499950935863	0.08493563427525155	0.49277640768491365	0.0006604477624532736	0.9268817204301075	0.4530886167848637
284919173	284919173	0
284919171	284919173	1.0
284919174	284919173	2.0
597899046	284919173	3.0
597899047	284919173	3.0
597899048	284919173	3.0
451797029	284919173	4.0
451797031	284919173	4.0
201110547	284919173	3.0
201152524	284919173	4.0
201152522	284919173	4.0
201152526	284919173	4.0
201152528	284919173	4.0
201152530	284919173	4.0
248526626	284919173	4.0
285145790	284919173	3.0
285149361	284919173	3.0
201110516	284919173	3.0
201028490	284919173	3.0
201032952	284919173	3.0
201276049	284919173	4.0
201276050	284919173	3.0
201276051	284919173	3.0
514607175	284919173	4.0
514607176	284919173	4.0
351477472	284919173	4.0
201109394	284919173	3.0
201109395	284919173	3.0
201146424	284919173	4.0
201146426	284919173	3.0
201146428	284919173	3.0
201146430	284919173	4.0
201146432	284919173	4.0
201146434	284919173	4.0
201146435	284919173	4.0
201148560	284919173	3.0
201148562	284919173	4.0
201148563	284919173	3.0
201148565	284919173	3.0
201148566	284919173	3.0
201148567	284919173	3.0
201148568	284919173	3.0
201148737	284919173	3.0
201149337	284919173	3.0
201149340	284919173	3.0
201149343	284919173	3.0
201018716	284919173	2.0
201018718	284919173	1.0
201025373	284919173	1.0
201026322	284919173	2.0
201026323	284919173	2.0
201028742	284919173	3.0
201149331	284919173	2.0
201149332	284919173	2.0
201149333	284919173	3.0
201149334	284919173	3.0
201149335	284919173	2.0
201149336	284919173	2.0
201149338	284919173	2.0
201149339	284919173	2.0
201149342	284919173	3.0
201149344	284919173	2.0
201150237	284919173	1.0
201150239	284919173	1.0
248672190	284919173	0.0
284918777	284919173	1.0
284918780	284919173	1.0
284919172	284919173	1.0
284918773	284919173	2.0
285149360	284919173	3.0
527031660	284919173	4.0
284919171	284919171	0
284919174	284919171	0.0
597899046	284919171	3.0
597899047	284919171	3.0
597899048	284919171	3.0
451797029	284919171	4.0
451797031	284919171	4.0
201110547	284919171	3.0
201152524	284919171	4.0
201152522	284919171	4.0
201152526	284919171	4.0
201152528	284919171	4.0
201152530	284919171	4.0
248526626	284919171	4.0
285145790	284919171	4.0
285149361	284919171	3.0
201110516	284919171	3.0
201028490	284919171	3.0
201032952	284919171	3.0
201276049	284919171	3.0
201276050	284919171	3.0
201276051	284919171	3.0
514607175	284919171	3.0
514607176	284919171	4.0
351477472	284919171	4.0
201109394	284919171	2.0
201109395	284919171	3.0
201146424	284919171	3.0
201146426	284919171	3.0
201146428	284919171	3.0
201146430	284919171	3.0
201146432	284919171	3.0
201146434	284919171	3.0
201146435	284919171	3.0
201148560	284919171	3.0
201148562	284919171	3.0
201148563	284919171	3.0
201148565	284919171	3.0
201148566	284919171	3.0
201148567	284919171	3.0
201148568	284919171	3.0
201148737	284919171	3.0
201149337	284919171	2.0
201149340	284919171	2.0
201149343	284919171	2.0
201018716	284919171	0.0
201018718	284919171	1.0
201025373	284919171	1.0
201026322	284919171	1.0
201026323	284919171	1.0
201028742	284919171	2.0
201149331	284919171	2.0
201149332	284919171	0.0
201149333	284919171	2.0
201149334	284919171	2.0
201149335	284919171	1.0
201149336	284919171	1.0
201149338	284919171	2.0
201149339	284919171	1.0
201149342	284919171	2.0
201149344	284919171	2.0
201150237	284919171	0.0
201150239	284919171	0.0
248672190	284919171	1.0
284918777	284919171	0.0
284918780	284919171	0.0
284919172	284919171	0.0
284918773	284919171	0.0
285149360	284919171	3.0
527031660	284919171	4.0
284919174	284919174	0
597899046	284919174	3.0
597899047	284919174	4.0
597899048	284919174	3.0
451797029	284919174	4.0
451797031	284919174	4.0
201110547	284919174	3.0
201152524	284919174	4.0
201152522	284919174	4.0
201152526	284919174	4.0
201152528	284919174	4.0
201152530	284919174	4.0
248526626	284919174	4.0
285145790	284919174	4.0
285149361	284919174	3.0
201110516	284919174	3.0
201028490	284919174	3.0
201032952	284919174	3.0
201276049	284919174	3.0
201276050	284919174	3.0
201276051	284919174	3.0
514607175	284919174	3.0
514607176	284919174	4.0
351477472	284919174	4.0
201109394	284919174	2.0
201109395	284919174	2.0
201146424	284919174	3.0
201146426	284919174	3.0
201146428	284919174	3.0
201146430	284919174	3.0
201146432	284919174	3.0
201146434	284919174	3.0
201146435	284919174	3.0
201148560	284919174	2.0
201148562	284919174	3.0
201148563	284919174	2.0
201148565	284919174	3.0
201148566	284919174	3.0
201148567	284919174	2.0
201148568	284919174	3.0
201148737	284919174	3.0
201149337	284919174	2.0
201149340	284919174	2.0
201149343	284919174	2.0
201018716	284919174	1.0
201018718	284919174	2.0
201025373	284919174	2.0
201026322	284919174	1.0
201026323	284919174	0.0
201028742	284919174	3.0
201149331	284919174	2.0
201149332	284919174	0.0
201149333	284919174	2.0
201149334	284919174	2.0
201149335	284919174	1.0
201149336	284919174	0.0
201149338	284919174	1.0
201149339	284919174	0.0
201149342	284919174	2.0
201149344	284919174	1.0
201150237	284919174	0.0
201150239	284919174	1.0
248672190	284919174	2.0
284918777	284919174	1.0
284918780	284919174	1.0
284919172	284919174	1.0
284918773	284919174	0.0
285149360	284919174	3.0
527031660	284919174	4.0
597899046	597899046	0
597899047	597899046	0.0
597899048	597899046	1.0
451797029	597899046	3.0
451797031	597899046	4.0
201110547	597899046	3.0
201152524	597899046	5.0
201152522	597899046	5.0
201152526	597899046	5.0
201152528	597899046	5.0
201152530	597899046	5.0
248526626	597899046	5.0
285145790	597899046	1.0
285149361	597899046	2.0
201110516	597899046	3.0
201028490	597899046	2.0
201032952	597899046	2.0
201276049	597899046	2.0
201276050	597899046	2.0
201276051	597899046	2.0
514607175	597899046	2.0
514607176	597899046	2.0
351477472	597899046	3.0
201109394	597899046	4.0
201109395	597899046	4.0
201146424	597899046	4.0
201146426	597899046	4.0
201146428	597899046	4.0
201146430	597899046	4.0
201146432	597899046	4.0
201146434	597899046	4.0
201146435	597899046	4.0
201148560	597899046	4.0
201148562	597899046	4.0
201148563	597899046	4.0
201148565	597899046	4.0
201148566	597899046	4.0
201148567	597899046	4.0
201148568	597899046	4.0
201148737	597899046	4.0
201149337	597899046	4.0
201149340	597899046	4.0
201149343	597899046	4.0
201018716	597899046	3.0
201018718	597899046	3.0
201025373	597899046	3.0
201026322	597899046	4.0
201026323	597899046	4.0
201028742	597899046	2.0
201149331	597899046	4.0
201149332	597899046	3.0
201149333	597899046	4.0
201149334	597899046	4.0
201149335	597899046	4.0
201149336	597899046	4.0
201149338	597899046	4.0
201149339	597899046	4.0
201149342	597899046	4.0
201149344	597899046	4.0
201150237	597899046	3.0
201150239	597899046	3.0
248672190	597899046	3.0
284918777	597899046	3.0
284918780	597899046	3.0
284919172	597899046	3.0
284918773	597899046	3.0
285149360	597899046	2.0
527031660	597899046	4.0
597899047	597899047	0
597899048	597899047	1.0
451797029	597899047	3.0
451797031	597899047	4.0
201110547	597899047	3.0
201152524	597899047	5.0
201152522	597899047	5.0
201152526	597899047	5.0
201152528	597899047	5.0
201152530	597899047	5.0
248526626	597899047	5.0
285145790	597899047	0.0
285149361	597899047	2.0
201110516	597899047	3.0
201028490	597899047	2.0
201032952	597899047	2.0
201276049	597899047	2.0
201276050	597899047	2.0
201276051	597899047	2.0
514607175	597899047	2.0
514607176	597899047	2.0
351477472	597899047	3.0
201109394	597899047	4.0
201109395	597899047	4.0
201146424	597899047	4.0
201146426	597899047	4.0
201146428	597899047	4.0
201146430	597899047	4.0
201146432	597899047	4.0
201146434	597899047	4.0
201146435	597899047	4.0
201148560	597899047	4.0
201148562	597899047	4.0
201148563	597899047	4.0
201148565	597899047	4.0
201148566	597899047	4.0
201148567	597899047	4.0
201148568	597899047	4.0
201148737	597899047	4.0
201149337	597899047	4.0
201149340	597899047	4.0
201149343	597899047	4.0
201018716	597899047	4.0
201018718	597899047	3.0
201025373	597899047	3.0
201026322	597899047	4.0
201026323	597899047	4.0
201028742	597899047	2.0
201149331	597899047	4.0
201149332	597899047	4.0
201149333	597899047	4.0
201149334	597899047	4.0
201149335	597899047	4.0
201149336	597899047	4.0
201149338	597899047	4.0
201149339	597899047	4.0
201149342	597899047	4.0
201149344	597899047	4.0
201150237	597899047	3.0
201150239	597899047	3.0
248672190	597899047	3.0
284918777	597899047	3.0
284918780	597899047	3.0
284919172	597899047	3.0
284918773	597899047	4.0
285149360	597899047	2.0
527031660	597899047	4.0
597899048	597899048	0
451797029	597899048	4.0
451797031	597899048	4.0
201110547	597899048	3.0
201152524	597899048	4.0
201152522	597899048	4.0
201152526	597899048	4.0
201152528	597899048	4.0
201152530	597899048	4.0
248526626	597899048	5.0
285145790	597899048	1.0
285149361	597899048	2.0
201110516	597899048	3.0
201028490	597899048	2.0
201032952	597899048	2.0
201276049	597899048	2.0
201276050	597899048	2.0
201276051	597899048	2.0
514607175	597899048	2.0
514607176	597899048	2.0
351477472	597899048	4.0
201109394	597899048	4.0
201109395	597899048	4.0
201146424	597899048	4.0
201146426	597899048	4.0
201146428	597899048	4.0
201146430	597899048	4.0
201146432	597899048	4.0
201146434	597899048	4.0
201146435	597899048	4.0
201148560	597899048	4.0
201148562	597899048	4.0
201148563	597899048	4.0
201148565	597899048	4.0
201148566	597899048	4.0
201148567	597899048	4.0
201148568	597899048	4.0
201148737	597899048	4.0
201149337	597899048	4.0
201149340	597899048	4.0
201149343	597899048	4.0
201018716	597899048	3.0
201018718	597899048	3.0
201025373	597899048	3.0
201026322	597899048	3.0
201026323	597899048	3.0
201028742	597899048	2.0
201149331	597899048	3.0
201149332	597899048	3.0
201149333	597899048	4.0
201149334	597899048	4.0
201149335	597899048	4.0
201149336	597899048	3.0
201149338	597899048	4.0
201149339	597899048	4.0
201149342	597899048	3.0
201149344	597899048	4.0
201150237	597899048	3.0
201150239	597899048	3.0
248672190	597899048	3.0
284918777	597899048	3.0
284918780	597899048	3.0
284919172	597899048	3.0
284918773	597899048	3.0
285149360	597899048	1.0
527031660	597899048	4.0
451797029	451797029	0
451797031	451797029	3.0
201110547	451797029	4.0
201152524	451797029	5.0
201152522	451797029	5.0
201152526	451797029	5.0
201152528	451797029	5.0
201152530	451797029	5.0
248526626	451797029	5.0
285145790	451797029	3.0
285149361	451797029	4.0
201110516	451797029	4.0
201028490	451797029	4.0
201032952	451797029	4.0
201276049	451797029	4.0
201276050	451797029	4.0
201276051	451797029	4.0
514607175	451797029	4.0
514607176	451797029	4.0
351477472	451797029	0.0
201109394	451797029	4.0
201109395	451797029	4.0
201146424	451797029	5.0
201146426	451797029	4.0
201146428	451797029	4.0
201146430	451797029	5.0
201146432	451797029	4.0
201146434	451797029	4.0
201146435	451797029	5.0
201148560	451797029	4.0
201148562	451797029	5.0
201148563	451797029	4.0
201148565	451797029	5.0
201148566	451797029	4.0
201148567	451797029	4.0
201148568	451797029	5.0
201148737	451797029	4.0
201149337	451797029	4.0
201149340	451797029	4.0
201149343	451797029	4.0
201018716	451797029	4.0
201018718	451797029	4.0
201025373	451797029	4.0
201026322	451797029	4.0
201026323	451797029	4.0
201028742	451797029	4.0
201149331	451797029	4.0
201149332	451797029	4.0
201149333	451797029	4.0
201149334	451797029	4.0
201149335	451797029	4.0
201149336	451797029	4.0
201149338	451797029	4.0
201149339	451797029	4.0
201149342	451797029	4.0
201149344	451797029	4.0
201150237	451797029	4.0
201150239	451797029	4.0
248672190	451797029	4.0
284918777	451797029	4.0
284918780	451797029	4.0
284919172	451797029	4.0
284918773	451797029	4.0
285149360	451797029	4.0
527031660	451797029	5.0
451797031	451797031	0
201110547	451797031	4.0
201152524	451797031	5.0
201152522	451797031	5.0
201152526	451797031	5.0
201152528	451797031	5.0
201152530	451797031	5.0
248526626	451797031	5.0
285145790	451797031	4.0
285149361	451797031	4.0
201110516	451797031	4.0
201028490	451797031	4.0
201032952	451797031	4.0
201276049	451797031	4.0
201276050	451797031	4.0
201276051	451797031	4.0
514607175	451797031	4.0
514607176	451797031	4.0
351477472	451797031	3.0
201109394	451797031	4.0
201109395	451797031	4.0
201146424	451797031	5.0
201146426	451797031	5.0
201146428	451797031	4.0
201146430	451797031	5.0
201146432	451797031	4.0
201146434	451797031	5.0
201146435	451797031	5.0
201148560	451797031	4.0
201148562	451797031	4.0
201148563	451797031	4.0
201148565	451797031	4.0
201148566	451797031	4.0
201148567	451797031	4.0
201148568	451797031	4.0
201148737	451797031	4.0
201149337	451797031	4.0
201149340	451797031	4.0
201149343	451797031	4.0
201018716	451797031	4.0
201018718	451797031	4.0
201025373	451797031	4.0
201026322	451797031	4.0
201026323	451797031	4.0
201028742	451797031	4.0
201149331	451797031	4.0
201149332	451797031	4.0
201149333	451797031	4.0
201149334	451797031	4.0
201149335	451797031	4.0
201149336	451797031	4.0
201149338	451797031	4.0
201149339	451797031	4.0
201149342	451797031	4.0
201149344	451797031	4.0
201150237	451797031	4.0
201150239	451797031	4.0
248672190	451797031	4.0
284918777	451797031	4.0
284918780	451797031	4.0
284919172	451797031	4.0
284918773	451797031	4.0
285149360	451797031	4.0
527031660	451797031	5.0
201110547	201110547	0
201152524	201110547	4.0
201152522	201110547	4.0
201152526	201110547	4.0
201152528	201110547	4.0
201152530	201110547	4.0
248526626	201110547	5.0
285145790	201110547	3.0
285149361	201110547	3.0
201110516	201110547	0.0
201028490	201110547	3.0
201032952	201110547	3.0
201276049	201110547	3.0
201276050	201110547	3.0
201276051	201110547	3.0
514607175	201110547	3.0
514607176	201110547	4.0
351477472	201110547	4.0
201109394	201110547	2.0
201109395	201110547	2.0
201146424	201110547	3.0
201146426	201110547	3.0
201146428	201110547	3.0
201146430	201110547	3.0
201146432	201110547	3.0
201146434	201110547	3.0
201146435	201110547	3.0
201148560	201110547	3.0
201148562	201110547	3.0
201148563	201110547	3.0
201148565	201110547	3.0
201148566	201110547	3.0
201148567	201110547	3.0
201148568	201110547	3.0
201148737	201110547	2.0
201149337	201110547	2.0
201149340	201110547	2.0
201149343	201110547	2.0
201018716	201110547	3.0
201018718	201110547	3.0
201025373	201110547	3.0
201026322	201110547	2.0
201026323	201110547	2.0
201028742	201110547	3.0
201149331	201110547	2.0
201149332	201110547	3.0
201149333	201110547	2.0
201149334	201110547	2.0
201149335	201110547	2.0
201149336	201110547	3.0
201149338	201110547	2.0
201149339	201110547	2.0
201149342	201110547	2.0
201149344	201110547	2.0
201150237	201110547	3.0
201150239	201110547	3.0
248672190	201110547	3.0
284918777	201110547	3.0
284918780	201110547	3.0
284919172	201110547	3.0
284918773	201110547	3.0
285149360	201110547	3.0
527031660	201110547	4.0
201152524	201152524	0
201152522	201152524	1.0
201152526	201152524	1.0
201152528	201152524	1.0
201152530	201152524	0.0
248526626	201152524	4.0
285145790	201152524	5.0
285149361	201152524	4.0
201110516	201152524	4.0
201028490	201152524	4.0
201032952	201152524	4.0
201276049	201152524	4.0
201276050	201152524	4.0
201276051	201152524	4.0
514607175	201152524	5.0
514607176	201152524	5.0
351477472	201152524	5.0
201109394	201152524	4.0
201109395	201152524	4.0
201146424	201152524	5.0
201146426	201152524	5.0
201146428	201152524	4.0
201146430	201152524	5.0
201146432	201152524	4.0
201146434	201152524	5.0
201146435	201152524	5.0
201148560	201152524	4.0
201148562	201152524	4.0
201148563	201152524	4.0
201148565	201152524	4.0
201148566	201152524	4.0
201148567	201152524	4.0
201148568	201152524	4.0
201148737	201152524	4.0
201149337	201152524	4.0
201149340	201152524	4.0
201149343	201152524	4.0
201018716	201152524	4.0
201018718	201152524	4.0
201025373	201152524	4.0
201026322	201152524	4.0
201026323	201152524	4.0
201028742	201152524	4.0
201149331	201152524	4.0
201149332	201152524	4.0
201149333	201152524	4.0
201149334	201152524	4.0
201149335	201152524	4.0
201149336	201152524	4.0
201149338	201152524	4.0
201149339	201152524	4.0
201149342	201152524	4.0
201149344	201152524	4.0
201150237	201152524	4.0
201150239	201152524	4.0
248672190	201152524	4.0
284918777	201152524	4.0
284918780	201152524	4.0
284919172	201152524	4.0
284918773	201152524	4.0
285149360	201152524	4.0
527031660	201152524	4.0
201152522	201152522	0
201152526	201152522	0.0
201152528	201152522	0.0
201152530	201152522	0.0
248526626	201152522	4.0
285145790	201152522	5.0
285149361	201152522	4.0
201110516	201152522	4.0
201028490	201152522	4.0
201032952	201152522	4.0
201276049	201152522	5.0
201276050	201152522	4.0
201276051	201152522	4.0
514607175	201152522	5.0
514607176	201152522	5.0
351477472	201152522	5.0
201109394	201152522	4.0
201109395	201152522	4.0
201146424	201152522	5.0
201146426	201152522	4.0
201146428	201152522	4.0
201146430	201152522	5.0
201146432	201152522	5.0
201146434	201152522	5.0
201146435	201152522	5.0
201148560	201152522	4.0
201148562	201152522	4.0
201148563	201152522	4.0
201148565	201152522	4.0
201148566	201152522	4.0
201148567	201152522	4.0
201148568	201152522	4.0
201148737	201152522	4.0
201149337	201152522	4.0
201149340	201152522	4.0
201149343	201152522	4.0
201018716	201152522	4.0
201018718	201152522	4.0
201025373	201152522	4.0
201026322	201152522	4.0
201026323	201152522	4.0
201028742	201152522	4.0
201149331	201152522	4.0
201149332	201152522	4.0
201149333	201152522	4.0
201149334	201152522	4.0
201149335	201152522	4.0
201149336	201152522	4.0
201149338	201152522	4.0
201149339	201152522	4.0
201149342	201152522	4.0
201149344	201152522	4.0
201150237	201152522	4.0
201150239	201152522	4.0
248672190	201152522	4.0
284918777	201152522	4.0
284918780	201152522	4.0
284919172	201152522	4.0
284918773	201152522	4.0
285149360	201152522	4.0
527031660	201152522	3.0
201152526	201152526	0
201152528	201152526	0.0
201152530	201152526	0.0
248526626	201152526	4.0
285145790	201152526	5.0
285149361	201152526	4.0
201110516	201152526	4.0
201028490	201152526	4.0
201032952	201152526	4.0
201276049	201152526	5.0
201276050	201152526	4.0
201276051	201152526	4.0
514607175	201152526	5.0
514607176	201152526	5.0
351477472	201152526	5.0
201109394	201152526	4.0
201109395	201152526	4.0
201146424	201152526	5.0
201146426	201152526	5.0
201146428	201152526	4.0
201146430	201152526	5.0
201146432	201152526	5.0
201146434	201152526	5.0
201146435	201152526	5.0
201148560	201152526	4.0
201148562	201152526	5.0
201148563	201152526	4.0
201148565	201152526	5.0
201148566	201152526	4.0
201148567	201152526	4.0
201148568	201152526	5.0
201148737	201152526	4.0
201149337	201152526	4.0
201149340	201152526	4.0
201149343	201152526	4.0
201018716	201152526	4.0
201018718	201152526	4.0
201025373	201152526	4.0
201026322	201152526	4.0
201026323	201152526	4.0
201028742	201152526	4.0
201149331	201152526	4.0
201149332	201152526	4.0
201149333	201152526	4.0
201149334	201152526	4.0
201149335	201152526	4.0
201149336	201152526	4.0
201149338	201152526	4.0
201149339	201152526	4.0
201149342	201152526	4.0
201149344	201152526	4.0
201150237	201152526	4.0
201150239	201152526	4.0
248672190	201152526	4.0
284918777	201152526	4.0
284918780	201152526	4.0
284919172	201152526	4.0
284918773	201152526	4.0
285149360	201152526	4.0
527031660	201152526	3.0
201152528	201152528	0
201152530	201152528	0.0
248526626	201152528	4.0
285145790	201152528	5.0
285149361	201152528	4.0
201110516	201152528	4.0
201028490	201152528	4.0
201032952	201152528	4.0
201276049	201152528	5.0
201276050	201152528	4.0
201276051	201152528	4.0
514607175	201152528	5.0
514607176	201152528	5.0
351477472	201152528	5.0
201109394	201152528	4.0
201109395	201152528	4.0
201146424	201152528	5.0
201146426	201152528	4.0
201146428	201152528	4.0
201146430	201152528	5.0
201146432	201152528	5.0
201146434	201152528	5.0
201146435	201152528	5.0
201148560	201152528	4.0
201148562	201152528	5.0
201148563	201152528	4.0
201148565	201152528	4.0
201148566	201152528	4.0
201148567	201152528	4.0
201148568	201152528	5.0
201148737	201152528	4.0
201149337	201152528	4.0
201149340	201152528	4.0
201149343	201152528	4.0
201018716	201152528	4.0
201018718	201152528	4.0
201025373	201152528	4.0
201026322	201152528	4.0
201026323	201152528	4.0
201028742	201152528	4.0
201149331	201152528	4.0
201149332	201152528	4.0
201149333	201152528	4.0
201149334	201152528	4.0
201149335	201152528	4.0
201149336	201152528	4.0
201149338	201152528	4.0
201149339	201152528	4.0
201149342	201152528	4.0
201149344	201152528	4.0
201150237	201152528	4.0
201150239	201152528	4.0
248672190	201152528	4.0
284918777	201152528	4.0
284918780	201152528	4.0
284919172	201152528	4.0
284918773	201152528	4.0
285149360	201152528	4.0
527031660	201152528	3.0
201152530	201152530	0
248526626	201152530	4.0
285145790	201152530	5.0
285149361	201152530	4.0
201110516	201152530	4.0
201028490	201152530	4.0
201032952	201152530	4.0
201276049	201152530	4.0
201276050	201152530	4.0
201276051	201152530	4.0
514607175	201152530	5.0
514607176	201152530	5.0
351477472	201152530	5.0
201109394	201152530	4.0
201109395	201152530	4.0
201146424	201152530	5.0
201146426	201152530	4.0
201146428	201152530	4.0
201146430	201152530	5.0
201146432	201152530	4.0
201146434	201152530	5.0
201146435	201152530	5.0
201148560	201152530	4.0
201148562	201152530	4.0
201148563	201152530	4.0
201148565	201152530	4.0
201148566	201152530	4.0
201148567	201152530	4.0
201148568	201152530	4.0
201148737	201152530	4.0
201149337	201152530	4.0
201149340	201152530	4.0
201149343	201152530	4.0
201018716	201152530	4.0
201018718	201152530	4.0
201025373	201152530	4.0
201026322	201152530	4.0
201026323	201152530	4.0
201028742	201152530	4.0
201149331	201152530	4.0
201149332	201152530	4.0
201149333	201152530	4.0
201149334	201152530	4.0
201149335	201152530	4.0
201149336	201152530	4.0
201149338	201152530	4.0
201149339	201152530	4.0
201149342	201152530	4.0
201149344	201152530	4.0
201150237	201152530	4.0
201150239	201152530	4.0
248672190	201152530	4.0
284918777	201152530	4.0
284918780	201152530	4.0
284919172	201152530	4.0
284918773	201152530	4.0
285149360	201152530	4.0
527031660	201152530	4.0
248526626	248526626	0
285145790	248526626	5.0
285149361	248526626	5.0
201110516	248526626	5.0
201028490	248526626	5.0
201032952	248526626	5.0
201276049	248526626	5.0
201276050	248526626	5.0
201276051	248526626	5.0
514607175	248526626	5.0
514607176	248526626	5.0
351477472	248526626	5.0
201109394	248526626	5.0
201109395	248526626	5.0
201146424	248526626	5.0
201146426	248526626	5.0
201146428	248526626	5.0
201146430	248526626	5.0
201146432	248526626	5.0
201146434	248526626	5.0
201146435	248526626	5.0
201148560	248526626	5.0
201148562	248526626	5.0
201148563	248526626	5.0
201148565	248526626	5.0
201148566	248526626	5.0
201148567	248526626	5.0
201148568	248526626	5.0
201148737	248526626	5.0
201149337	248526626	5.0
201149340	248526626	5.0
201149343	248526626	4.0
201018716	248526626	4.0
201018718	248526626	4.0
201025373	248526626	4.0
201026322	248526626	4.0
201026323	248526626	4.0
201028742	248526626	5.0
201149331	248526626	4.0
201149332	248526626	4.0
201149333	248526626	4.0
201149334	248526626	4.0
201149335	248526626	4.0
201149336	248526626	4.0
201149338	248526626	4.0
201149339	248526626	4.0
201149342	248526626	4.0
201149344	248526626	4.0
201150237	248526626	4.0
201150239	248526626	4.0
248672190	248526626	4.0
284918777	248526626	4.0
284918780	248526626	4.0
284919172	248526626	4.0
284918773	248526626	4.0
285149360	248526626	5.0
527031660	248526626	3.0
285145790	285145790	0
285149361	285145790	2.0
201110516	285145790	3.0
201028490	285145790	2.0
201032952	285145790	2.0
201276049	285145790	2.0
201276050	285145790	2.0
201276051	285145790	2.0
514607175	285145790	2.0
514607176	285145790	2.0
351477472	285145790	3.0
201109394	285145790	4.0
201109395	285145790	4.0
201146424	285145790	5.0
201146426	285145790	4.0
201146428	285145790	4.0
201146430	285145790	4.0
201146432	285145790	4.0
201146434	285145790	5.0
201146435	285145790	4.0
201148560	285145790	4.0
201148562	285145790	4.0
201148563	285145790	4.0
201148565	285145790	4.0
201148566	285145790	4.0
201148567	285145790	4.0
201148568	285145790	4.0
201148737	285145790	4.0
201149337	285145790	4.0
201149340	285145790	4.0
201149343	285145790	4.0
201018716	285145790	4.0
201018718	285145790	3.0
201025373	285145790	3.0
201026322	285145790	4.0
201026323	285145790	4.0
201028742	285145790	3.0
201149331	285145790	4.0
201149332	285145790	4.0
201149333	285145790	4.0
201149334	285145790	4.0
201149335	285145790	4.0
201149336	285145790	4.0
201149338	285145790	4.0
201149339	285145790	4.0
201149342	285145790	4.0
201149344	285145790	4.0
201150237	285145790	4.0
201150239	285145790	3.0
248672190	285145790	3.0
284918777	285145790	3.0
284918780	285145790	4.0
284919172	285145790	4.0
284918773	285145790	4.0
285149360	285145790	2.0
527031660	285145790	4.0
285149361	285149361	0
201110516	285149361	3.0
201028490	285149361	0.0
201032952	285149361	0.0
201276049	285149361	2.0
201276050	285149361	2.0
201276051	285149361	2.0
514607175	285149361	2.0
514607176	285149361	3.0
351477472	285149361	4.0
201109394	285149361	3.0
201109395	285149361	3.0
201146424	285149361	4.0
201146426	285149361	4.0
201146428	285149361	4.0
201146430	285149361	4.0
201146432	285149361	4.0
201146434	285149361	4.0
201146435	285149361	4.0
201148560	285149361	4.0
201148562	285149361	4.0
201148563	285149361	4.0
201148565	285149361	4.0
201148566	285149361	4.0
201148567	285149361	4.0
201148568	285149361	4.0
201148737	285149361	4.0
201149337	285149361	3.0
201149340	285149361	3.0
201149343	285149361	3.0
201018716	285149361	2.0
201018718	285149361	3.0
201025373	285149361	3.0
201026322	285149361	3.0
201026323	285149361	3.0
201028742	285149361	1.0
201149331	285149361	3.0
201149332	285149361	3.0
201149333	285149361	3.0
201149334	285149361	3.0
201149335	285149361	3.0
201149336	285149361	3.0
201149338	285149361	3.0
201149339	285149361	3.0
201149342	285149361	3.0
201149344	285149361	3.0
201150237	285149361	3.0
201150239	285149361	3.0
248672190	285149361	3.0
284918777	285149361	3.0
284918780	285149361	3.0
284919172	285149361	3.0
284918773	285149361	3.0
285149360	285149361	0.0
527031660	285149361	4.0
201110516	201110516	0
201028490	201110516	3.0
201032952	201110516	3.0
201276049	201110516	3.0
201276050	201110516	3.0
201276051	201110516	3.0
514607175	201110516	3.0
514607176	201110516	4.0
351477472	201110516	4.0
201109394	201110516	2.0
201109395	201110516	2.0
201146424	201110516	3.0
201146426	201110516	3.0
201146428	201110516	3.0
201146430	201110516	3.0
201146432	201110516	3.0
201146434	201110516	3.0
201146435	201110516	3.0
201148560	201110516	3.0
201148562	201110516	3.0
201148563	201110516	3.0
201148565	201110516	3.0
201148566	201110516	3.0
201148567	201110516	3.0
201148568	201110516	3.0
201148737	201110516	2.0
201149337	201110516	2.0
201149340	201110516	2.0
201149343	201110516	2.0
201018716	201110516	3.0
201018718	201110516	3.0
201025373	201110516	3.0
201026322	201110516	2.0
201026323	201110516	2.0
201028742	201110516	3.0
201149331	201110516	2.0
201149332	201110516	3.0
201149333	201110516	2.0
201149334	201110516	2.0
201149335	201110516	2.0
201149336	201110516	3.0
201149338	201110516	2.0
201149339	201110516	2.0
201149342	201110516	2.0
201149344	201110516	2.0
201150237	201110516	3.0
201150239	201110516	3.0
248672190	201110516	3.0
284918777	201110516	3.0
284918780	201110516	3.0
284919172	201110516	3.0
284918773	201110516	3.0
285149360	201110516	3.0
527031660	201110516	4.0
201028490	201028490	0
201032952	201028490	0.0
201276049	201028490	2.0
201276050	201028490	2.0
201276051	201028490	2.0
514607175	201028490	2.0
514607176	201028490	3.0
351477472	201028490	4.0
201109394	201028490	3.0
201109395	201028490	4.0
201146424	201028490	4.0
201146426	201028490	4.0
201146428	201028490	4.0
201146430	201028490	4.0
201146432	201028490	4.0
201146434	201028490	4.0
201146435	201028490	4.0
201148560	201028490	4.0
201148562	201028490	4.0
201148563	201028490	4.0
201148565	201028490	4.0
201148566	201028490	4.0
201148567	201028490	4.0
201148568	201028490	4.0
201148737	201028490	4.0
201149337	201028490	3.0
201149340	201028490	3.0
201149343	201028490	3.0
201018716	201028490	3.0
201018718	201028490	3.0
201025373	201028490	3.0
201026322	201028490	3.0
201026323	201028490	3.0
201028742	201028490	1.0
201149331	201028490	3.0
201149332	201028490	3.0
201149333	201028490	3.0
201149334	201028490	3.0
201149335	201028490	3.0
201149336	201028490	3.0
201149338	201028490	3.0
201149339	201028490	3.0
201149342	201028490	3.0
201149344	201028490	3.0
201150237	201028490	3.0
201150239	201028490	3.0
248672190	201028490	3.0
284918777	201028490	3.0
284918780	201028490	3.0
284919172	201028490	3.0
284918773	201028490	3.0
285149360	201028490	0.0
527031660	201028490	4.0
201032952	201032952	0
201276049	201032952	2.0
201276050	201032952	2.0
201276051	201032952	2.0
514607175	201032952	2.0
514607176	201032952	3.0
351477472	201032952	4.0
201109394	201032952	3.0
201109395	201032952	4.0
201146424	201032952	4.0
201146426	201032952	4.0
201146428	201032952	4.0
201146430	201032952	4.0
201146432	201032952	4.0
201146434	201032952	4.0
201146435	201032952	4.0
201148560	201032952	4.0
201148562	201032952	4.0
201148563	201032952	4.0
201148565	201032952	4.0
201148566	201032952	4.0
201148567	201032952	4.0
201148568	201032952	4.0
201148737	201032952	4.0
201149337	201032952	3.0
201149340	201032952	3.0
201149343	201032952	3.0
201018716	201032952	3.0
201018718	201032952	3.0
201025373	201032952	3.0
201026322	201032952	3.0
201026323	201032952	3.0
201028742	201032952	1.0
201149331	201032952	3.0
201149332	201032952	3.0
201149333	201032952	3.0
201149334	201032952	3.0
201149335	201032952	3.0
201149336	201032952	3.0
201149338	201032952	3.0
201149339	201032952	3.0
201149342	201032952	3.0
201149344	201032952	3.0
201150237	201032952	3.0
201150239	201032952	3.0
248672190	201032952	3.0
284918777	201032952	3.0
284918780	201032952	3.0
284919172	201032952	3.0
284918773	201032952	3.0
285149360	201032952	0.0
527031660	201032952	4.0
201276049	201276049	0
201276050	201276049	1.0
201276051	201276049	1.0
514607175	201276049	1.0
514607176	201276049	2.0
351477472	201276049	4.0
201109394	201276049	4.0
201109395	201276049	4.0
201146424	201276049	4.0
201146426	201276049	4.0
201146428	201276049	4.0
201146430	201276049	4.0
201146432	201276049	4.0
201146434	201276049	4.0
201146435	201276049	4.0
201148560	201276049	4.0
201148562	201276049	4.0
201148563	201276049	4.0
201148565	201276049	4.0
201148566	201276049	4.0
201148567	201276049	4.0
201148568	201276049	4.0
201148737	201276049	4.0
201149337	201276049	4.0
201149340	201276049	4.0
201149343	201276049	4.0
201018716	201276049	3.0
201018718	201276049	3.0
201025373	201276049	3.0
201026322	201276049	3.0
201026323	201276049	3.0
201028742	201276049	2.0
201149331	201276049	4.0
201149332	201276049	3.0
201149333	201276049	4.0
201149334	201276049	4.0
201149335	201276049	4.0
201149336	201276049	3.0
201149338	201276049	4.0
201149339	201276049	4.0
201149342	201276049	4.0
201149344	201276049	4.0
201150237	201276049	3.0
201150239	201276049	3.0
248672190	201276049	4.0
284918777	201276049	3.0
284918780	201276049	3.0
284919172	201276049	3.0
284918773	201276049	3.0
285149360	201276049	2.0
527031660	201276049	4.0
201276050	201276050	0
201276051	201276050	0.0
514607175	201276050	2.0
514607176	201276050	2.0
351477472	201276050	4.0
201109394	201276050	4.0
201109395	201276050	4.0
201146424	201276050	4.0
201146426	201276050	4.0
201146428	201276050	4.0
201146430	201276050	4.0
201146432	201276050	4.0
201146434	201276050	4.0
201146435	201276050	4.0
201148560	201276050	4.0
201148562	201276050	4.0
201148563	201276050	4.0
201148565	201276050	4.0
201148566	201276050	4.0
201148567	201276050	4.0
201148568	201276050	4.0
201148737	201276050	4.0
201149337	201276050	4.0
201149340	201276050	4.0
201149343	201276050	4.0
201018716	201276050	3.0
201018718	201276050	3.0
201025373	201276050	3.0
201026322	201276050	3.0
201026323	201276050	3.0
201028742	201276050	2.0
201149331	201276050	3.0
201149332	201276050	3.0
201149333	201276050	4.0
201149334	201276050	4.0
201149335	201276050	3.0
201149336	201276050	3.0
201149338	201276050	3.0
201149339	201276050	3.0
201149342	201276050	3.0
201149344	201276050	3.0
201150237	201276050	3.0
201150239	201276050	3.0
248672190	201276050	3.0
284918777	201276050	3.0
284918780	201276050	3.0
284919172	201276050	3.0
284918773	201276050	3.0
285149360	201276050	1.0
527031660	201276050	4.0
201276051	201276051	0
514607175	201276051	1.0
514607176	201276051	2.0
351477472	201276051	4.0
201109394	201276051	4.0
201109395	201276051	4.0
201146424	201276051	4.0
201146426	201276051	4.0
201146428	201276051	4.0
201146430	201276051	4.0
201146432	201276051	4.0
201146434	201276051	4.0
201146435	201276051	4.0
201148560	201276051	4.0
201148562	201276051	4.0
201148563	201276051	4.0
201148565	201276051	4.0
201148566	201276051	4.0
201148567	201276051	4.0
201148568	201276051	4.0
201148737	201276051	4.0
201149337	201276051	4.0
201149340	201276051	4.0
201149343	201276051	4.0
201018716	201276051	3.0
201018718	201276051	3.0
201025373	201276051	3.0
201026322	201276051	3.0
201026323	201276051	3.0
201028742	201276051	2.0
201149331	201276051	3.0
201149332	201276051	3.0
201149333	201276051	4.0
201149334	201276051	4.0
201149335	201276051	3.0
201149336	201276051	3.0
201149338	201276051	4.0
201149339	201276051	3.0
201149342	201276051	4.0
201149344	201276051	4.0
201150237	201276051	3.0
201150239	201276051	3.0
248672190	201276051	3.0
284918777	201276051	3.0
284918780	201276051	3.0
284919172	201276051	3.0
284918773	201276051	3.0
285149360	201276051	2.0
527031660	201276051	4.0
514607175	514607175	0
514607176	514607175	1.0
351477472	514607175	4.0
201109394	514607175	4.0
201109395	514607175	4.0
201146424	514607175	4.0
201146426	514607175	4.0
201146428	514607175	4.0
201146430	514607175	4.0
201146432	514607175	4.0
201146434	514607175	4.0
201146435	514607175	4.0
201148560	514607175	4.0
201148562	514607175	4.0
201148563	514607175	4.0
201148565	514607175	4.0
201148566	514607175	4.0
201148567	514607175	4.0
201148568	514607175	4.0
201148737	514607175	4.0
201149337	514607175	4.0
201149340	514607175	4.0
201149343	514607175	4.0
201018716	514607175	3.0
201018718	514607175	3.0
201025373	514607175	4.0
201026322	514607175	3.0
201026323	514607175	3.0
201028742	514607175	3.0
201149331	514607175	4.0
201149332	514607175	3.0
201149333	514607175	4.0
201149334	514607175	4.0
201149335	514607175	4.0
201149336	514607175	3.0
201149338	514607175	4.0
201149339	514607175	4.0
201149342	514607175	4.0
201149344	514607175	4.0
201150237	514607175	3.0
201150239	514607175	3.0
248672190	514607175	4.0
284918777	514607175	3.0
284918780	514607175	3.0
284919172	514607175	3.0
284918773	514607175	3.0
285149360	514607175	2.0
527031660	514607175	4.0
514607176	514607176	0
351477472	514607176	4.0
201109394	514607176	4.0
201109395	514607176	4.0
201146424	514607176	5.0
201146426	514607176	4.0
201146428	514607176	4.0
201146430	514607176	5.0
201146432	514607176	4.0
201146434	514607176	5.0
201146435	514607176	5.0
201148560	514607176	4.0
201148562	514607176	4.0
201148563	514607176	4.0
201148565	514607176	4.0
201148566	514607176	4.0
201148567	514607176	4.0
201148568	514607176	4.0
201148737	514607176	4.0
201149337	514607176	4.0
201149340	514607176	4.0
201149343	514607176	4.0
201018716	514607176	3.0
201018718	514607176	4.0
201025373	514607176	4.0
201026322	514607176	4.0
201026323	514607176	4.0
201028742	514607176	3.0
201149331	514607176	4.0
201149332	514607176	4.0
201149333	514607176	4.0
201149334	514607176	4.0
201149335	514607176	4.0
201149336	514607176	4.0
201149338	514607176	4.0
201149339	514607176	4.0
201149342	514607176	4.0
201149344	514607176	4.0
201150237	514607176	4.0
201150239	514607176	4.0
248672190	514607176	4.0
284918777	514607176	4.0
284918780	514607176	4.0
284919172	514607176	4.0
284918773	514607176	4.0
285149360	514607176	2.0
527031660	514607176	5.0
351477472	351477472	0
201109394	351477472	4.0
201109395	351477472	4.0
201146424	351477472	5.0
201146426	351477472	4.0
201146428	351477472	4.0
201146430	351477472	5.0
201146432	351477472	5.0
201146434	351477472	5.0
201146435	351477472	5.0
201148560	351477472	4.0
201148562	351477472	5.0
201148563	351477472	4.0
201148565	351477472	5.0
201148566	351477472	4.0
201148567	351477472	4.0
201148568	351477472	5.0
201148737	351477472	4.0
201149337	351477472	4.0
201149340	351477472	4.0
201149343	351477472	4.0
201018716	351477472	4.0
201018718	351477472	4.0
201025373	351477472	4.0
201026322	351477472	4.0
201026323	351477472	4.0
201028742	351477472	4.0
201149331	351477472	4.0
201149332	351477472	4.0
201149333	351477472	4.0
201149334	351477472	4.0
201149335	351477472	4.0
201149336	351477472	4.0
201149338	351477472	4.0
201149339	351477472	4.0
201149342	351477472	4.0
201149344	351477472	4.0
201150237	351477472	4.0
201150239	351477472	4.0
248672190	351477472	4.0
284918777	351477472	4.0
284918780	351477472	4.0
284919172	351477472	4.0
284918773	351477472	4.0
285149360	351477472	4.0
527031660	351477472	5.0
201109394	201109394	0
201109395	201109394	1.0
201146424	201109394	3.0
201146426	201109394	2.0
201146428	201109394	2.0
201146430	201109394	3.0
201146432	201109394	2.0
201146434	201109394	2.0
201146435	201109394	3.0
201148560	201109394	2.0
201148562	201109394	3.0
201148563	201109394	1.0
201148565	201109394	3.0
201148566	201109394	2.0
201148567	201109394	2.0
201148568	201109394	3.0
201148737	201109394	1.0
201149337	201109394	1.0
201149340	201109394	1.0
201149343	201109394	1.0
201018716	201109394	3.0
201018718	201109394	3.0
201025373	201109394	3.0
201026322	201109394	2.0
201026323	201109394	2.0
201028742	201109394	3.0
201149331	201109394	1.0
201149332	201109394	2.0
201149333	201109394	1.0
201149334	201109394	0.0
201149335	201109394	2.0
201149336	201109394	2.0
201149338	201109394	1.0
201149339	201109394	2.0
201149342	201109394	1.0
201149344	201109394	1.0
201150237	201109394	2.0
201150239	201109394	3.0
248672190	201109394	3.0
284918777	201109394	3.0
284918780	201109394	3.0
284919172	201109394	3.0
284918773	201109394	2.0
285149360	201109394	3.0
527031660	201109394	4.0
201109395	201109395	0
201146424	201109395	2.0
201146426	201109395	2.0
201146428	201109395	2.0
201146430	201109395	2.0
201146432	201109395	2.0
201146434	201109395	2.0
201146435	201109395	2.0
201148560	201109395	1.0
201148562	201109395	2.0
201148563	201109395	0.0
201148565	201109395	2.0
201148566	201109395	1.0
201148567	201109395	1.0
201148568	201109395	2.0
201148737	201109395	1.0
201149337	201109395	0.0
201149340	201109395	0.0
201149343	201109395	1.0
201018716	201109395	3.0
201018718	201109395	3.0
201025373	201109395	3.0
201026322	201109395	2.0
201026323	201109395	2.0
201028742	201109395	3.0
201149331	201109395	2.0
201149332	201109395	3.0
201149333	201109395	2.0
201149334	201109395	1.0
201149335	201109395	2.0
201149336	201109395	2.0
201149338	201109395	2.0
201149339	201109395	2.0
201149342	201109395	1.0
201149344	201109395	2.0
201150237	201109395	3.0
201150239	201109395	3.0
248672190	201109395	3.0
284918777	201109395	3.0
284918780	201109395	3.0
284919172	201109395	3.0
284918773	201109395	3.0
285149360	201109395	4.0
527031660	201109395	4.0
201146424	201146424	0
201146426	201146424	1.0
201146428	201146424	1.0
201146430	201146424	1.0
201146432	201146424	1.0
201146434	201146424	0.0
201146435	201146424	1.0
201148560	201146424	2.0
201148562	201146424	1.0
201148563	201146424	2.0
201148565	201146424	2.0
201148566	201146424	2.0
201148567	201146424	2.0
201148568	201146424	1.0
201148737	201146424	2.0
201149337	201146424	3.0
201149340	201146424	3.0
201149343	201146424	3.0
201018716	201146424	3.0
201018718	201146424	4.0
201025373	201146424	4.0
201026322	201146424	3.0
201026323	201146424	3.0
201028742	201146424	4.0
201149331	201146424	3.0
201149332	201146424	3.0
201149333	201146424	3.0
201149334	201146424	3.0
201149335	201146424	3.0
201149336	201146424	3.0
201149338	201146424	3.0
201149339	201146424	3.0
201149342	201146424	3.0
201149344	201146424	3.0
201150237	201146424	3.0
201150239	201146424	4.0
248672190	201146424	4.0
284918777	201146424	4.0
284918780	201146424	4.0
284919172	201146424	4.0
284918773	201146424	3.0
285149360	201146424	4.0
527031660	201146424	4.0
201146426	201146426	0
201146428	201146426	0.0
201146430	201146426	1.0
201146432	201146426	0.0
201146434	201146426	0.0
201146435	201146426	2.0
201148560	201146426	2.0
201148562	201146426	1.0
201148563	201146426	2.0
201148565	201146426	1.0
201148566	201146426	1.0
201148567	201146426	2.0
201148568	201146426	1.0
201148737	201146426	1.0
201149337	201146426	2.0
201149340	201146426	2.0
201149343	201146426	2.0
201018716	201146426	3.0
201018718	201146426	3.0
201025373	201146426	3.0
201026322	201146426	3.0
201026323	201146426	3.0
201028742	201146426	4.0
201149331	201146426	3.0
201149332	201146426	3.0
201149333	201146426	3.0
201149334	201146426	2.0
201149335	201146426	3.0
201149336	201146426	3.0
201149338	201146426	3.0
201149339	201146426	3.0
201149342	201146426	2.0
201149344	201146426	3.0
201150237	201146426	3.0
201150239	201146426	3.0
248672190	201146426	3.0
284918777	201146426	4.0
284918780	201146426	4.0
284919172	201146426	4.0
284918773	201146426	3.0
285149360	201146426	4.0
527031660	201146426	4.0
201146428	201146428	0
201146430	201146428	1.0
201146432	201146428	1.0
201146434	201146428	1.0
201146435	201146428	1.0
201148560	201146428	2.0
201148562	201146428	1.0
201148563	201146428	2.0
201148565	201146428	1.0
201148566	201146428	1.0
201148567	201146428	1.0
201148568	201146428	1.0
201148737	201146428	1.0
201149337	201146428	2.0
201149340	201146428	2.0
201149343	201146428	2.0
201018716	201146428	3.0
201018718	201146428	3.0
201025373	201146428	3.0
201026322	201146428	3.0
201026323	201146428	3.0
201028742	201146428	4.0
201149331	201146428	3.0
201149332	201146428	3.0
201149333	201146428	2.0
201149334	201146428	2.0
201149335	201146428	3.0
201149336	201146428	3.0
201149338	201146428	3.0
201149339	201146428	3.0
201149342	201146428	2.0
201149344	201146428	2.0
201150237	201146428	3.0
201150239	201146428	3.0
248672190	201146428	3.0
284918777	201146428	3.0
284918780	201146428	3.0
284919172	201146428	3.0
284918773	201146428	3.0
285149360	201146428	4.0
527031660	201146428	4.0
201146430	201146430	0
201146432	201146430	0.0
201146434	201146430	0.0
201146435	201146430	1.0
201148560	201146430	2.0
201148562	201146430	0.0
201148563	201146430	2.0
201148565	201146430	1.0
201148566	201146430	2.0
201148567	201146430	2.0
201148568	201146430	1.0
201148737	201146430	2.0
201149337	201146430	2.0
201149340	201146430	2.0
201149343	201146430	3.0
201018716	201146430	3.0
201018718	201146430	4.0
201025373	201146430	4.0
201026322	201146430	3.0
201026323	201146430	3.0
201028742	201146430	4.0
201149331	201146430	3.0
201149332	201146430	3.0
201149333	201146430	3.0
201149334	201146430	3.0
201149335	201146430	3.0
201149336	201146430	3.0
201149338	201146430	3.0
201149339	201146430	3.0
201149342	201146430	3.0
201149344	201146430	3.0
201150237	201146430	3.0
201150239	201146430	3.0
248672190	201146430	4.0
284918777	201146430	3.0
284918780	201146430	3.0
284919172	201146430	3.0
284918773	201146430	3.0
285149360	201146430	4.0
527031660	201146430	4.0
201146432	201146432	0
201146434	201146432	1.0
201146435	201146432	0.0
201148560	201146432	2.0
201148562	201146432	0.0
201148563	201146432	2.0
201148565	201146432	0.0
201148566	201146432	1.0
201148567	201146432	2.0
201148568	201146432	0.0
201148737	201146432	2.0
201149337	201146432	2.0
201149340	201146432	2.0
201149343	201146432	2.0
201018716	201146432	3.0
201018718	201146432	3.0
201025373	201146432	4.0
201026322	201146432	3.0
201026323	201146432	3.0
201028742	201146432	4.0
201149331	201146432	3.0
201149332	201146432	3.0
201149333	201146432	3.0
201149334	201146432	2.0
201149335	201146432	3.0
201149336	201146432	3.0
201149338	201146432	3.0
201149339	201146432	3.0
201149342	201146432	3.0
201149344	201146432	3.0
201150237	201146432	3.0
201150239	201146432	3.0
248672190	201146432	4.0
284918777	201146432	3.0
284918780	201146432	3.0
284919172	201146432	3.0
284918773	201146432	3.0
285149360	201146432	4.0
527031660	201146432	4.0
201146434	201146434	0
201146435	201146434	0.0
201148560	201146434	2.0
201148562	201146434	1.0
201148563	201146434	2.0
201148565	201146434	1.0
201148566	201146434	1.0
201148567	201146434	2.0
201148568	201146434	1.0
201148737	201146434	2.0
201149337	201146434	3.0
201149340	201146434	3.0
201149343	201146434	3.0
201018716	201146434	3.0
201018718	201146434	4.0
201025373	201146434	4.0
201026322	201146434	3.0
201026323	201146434	3.0
201028742	201146434	4.0
201149331	201146434	3.0
201149332	201146434	3.0
201149333	201146434	3.0
201149334	201146434	3.0
201149335	201146434	3.0
201149336	201146434	3.0
201149338	201146434	3.0
201149339	201146434	3.0
201149342	201146434	3.0
201149344	201146434	3.0
201150237	201146434	3.0
201150239	201146434	4.0
248672190	201146434	4.0
284918777	201146434	4.0
284918780	201146434	4.0
284919172	201146434	4.0
284918773	201146434	3.0
285149360	201146434	4.0
527031660	201146434	4.0
201146435	201146435	0
201148560	201146435	2.0
201148562	201146435	0.0
201148563	201146435	2.0
201148565	201146435	1.0
201148566	201146435	2.0
201148567	201146435	2.0
201148568	201146435	1.0
201148737	201146435	3.0
201149337	201146435	2.0
201149340	201146435	2.0
201149343	201146435	3.0
201018716	201146435	3.0
201018718	201146435	4.0
201025373	201146435	4.0
201026322	201146435	4.0
201026323	201146435	3.0
201028742	201146435	4.0
201149331	201146435	3.0
201149332	201146435	3.0
201149333	201146435	3.0
201149334	201146435	3.0
201149335	201146435	3.0
201149336	201146435	3.0
201149338	201146435	3.0
201149339	201146435	3.0
201149342	201146435	3.0
201149344	201146435	3.0
201150237	201146435	3.0
201150239	201146435	3.0
248672190	201146435	4.0
284918777	201146435	3.0
284918780	201146435	3.0
284919172	201146435	3.0
284918773	201146435	3.0
285149360	201146435	4.0
527031660	201146435	4.0
201148560	201148560	0
201148562	201148560	2.0
201148563	201148560	0.0
201148565	201148560	2.0
201148566	201148560	1.0
201148567	201148560	0.0
201148568	201148560	2.0
201148737	201148560	1.0
201149337	201148560	0.0
201149340	201148560	0.0
201149343	201148560	1.0
201018716	201148560	3.0
201018718	201148560	3.0
201025373	201148560	3.0
201026322	201148560	3.0
201026323	201148560	2.0
201028742	201148560	4.0
201149331	201148560	2.0
201149332	201148560	3.0
201149333	201148560	2.0
201149334	201148560	1.0
201149335	201148560	2.0
201149336	201148560	2.0
201149338	201148560	2.0
201149339	201148560	2.0
201149342	201148560	2.0
201149344	201148560	2.0
201150237	201148560	3.0
201150239	201148560	3.0
248672190	201148560	3.0
284918777	201148560	3.0
284918780	201148560	3.0
284919172	201148560	3.0
284918773	201148560	3.0
285149360	201148560	4.0
527031660	201148560	4.0
201148562	201148562	0
201148563	201148562	2.0
201148565	201148562	0.0
201148566	201148562	1.0
201148567	201148562	2.0
201148568	201148562	0.0
201148737	201148562	2.0
201149337	201148562	2.0
201149340	201148562	2.0
201149343	201148562	2.0
201018716	201148562	3.0
201018718	201148562	3.0
201025373	201148562	4.0
201026322	201148562	3.0
201026323	201148562	3.0
201028742	201148562	4.0
201149331	201148562	3.0
201149332	201148562	3.0
201149333	201148562	3.0
201149334	201148562	2.0
201149335	201148562	3.0
201149336	201148562	3.0
201149338	201148562	3.0
201149339	201148562	3.0
201149342	201148562	3.0
201149344	201148562	3.0
201150237	201148562	3.0
201150239	201148562	3.0
248672190	201148562	4.0
284918777	201148562	3.0
284918780	201148562	3.0
284919172	201148562	3.0
284918773	201148562	3.0
285149360	201148562	4.0
527031660	201148562	4.0
201148563	201148563	0
201148565	201148563	2.0
201148566	201148563	1.0
201148567	201148563	0.0
201148568	201148563	2.0
201148737	201148563	1.0
201149337	201148563	0.0
201149340	201148563	0.0
201149343	201148563	1.0
201018716	201148563	3.0
201018718	201148563	3.0
201025373	201148563	3.0
201026322	201148563	3.0
201026323	201148563	2.0
201028742	201148563	4.0
201149331	201148563	2.0
201149332	201148563	3.0
201149333	201148563	2.0
201149334	201148563	1.0
201149335	201148563	2.0
201149336	201148563	2.0
201149338	201148563	2.0
201149339	201148563	2.0
201149342	201148563	2.0
201149344	201148563	1.0
201150237	201148563	3.0
201150239	201148563	3.0
248672190	201148563	3.0
284918777	201148563	3.0
284918780	201148563	3.0
284919172	201148563	3.0
284918773	201148563	3.0
285149360	201148563	4.0
527031660	201148563	4.0
201148565	201148565	0
201148566	201148565	1.0
201148567	201148565	1.0
201148568	201148565	0.0
201148737	201148565	2.0
201149337	201148565	2.0
201149340	201148565	2.0
201149343	201148565	2.0
201018716	201148565	3.0
201018718	201148565	3.0
201025373	201148565	4.0
201026322	201148565	3.0
201026323	201148565	3.0
201028742	201148565	4.0
201149331	201148565	3.0
201149332	201148565	3.0
201149333	201148565	3.0
201149334	201148565	2.0
201149335	201148565	3.0
201149336	201148565	3.0
201149338	201148565	3.0
201149339	201148565	3.0
201149342	201148565	3.0
201149344	201148565	2.0
201150237	201148565	3.0
201150239	201148565	3.0
248672190	201148565	3.0
284918777	201148565	3.0
284918780	201148565	3.0
284919172	201148565	3.0
284918773	201148565	3.0
285149360	201148565	4.0
527031660	201148565	4.0
201148566	201148566	0
201148567	201148566	1.0
201148568	201148566	1.0
201148737	201148566	0.0
201149337	201148566	1.0
201149340	201148566	1.0
201149343	201148566	2.0
201018716	201148566	3.0
201018718	201148566	3.0
201025373	201148566	3.0
201026322	201148566	3.0
201026323	201148566	3.0
201028742	201148566	4.0
201149331	201148566	2.0
201149332	201148566	3.0
201149333	201148566	2.0
201149334	201148566	2.0
201149335	201148566	3.0
201149336	201148566	3.0
201149338	201148566	2.0
201149339	201148566	3.0
201149342	201148566	2.0
201149344	201148566	2.0
201150237	201148566	3.0
201150239	201148566	3.0
248672190	201148566	3.0
284918777	201148566	3.0
284918780	201148566	3.0
284919172	201148566	3.0
284918773	201148566	3.0
285149360	201148566	4.0
527031660	201148566	4.0
201148567	201148567	0
201148568	201148567	1.0
201148737	201148567	0.0
201149337	201148567	0.0
201149340	201148567	1.0
201149343	201148567	1.0
201018716	201148567	3.0
201018718	201148567	3.0
201025373	201148567	3.0
201026322	201148567	3.0
201026323	201148567	2.0
201028742	201148567	4.0
201149331	201148567	2.0
201149332	201148567	3.0
201149333	201148567	2.0
201149334	201148567	1.0
201149335	201148567	2.0
201149336	201148567	2.0
201149338	201148567	2.0
201149339	201148567	2.0
201149342	201148567	2.0
201149344	201148567	2.0
201150237	201148567	3.0
201150239	201148567	3.0
248672190	201148567	3.0
284918777	201148567	3.0
284918780	201148567	3.0
284919172	201148567	3.0
284918773	201148567	3.0
285149360	201148567	4.0
527031660	201148567	4.0
201148568	201148568	0
201148737	201148568	2.0
201149337	201148568	2.0
201149340	201148568	2.0
201149343	201148568	2.0
201018716	201148568	3.0
201018718	201148568	3.0
201025373	201148568	4.0
201026322	201148568	3.0
201026323	201148568	3.0
201028742	201148568	4.0
201149331	201148568	3.0
201149332	201148568	3.0
201149333	201148568	3.0
201149334	201148568	2.0
201149335	201148568	3.0
201149336	201148568	3.0
201149338	201148568	3.0
201149339	201148568	3.0
201149342	201148568	3.0
201149344	201148568	3.0
201150237	201148568	3.0
201150239	201148568	3.0
248672190	201148568	3.0
284918777	201148568	3.0
284918780	201148568	3.0
284919172	201148568	3.0
284918773	201148568	3.0
285149360	201148568	4.0
527031660	201148568	4.0
201148737	201148737	0
201149337	201148737	1.0
201149340	201148737	1.0
201149343	201148737	2.0
201018716	201148737	3.0
201018718	201148737	3.0
201025373	201148737	3.0
201026322	201148737	3.0
201026323	201148737	3.0
201028742	201148737	4.0
201149331	201148737	2.0
201149332	201148737	3.0
201149333	201148737	2.0
201149334	201148737	2.0
201149335	201148737	2.0
201149336	201148737	3.0
201149338	201148737	2.0
201149339	201148737	3.0
201149342	201148737	2.0
201149344	201148737	2.0
201150237	201148737	3.0
201150239	201148737	3.0
248672190	201148737	3.0
284918777	201148737	3.0
284918780	201148737	3.0
284919172	201148737	3.0
284918773	201148737	3.0
285149360	201148737	4.0
527031660	201148737	4.0
201149337	201149337	0
201149340	201149337	0.0
201149343	201149337	0.0
201018716	201149337	3.0
201018718	201149337	3.0
201025373	201149337	3.0
201026322	201149337	2.0
201026323	201149337	2.0
201028742	201149337	3.0
201149331	201149337	1.0
201149332	201149337	2.0
201149333	201149337	1.0
201149334	201149337	0.0
201149335	201149337	2.0
201149336	201149337	2.0
201149338	201149337	1.0
201149339	201149337	2.0
201149342	201149337	1.0
201149344	201149337	1.0
201150237	201149337	2.0
201150239	201149337	3.0
248672190	201149337	3.0
284918777	201149337	3.0
284918780	201149337	3.0
284919172	201149337	3.0
284918773	201149337	2.0
285149360	201149337	3.0
527031660	201149337	4.0
201149340	201149340	0
201149343	201149340	0.0
201018716	201149340	3.0
201018718	201149340	3.0
201025373	201149340	3.0
201026322	201149340	2.0
201026323	201149340	2.0
201028742	201149340	3.0
201149331	201149340	1.0
201149332	201149340	2.0
201149333	201149340	2.0
201149334	201149340	0.0
201149335	201149340	2.0
201149336	201149340	2.0
201149338	201149340	1.0
201149339	201149340	2.0
201149342	201149340	1.0
201149344	201149340	1.0
201150237	201149340	2.0
201150239	201149340	3.0
248672190	201149340	3.0
284918777	201149340	3.0
284918780	201149340	3.0
284919172	201149340	3.0
284918773	201149340	2.0
285149360	201149340	3.0
527031660	201149340	4.0
201149343	201149343	0
201018716	201149343	2.0
201018718	201149343	3.0
201025373	201149343	3.0
201026322	201149343	3.0
201026323	201149343	2.0
201028742	201149343	3.0
201149331	201149343	1.0
201149332	201149343	2.0
201149333	201149343	2.0
201149334	201149343	0.0
201149335	201149343	1.0
201149336	201149343	2.0
201149338	201149343	1.0
201149339	201149343	1.0
201149342	201149343	1.0
201149344	201149343	0.0
201150237	201149343	2.0
201150239	201149343	2.0
248672190	201149343	3.0
284918777	201149343	2.0
284918780	201149343	2.0
284919172	201149343	2.0
284918773	201149343	2.0
285149360	201149343	3.0
527031660	201149343	4.0
201018716	201018716	0
201018718	201018716	1.0
201025373	201018716	2.0
201026322	201018716	1.0
201026323	201018716	1.0
201028742	201018716	2.0
201149331	201018716	2.0
201149332	201018716	1.0
201149333	201018716	2.0
201149334	201018716	2.0
201149335	201018716	2.0
201149336	201018716	1.0
201149338	201018716	2.0
201149339	201018716	2.0
201149342	201018716	2.0
201149344	201018716	2.0
201150237	201018716	1.0
201150239	201018716	1.0
248672190	201018716	2.0
284918777	201018716	1.0
284918780	201018716	1.0
284919172	201018716	1.0
284918773	201018716	1.0
285149360	201018716	2.0
527031660	201018716	4.0
201018718	201018718	0
201025373	201018718	0.0
201026322	201018718	2.0
201026323	201018718	2.0
201028742	201018718	2.0
201149331	201018718	2.0
201149332	201018718	1.0
201149333	201018718	2.0
201149334	201018718	3.0
201149335	201018718	2.0
201149336	201018718	2.0
201149338	201018718	2.0
201149339	201018718	2.0
201149342	201018718	2.0
201149344	201018718	2.0
201150237	201018718	1.0
201150239	201018718	1.0
248672190	201018718	1.0
284918777	201018718	1.0
284918780	201018718	1.0
284919172	201018718	1.0
284918773	201018718	1.0
285149360	201018718	3.0
527031660	201018718	4.0
201025373	201025373	0
201026322	201025373	2.0
201026323	201025373	2.0
201028742	201025373	2.0
201149331	201025373	2.0
201149332	201025373	2.0
201149333	201025373	3.0
201149334	201025373	3.0
201149335	201025373	2.0
201149336	201025373	2.0
201149338	201025373	3.0
201149339	201025373	3.0
201149342	201025373	2.0
201149344	201025373	3.0
201150237	201025373	1.0
201150239	201025373	2.0
248672190	201025373	1.0
284918777	201025373	2.0
284918780	201025373	2.0
284919172	201025373	2.0
284918773	201025373	2.0
285149360	201025373	3.0
527031660	201025373	4.0
201026322	201026322	0
201026323	201026322	0.0
201028742	201026322	3.0
201149331	201026322	1.0
201149332	201026322	1.0
201149333	201026322	2.0
201149334	201026322	2.0
201149335	201026322	2.0
201149336	201026322	0.0
201149338	201026322	2.0
201149339	201026322	2.0
201149342	201026322	2.0
201149344	201026322	2.0
201150237	201026322	1.0
201150239	201026322	2.0
248672190	201026322	2.0
284918777	201026322	2.0
284918780	201026322	2.0
284919172	201026322	2.0
284918773	201026322	1.0
285149360	201026322	3.0
527031660	201026322	4.0
201026323	201026323	0
201028742	201026323	3.0
201149331	201026323	1.0
201149332	201026323	1.0
201149333	201026323	2.0
201149334	201026323	2.0
201149335	201026323	1.0
201149336	201026323	0.0
201149338	201026323	1.0
201149339	201026323	0.0
201149342	201026323	1.0
201149344	201026323	1.0
201150237	201026323	1.0
201150239	201026323	2.0
248672190	201026323	2.0
284918777	201026323	2.0
284918780	201026323	2.0
284919172	201026323	2.0
284918773	201026323	1.0
285149360	201026323	3.0
527031660	201026323	4.0
201028742	201028742	0
201149331	201028742	3.0
201149332	201028742	3.0
201149333	201028742	3.0
201149334	201028742	3.0
201149335	201028742	3.0
201149336	201028742	3.0
201149338	201028742	3.0
201149339	201028742	3.0
201149342	201028742	3.0
201149344	201028742	3.0
201150237	201028742	3.0
201150239	201028742	3.0
248672190	201028742	3.0
284918777	201028742	3.0
284918780	201028742	3.0
284919172	201028742	3.0
284918773	201028742	3.0
285149360	201028742	1.0
527031660	201028742	4.0
201149331	201149331	0
201149332	201149331	2.0
201149333	201149331	0.0
201149334	201149331	1.0
201149335	201149331	1.0
201149336	201149331	2.0
201149338	201149331	0.0
201149339	201149331	1.0
201149342	201149331	0.0
201149344	201149331	0.0
201150237	201149331	2.0
201150239	201149331	2.0
248672190	201149331	2.0
284918777	201149331	2.0
284918780	201149331	3.0
284919172	201149331	3.0
284918773	201149331	2.0
285149360	201149331	3.0
527031660	201149331	4.0
201149332	201149332	0
201149333	201149332	2.0
201149334	201149332	2.0
201149335	201149332	1.0
201149336	201149332	0.0
201149338	201149332	1.0
201149339	201149332	1.0
201149342	201149332	2.0
201149344	201149332	2.0
201150237	201149332	0.0
201150239	201149332	1.0
248672190	201149332	2.0
284918777	201149332	1.0
284918780	201149332	1.0
284919172	201149332	1.0
284918773	201149332	0.0
285149360	201149332	3.0
527031660	201149332	4.0
201149333	201149333	0
201149334	201149333	1.0
201149335	201149333	2.0
201149336	201149333	2.0
201149338	201149333	1.0
201149339	201149333	2.0
201149342	201149333	0.0
201149344	201149333	1.0
201150237	201149333	2.0
201150239	201149333	3.0
248672190	201149333	3.0
284918777	201149333	3.0
284918780	201149333	3.0
284919172	201149333	3.0
284918773	201149333	2.0
285149360	201149333	3.0
527031660	201149333	4.0
201149334	201149334	0
201149335	201149334	1.0
201149336	201149334	1.0
201149338	201149334	0.0
201149339	201149334	1.0
201149342	201149334	0.0
201149344	201149334	0.0
201150237	201149334	2.0
201150239	201149334	2.0
248672190	201149334	3.0
284918777	201149334	2.0
284918780	201149334	2.0
284919172	201149334	2.0
284918773	201149334	2.0
285149360	201149334	3.0
527031660	201149334	4.0
201149335	201149335	0
201149336	201149335	0.0
201149338	201149335	0.0
201149339	201149335	0.0
201149342	201149335	2.0
201149344	201149335	0.0
201150237	201149335	1.0
201150239	201149335	2.0
248672190	201149335	2.0
284918777	201149335	2.0
284918780	201149335	2.0
284919172	201149335	2.0
284918773	201149335	1.0
285149360	201149335	3.0
527031660	201149335	4.0
201149336	201149336	0
201149338	201149336	1.0
201149339	201149336	0.0
201149342	201149336	2.0
201149344	201149336	1.0
201150237	201149336	1.0
201150239	201149336	1.0
248672190	201149336	2.0
284918777	201149336	1.0
284918780	201149336	1.0
284919172	201149336	1.0
284918773	201149336	0.0
285149360	201149336	3.0
527031660	201149336	4.0
201149338	201149338	0
201149339	201149338	0.0
201149342	201149338	0.0
201149344	201149338	0.0
201150237	201149338	2.0
201150239	201149338	2.0
248672190	201149338	2.0
284918777	201149338	2.0
284918780	201149338	2.0
284919172	201149338	2.0
284918773	201149338	2.0
285149360	201149338	3.0
527031660	201149338	4.0
201149339	201149339	0
201149342	201149339	1.0
201149344	201149339	0.0
201150237	201149339	1.0
201150239	201149339	1.0
248672190	201149339	2.0
284918777	201149339	1.0
284918780	201149339	1.0
284919172	201149339	2.0
284918773	201149339	1.0
285149360	201149339	3.0
527031660	201149339	4.0
201149342	201149342	0
201149344	201149342	0.0
201150237	201149342	2.0
201150239	201149342	3.0
248672190	201149342	3.0
284918777	201149342	3.0
284918780	201149342	3.0
284919172	201149342	3.0
284918773	201149342	2.0
285149360	201149342	3.0
527031660	201149342	4.0
201149344	201149344	0
201150237	201149344	2.0
201150239	201149344	2.0
248672190	201149344	2.0
284918777	201149344	2.0
284918780	201149344	2.0
284919172	201149344	2.0
284918773	201149344	2.0
285149360	201149344	3.0
527031660	201149344	4.0
201150237	201150237	0
201150239	201150237	0.0
248672190	201150237	1.0
284918777	201150237	0.0
284918780	201150237	0.0
284919172	201150237	0.0
284918773	201150237	0.0
285149360	201150237	3.0
527031660	201150237	4.0
201150239	201150239	0
248672190	201150239	1.0
284918777	201150239	0.0
284918780	201150239	0.0
284919172	201150239	0.0
284918773	201150239	1.0
285149360	201150239	3.0
527031660	201150239	4.0
248672190	248672190	0
284918777	248672190	1.0
284918780	248672190	1.0
284919172	248672190	1.0
284918773	248672190	2.0
285149360	248672190	3.0
527031660	248672190	4.0
284918777	284918777	0
284918780	284918777	0.0
284919172	284918777	0.0
284918773	284918777	1.0
285149360	284918777	3.0
527031660	284918777	4.0
284918780	284918780	0
284919172	284918780	2.0
284918773	284918780	1.0
285149360	284918780	3.0
527031660	284918780	4.0
284919172	284919172	0
284918773	284919172	1.0
285149360	284919172	3.0
527031660	284919172	4.0
284918773	284918773	0
285149360	284918773	3.0
527031660	284918773	4.0
285149360	285149360	0
527031660	285149360	4.0
527031660	527031660	0
