284622846	[36,-7.0,-29.0]	40.756015492592596	-73.82485437037036	0.10418684977569025	0.3042560859086318	0.2623125140013798	0.0017675693774114672	0.789247311827957	0.327348225273801
284622543	[37,13.0,-50.0]	40.75827172857144	-73.82829707142858	0.10418684977569025	0.3042560859086318	0.2623125140013798	0.0017675693774114672	0.789247311827957	0.327348225273801
539549628	[43,0.0,-43.0]	40.75807698666666	-73.82601891333333	0.10418684977569025	0.3042560859086318	0.2623125140013798	0.0017675693774114672	0.789247311827957	0.327348225273801
380630648	[-26,42.0,-16.0]	40.74838141428571	-73.83351677142856	0.10418684977569025	0.3042560859086318	0.2623125140013798	0.0017675693774114672	0.789247311827957	0.327348225273801
380630653	[-27,45.0,-18.0]	40.748468700000004	-73.83395526	0.10418684977569025	0.3042560859086318	0.2623125140013798	0.0017675693774114672	0.789247311827957	0.327348225273801
380781872	[8,-21.0,13.0]	40.74882108	-73.82240735999999	0.10418684977569025	0.3042560859086318	0.2623125140013798	0.0017675693774114672	0.789247311827957	0.327348225273801
380781874	[8,-21.0,13.0]	40.74887156	-73.82232053999999	0.10418684977569025	0.3042560859086318	0.2623125140013798	0.0017675693774114672	0.789247311827957	0.327348225273801
380781878	[9,-22.0,13.0]	40.748894799999995	-73.82212815	0.10418684977569025	0.3042560859086318	0.2623125140013798	0.0017675693774114672	0.789247311827957	0.327348225273801
380781882	[8,-21.0,13.0]	40.74877244	-73.82222034	0.10418684977569025	0.3042560859086318	0.2623125140013798	0.0017675693774114672	0.789247311827957	0.327348225273801
380781885	[8,-21.0,13.0]	40.74871834	-73.82231124	0.10418684977569025	0.3042560859086318	0.2623125140013798	0.0017675693774114672	0.789247311827957	0.327348225273801
380782729	[-3,-3.0,6.0]	40.74846642	-73.825485	0.10418684977569025	0.3042560859086318	0.2623125140013798	0.0017675693774114672	0.789247311827957	0.327348225273801
118766385	[-16,45.0,-29.0]	40.75056374	-73.83401953999999	0.10418684977569025	0.3042560859086318	0.2623125140013798	0.0017675693774114672	0.789247311827957	0.327348225273801
118766387	[-19,44.0,-25.0]	40.74987426	-73.83382374000001	0.10418684977569025	0.3042560859086318	0.2623125140013798	0.0017675693774114672	0.789247311827957	0.327348225273801
284701893	[12,-16.0,4.0]	40.750154683333335	-73.82325116666668	0.10418684977569025	0.3042560859086318	0.2623125140013798	0.0017675693774114672	0.789247311827957	0.327348225273801
380781876	[12,-9.0,-3.0]	40.750932275	-73.82437059166666	0.10418684977569025	0.3042560859086318	0.2623125140013798	0.0017675693774114672	0.789247311827957	0.327348225273801
380781877	[6,-7.0,1.0]	40.74989796	-73.82479008	0.10418684977569025	0.3042560859086318	0.2623125140013798	0.0017675693774114672	0.789247311827957	0.327348225273801
380781881	[11,-18.0,7.0]	40.7497885	-73.82282938571429	0.10418684977569025	0.3042560859086318	0.2623125140013798	0.0017675693774114672	0.789247311827957	0.327348225273801
488756937	[25,0.0,-25.0]	40.75438746	-73.82605172000001	0.10418684977569025	0.3042560859086318	0.2623125140013798	0.0017675693774114672	0.789247311827957	0.327348225273801
606572450	[9,-19.0,10.0]	40.74923713	-73.8225725	0.10418684977569025	0.3042560859086318	0.2623125140013798	0.0017675693774114672	0.789247311827957	0.327348225273801
380781873	[4,-43.0,39.0]	40.74569163333334	-73.8184015	0.10418684977569025	0.3042560859086318	0.2623125140013798	0.0017675693774114672	0.789247311827957	0.327348225273801
380781879	[11,-44.0,33.0]	40.7470734	-73.81826388750001	0.10418684977569025	0.3042560859086318	0.2623125140013798	0.0017675693774114672	0.789247311827957	0.327348225273801
380781883	[3,-61.0,58.0]	40.74370830000001	-73.8152648	0.10418684977569025	0.3042560859086318	0.2623125140013798	0.0017675693774114672	0.789247311827957	0.327348225273801
380781886	[-2,-26.0,28.0]	40.7462154	-73.82136826	0.10418684977569025	0.3042560859086318	0.2623125140013798	0.0017675693774114672	0.789247311827957	0.327348225273801
380782720	[3,-55.0,52.0]	40.744284519999994	-73.81620966	0.10418684977569025	0.3042560859086318	0.2623125140013798	0.0017675693774114672	0.789247311827957	0.327348225273801
380782721	[3,-64.0,61.0]	40.74339842	-73.81453076	0.10418684977569025	0.3042560859086318	0.2623125140013798	0.0017675693774114672	0.789247311827957	0.327348225273801
380782723	[8,-50.0,42.0]	40.74583285999999	-73.8170434	0.10418684977569025	0.3042560859086318	0.2623125140013798	0.0017675693774114672	0.789247311827957	0.327348225273801
380782724	[5,-66.0,61.0]	40.74354384	-73.81437661999999	0.10418684977569025	0.3042560859086318	0.2623125140013798	0.0017675693774114672	0.789247311827957	0.327348225273801
380782726	[5,-65.0,60.0]	40.74366746	-73.81434408	0.10418684977569025	0.3042560859086318	0.2623125140013798	0.0017675693774114672	0.789247311827957	0.327348225273801
380782728	[2,-51.0,49.0]	40.744525880000005	-73.81697014	0.10418684977569025	0.3042560859086318	0.2623125140013798	0.0017675693774114672	0.789247311827957	0.327348225273801
380782730	[4,-64.0,60.0]	40.74366906	-73.81467377999999	0.10418684977569025	0.3042560859086318	0.2623125140013798	0.0017675693774114672	0.789247311827957	0.327348225273801
606575991	[7,-48.0,41.0]	40.7458601	-73.8174933	0.10418684977569025	0.3042560859086318	0.2623125140013798	0.0017675693774114672	0.789247311827957	0.327348225273801
248596659	[22,-9.0,-13.0]	40.75292513529411	-73.82453780588234	0.10418684977569025	0.3042560859086318	0.2623125140013798	0.0017675693774114672	0.789247311827957	0.327348225273801
284622536	[34,11.0,-45.0]	40.757423842857136	-73.82808975714286	0.10418684977569025	0.3042560859086318	0.2623125140013798	0.0017675693774114672	0.789247311827957	0.327348225273801
284623961	[25,1.0,-26.0]	40.75462105384615	-73.82618408461539	0.10418684977569025	0.3042560859086318	0.2623125140013798	0.0017675693774114672	0.789247311827957	0.327348225273801
284532261	[50,-10.0,-40.0]	40.75855682857142	-73.8241729095238	0.10418684977569025	0.3042560859086318	0.2623125140013798	0.0017675693774114672	0.789247311827957	0.327348225273801
284622539	[43,7.0,-50.0]	40.758822023529405	-73.82728842352942	0.10418684977569025	0.3042560859086318	0.2623125140013798	0.0017675693774114672	0.789247311827957	0.327348225273801
284529094	[35,-46.0,11.0]	40.751803244444446	-73.81791738888889	0.10418684977569025	0.3042560859086318	0.2623125140013798	0.0017675693774114672	0.789247311827957	0.327348225273801
571485899	[14,-24.0,10.0]	40.74964466666666	-73.82172253333334	0.10418684977569025	0.3042560859086318	0.2623125140013798	0.0017675693774114672	0.789247311827957	0.327348225273801
284822655	[-7,58.0,-51.0]	40.753870124324315	-73.83631793783783	0.10418684977569025	0.3042560859086318	0.2623125140013798	0.0017675693774114672	0.789247311827957	0.327348225273801
562605828	[-5,59.0,-54.0]	40.75434743157896	-73.83637006315791	0.10418684977569025	0.3042560859086318	0.2623125140013798	0.0017675693774114672	0.789247311827957	0.327348225273801
531084728	[-16,3.0,13.0]	40.74640814	-73.82652362	0.10418684977569025	0.3042560859086318	0.2623125140013798	0.0017675693774114672	0.789247311827957	0.327348225273801
118766904	[-5,28.0,-23.0]	40.75114314166667	-73.83091755833334	0.10418684977569025	0.3042560859086318	0.2623125140013798	0.0017675693774114672	0.789247311827957	0.327348225273801
304575466	[-1,13.0,-12.0]	40.75049029333333	-73.82822864666666	0.10418684977569025	0.3042560859086318	0.2623125140013798	0.0017675693774114672	0.789247311827957	0.327348225273801
349882156	[-14,45.0,-31.0]	40.75105705384616	-73.83389946153845	0.10418684977569025	0.3042560859086318	0.2623125140013798	0.0017675693774114672	0.789247311827957	0.327348225273801
349882159	[-16,50.0,-34.0]	40.751114795999996	-73.83495986	0.10418684977569025	0.3042560859086318	0.2623125140013798	0.0017675693774114672	0.789247311827957	0.327348225273801
380627725	[-1,19.0,-18.0]	40.751133880000005	-73.82932378000001	0.10418684977569025	0.3042560859086318	0.2623125140013798	0.0017675693774114672	0.789247311827957	0.327348225273801
425616455	[32,0.0,-32.0]	40.75583785714286	-73.82600921428572	0.10418684977569025	0.3042560859086318	0.2623125140013798	0.0017675693774114672	0.789247311827957	0.327348225273801
546937247	[39,-9.0,-30.0]	40.756327399999996	-73.8243435	0.10418684977569025	0.3042560859086318	0.2623125140013798	0.0017675693774114672	0.789247311827957	0.327348225273801
425616456	[47,-7.0,-40.0]	40.75830844285714	-73.82477805714284	0.10418684977569025	0.3042560859086318	0.2623125140013798	0.0017675693774114672	0.789247311827957	0.327348225273801
546946896	[38,12.0,-50.0]	40.7584327	-73.82818183571429	0.10418684977569025	0.3042560859086318	0.2623125140013798	0.0017675693774114672	0.789247311827957	0.327348225273801
380818498	[7,-26.0,19.0]	40.74810931111111	-73.8214735	0.10418684977569025	0.3042560859086318	0.2623125140013798	0.0017675693774114672	0.789247311827957	0.327348225273801
425627323	[61,-58.0,-3.0]	40.755837740000004	-73.81566545999999	0.10418684977569025	0.3042560859086318	0.2623125140013798	0.0017675693774114672	0.789247311827957	0.327348225273801
524506757	[50,-45.0,-5.0]	40.75502983888889	-73.81794398333334	0.10418684977569025	0.3042560859086318	0.2623125140013798	0.0017675693774114672	0.789247311827957	0.327348225273801
425627322	[100,-80.0,-20.0]	40.76166045	-73.8118197375	0.10418684977569025	0.3042560859086318	0.2623125140013798	0.0017675693774114672	0.789247311827957	0.327348225273801
284530764	[53,-24.0,-29.0]	40.75775736666667	-73.82185473333332	0.10418684977569025	0.3042560859086318	0.2623125140013798	0.0017675693774114672	0.789247311827957	0.327348225273801
284622538	[33,17.0,-50.0]	40.75787474285714	-73.82902166190476	0.10418684977569025	0.3042560859086318	0.2623125140013798	0.0017675693774114672	0.789247311827957	0.327348225273801
539549631	[38,6.0,-44.0]	40.75770882	-73.82712930999999	0.10418684977569025	0.3042560859086318	0.2623125140013798	0.0017675693774114672	0.789247311827957	0.327348225273801
284629478	[-11,42.0,-31.0]	40.75139074375	-73.83351005000002	0.10418684977569025	0.3042560859086318	0.2623125140013798	0.0017675693774114672	0.789247311827957	0.327348225273801
476966466	[21,-10.0,-11.0]	40.75251974	-73.82418526000001	0.10418684977569025	0.3042560859086318	0.2623125140013798	0.0017675693774114672	0.789247311827957	0.327348225273801
546937246	[38,-5.0,-33.0]	40.75653382	-73.82507842	0.10418684977569025	0.3042560859086318	0.2623125140013798	0.0017675693774114672	0.789247311827957	0.327348225273801
284625711	[-6,38.0,-32.0]	40.75204323999999	-73.83277888	0.10418684977569025	0.3042560859086318	0.2623125140013798	0.0017675693774114672	0.789247311827957	0.327348225273801
539557419	[25,12.0,-37.0]	40.75572858333334	-73.82807718333333	0.10418684977569025	0.3042560859086318	0.2623125140013798	0.0017675693774114672	0.789247311827957	0.327348225273801
562015906	[-9,-4.0,13.0]	40.7470679	-73.82528409999999	0.10418684977569025	0.3042560859086318	0.2623125140013798	0.0017675693774114672	0.789247311827957	0.327348225273801
284532063	[32,-23.0,-9.0]	40.753613387499996	-73.8219041625	0.10418684977569025	0.3042560859086318	0.2623125140013798	0.0017675693774114672	0.789247311827957	0.327348225273801
284532260	[47,-18.0,-29.0]	40.75713699	-73.82287319	0.10418684977569025	0.3042560859086318	0.2623125140013798	0.0017675693774114672	0.789247311827957	0.327348225273801
284622827	[40,-2.0,-38.0]	40.75728475555555	-73.82566060370371	0.10418684977569025	0.3042560859086318	0.2623125140013798	0.0017675693774114672	0.789247311827957	0.327348225273801
284530853	[56,-50.0,-6.0]	40.755729343243246	-73.81709825270268	0.10418684977569025	0.3042560859086318	0.2623125140013798	0.0017675693774114672	0.789247311827957	0.327348225273801
284531134	[56,-53.0,-3.0]	40.755384583333345	-73.81659097916668	0.10418684977569025	0.3042560859086318	0.2623125140013798	0.0017675693774114672	0.789247311827957	0.327348225273801
284532255	[45,-16.0,-29.0]	40.75694007	-73.82308848	0.10418684977569025	0.3042560859086318	0.2623125140013798	0.0017675693774114672	0.789247311827957	0.327348225273801
284532256	[44,-8.0,-36.0]	40.757539663636365	-73.8244934090909	0.10418684977569025	0.3042560859086318	0.2623125140013798	0.0017675693774114672	0.789247311827957	0.327348225273801
284488817	[-10,-80.0,90.0]	40.739138142857136	-73.81173252857143	0.10418684977569025	0.3042560859086318	0.2623125140013798	0.0017675693774114672	0.789247311827957	0.327348225273801
284528725	[43,-51.0,8.0]	40.752827107142856	-73.81690054285716	0.10418684977569025	0.3042560859086318	0.2623125140013798	0.0017675693774114672	0.789247311827957	0.327348225273801
284531049	[46,-40.0,-6.0]	40.75466025555556	-73.81892076666666	0.10418684977569025	0.3042560859086318	0.2623125140013798	0.0017675693774114672	0.789247311827957	0.327348225273801
284616582	[23,-43.0,20.0]	40.7495531	-73.81840688333334	0.10418684977569025	0.3042560859086318	0.2623125140013798	0.0017675693774114672	0.789247311827957	0.327348225273801
284526857	[97,-75.0,-22.0]	40.76154455	-73.81272128750001	0.10418684977569025	0.3042560859086318	0.2623125140013798	0.0017675693774114672	0.789247311827957	0.327348225273801
284622846	284622846	0
284622543	284622846	1.0
539549628	284622846	2.0
380630648	284622846	3.0
380630653	284622846	4.0
380781872	284622846	3.0
380781874	284622846	3.0
380781878	284622846	3.0
380781882	284622846	3.0
380781885	284622846	3.0
380782729	284622846	3.0
118766385	284622846	3.0
118766387	284622846	3.0
284701893	284622846	3.0
380781876	284622846	2.0
380781877	284622846	3.0
380781881	284622846	3.0
488756937	284622846	2.0
606572450	284622846	3.0
380781873	284622846	4.0
380781879	284622846	3.0
380781883	284622846	4.0
380781886	284622846	4.0
380782720	284622846	4.0
380782721	284622846	4.0
380782723	284622846	4.0
380782724	284622846	4.0
380782726	284622846	4.0
380782728	284622846	4.0
380782730	284622846	4.0
606575991	284622846	4.0
248596659	284622846	2.0
284622536	284622846	1.0
284623961	284622846	1.0
284532261	284622846	2.0
284622539	284622846	2.0
284529094	284622846	3.0
571485899	284622846	3.0
284822655	284622846	3.0
562605828	284622846	3.0
531084728	284622846	3.0
118766904	284622846	3.0
304575466	284622846	3.0
349882156	284622846	3.0
349882159	284622846	3.0
380627725	284622846	3.0
425616455	284622846	0.0
546937247	284622846	0.0
425616456	284622846	2.0
546946896	284622846	2.0
380818498	284622846	3.0
425627323	284622846	3.0
524506757	284622846	3.0
425627322	284622846	4.0
284530764	284622846	1.0
284622538	284622846	2.0
539549631	284622846	1.0
284629478	284622846	3.0
476966466	284622846	2.0
546937246	284622846	1.0
284625711	284622846	3.0
539557419	284622846	1.0
562015906	284622846	3.0
284532063	284622846	2.0
284532260	284622846	2.0
284622827	284622846	1.0
284530853	284622846	3.0
284531134	284622846	3.0
284532255	284622846	1.0
284532256	284622846	2.0
284488817	284622846	4.0
284528725	284622846	3.0
284531049	284622846	2.0
284616582	284622846	3.0
284526857	284622846	4.0
284622543	284622543	0
539549628	284622543	1.0
380630648	284622543	3.0
380630653	284622543	4.0
380781872	284622543	3.0
380781874	284622543	3.0
380781878	284622543	3.0
380781882	284622543	3.0
380781885	284622543	3.0
380782729	284622543	3.0
118766385	284622543	3.0
118766387	284622543	3.0
284701893	284622543	3.0
380781876	284622543	3.0
380781877	284622543	3.0
380781881	284622543	3.0
488756937	284622543	3.0
606572450	284622543	3.0
380781873	284622543	4.0
380781879	284622543	4.0
380781883	284622543	4.0
380781886	284622543	4.0
380782720	284622543	4.0
380782721	284622543	4.0
380782723	284622543	4.0
380782724	284622543	4.0
380782726	284622543	4.0
380782728	284622543	4.0
380782730	284622543	4.0
606575991	284622543	4.0
248596659	284622543	3.0
284622536	284622543	0.0
284623961	284622543	2.0
284532261	284622543	2.0
284622539	284622543	1.0
284529094	284622543	3.0
571485899	284622543	3.0
284822655	284622543	3.0
562605828	284622543	3.0
531084728	284622543	3.0
118766904	284622543	3.0
304575466	284622543	3.0
349882156	284622543	3.0
349882159	284622543	3.0
380627725	284622543	3.0
425616455	284622543	1.0
546937247	284622543	2.0
425616456	284622543	2.0
546946896	284622543	1.0
380818498	284622543	3.0
425627323	284622543	3.0
524506757	284622543	3.0
425627322	284622543	3.0
284530764	284622543	2.0
284622538	284622543	0.0
539549631	284622543	0.0
284629478	284622543	4.0
476966466	284622543	3.0
546937246	284622543	1.0
284625711	284622543	3.0
539557419	284622543	2.0
562015906	284622543	4.0
284532063	284622543	3.0
284532260	284622543	2.0
284622827	284622543	1.0
284530853	284622543	3.0
284531134	284622543	3.0
284532255	284622543	2.0
284532256	284622543	2.0
284488817	284622543	4.0
284528725	284622543	3.0
284531049	284622543	3.0
284616582	284622543	3.0
284526857	284622543	3.0
539549628	539549628	0
380630648	539549628	4.0
380630653	539549628	4.0
380781872	539549628	3.0
380781874	539549628	3.0
380781878	539549628	3.0
380781882	539549628	3.0
380781885	539549628	3.0
380782729	539549628	3.0
118766385	539549628	4.0
118766387	539549628	4.0
284701893	539549628	3.0
380781876	539549628	3.0
380781877	539549628	3.0
380781881	539549628	3.0
488756937	539549628	3.0
606572450	539549628	3.0
380781873	539549628	4.0
380781879	539549628	4.0
380781883	539549628	4.0
380781886	539549628	4.0
380782720	539549628	4.0
380782721	539549628	4.0
380782723	539549628	4.0
380782724	539549628	4.0
380782726	539549628	4.0
380782728	539549628	4.0
380782730	539549628	4.0
606575991	539549628	4.0
248596659	539549628	3.0
284622536	539549628	0.0
284623961	539549628	2.0
284532261	539549628	0.0
284622539	539549628	2.0
284529094	539549628	3.0
571485899	539549628	3.0
284822655	539549628	3.0
562605828	539549628	3.0
531084728	539549628	4.0
118766904	539549628	3.0
304575466	539549628	3.0
349882156	539549628	4.0
349882159	539549628	4.0
380627725	539549628	3.0
425616455	539549628	2.0
546937247	539549628	2.0
425616456	539549628	0.0
546946896	539549628	2.0
380818498	539549628	4.0
425627323	539549628	3.0
524506757	539549628	3.0
425627322	539549628	3.0
284530764	539549628	2.0
284622538	539549628	2.0
539549631	539549628	1.0
284629478	539549628	4.0
476966466	539549628	3.0
546937246	539549628	1.0
284625711	539549628	3.0
539557419	539549628	2.0
562015906	539549628	4.0
284532063	539549628	3.0
284532260	539549628	2.0
284622827	539549628	1.0
284530853	539549628	3.0
284531134	539549628	3.0
284532255	539549628	2.0
284532256	539549628	1.0
284488817	539549628	4.0
284528725	539549628	3.0
284531049	539549628	3.0
284616582	539549628	3.0
284526857	539549628	3.0
380630648	380630648	0
380630653	380630648	0.0
380781872	380630648	4.0
380781874	380630648	4.0
380781878	380630648	4.0
380781882	380630648	4.0
380781885	380630648	4.0
380782729	380630648	3.0
118766385	380630648	2.0
118766387	380630648	3.0
284701893	380630648	3.0
380781876	380630648	3.0
380781877	380630648	3.0
380781881	380630648	3.0
488756937	380630648	3.0
606572450	380630648	4.0
380781873	380630648	3.0
380781879	380630648	4.0
380781883	380630648	4.0
380781886	380630648	3.0
380782720	380630648	4.0
380782721	380630648	4.0
380782723	380630648	4.0
380782724	380630648	4.0
380782726	380630648	4.0
380782728	380630648	4.0
380782730	380630648	4.0
606575991	380630648	4.0
248596659	380630648	3.0
284622536	380630648	3.0
284623961	380630648	3.0
284532261	380630648	4.0
284622539	380630648	4.0
284529094	380630648	4.0
571485899	380630648	4.0
284822655	380630648	3.0
562605828	380630648	3.0
531084728	380630648	2.0
118766904	380630648	2.0
304575466	380630648	2.0
349882156	380630648	2.0
349882159	380630648	2.0
380627725	380630648	2.0
425616455	380630648	3.0
546937247	380630648	4.0
425616456	380630648	4.0
546946896	380630648	4.0
380818498	380630648	4.0
425627323	380630648	4.0
524506757	380630648	4.0
425627322	380630648	4.0
284530764	380630648	4.0
284622538	380630648	3.0
539549631	380630648	3.0
284629478	380630648	3.0
476966466	380630648	3.0
546937246	380630648	3.0
284625711	380630648	2.0
539557419	380630648	3.0
562015906	380630648	2.0
284532063	380630648	4.0
284532260	380630648	4.0
284622827	380630648	3.0
284530853	380630648	4.0
284531134	380630648	4.0
284532255	380630648	4.0
284532256	380630648	3.0
284488817	380630648	4.0
284528725	380630648	4.0
284531049	380630648	4.0
284616582	380630648	4.0
284526857	380630648	4.0
380630653	380630653	0
380781872	380630653	4.0
380781874	380630653	4.0
380781878	380630653	4.0
380781882	380630653	4.0
380781885	380630653	4.0
380782729	380630653	3.0
118766385	380630653	3.0
118766387	380630653	3.0
284701893	380630653	4.0
380781876	380630653	3.0
380781877	380630653	3.0
380781881	380630653	4.0
488756937	380630653	3.0
606572450	380630653	4.0
380781873	380630653	3.0
380781879	380630653	4.0
380781883	380630653	4.0
380781886	380630653	3.0
380782720	380630653	4.0
380782721	380630653	4.0
380782723	380630653	4.0
380782724	380630653	4.0
380782726	380630653	4.0
380782728	380630653	4.0
380782730	380630653	4.0
606575991	380630653	4.0
248596659	380630653	3.0
284622536	380630653	3.0
284623961	380630653	3.0
284532261	380630653	4.0
284622539	380630653	4.0
284529094	380630653	4.0
571485899	380630653	4.0
284822655	380630653	3.0
562605828	380630653	3.0
531084728	380630653	2.0
118766904	380630653	3.0
304575466	380630653	3.0
349882156	380630653	3.0
349882159	380630653	3.0
380627725	380630653	3.0
425616455	380630653	4.0
546937247	380630653	4.0
425616456	380630653	4.0
546946896	380630653	4.0
380818498	380630653	4.0
425627323	380630653	4.0
524506757	380630653	4.0
425627322	380630653	4.0
284530764	380630653	4.0
284622538	380630653	3.0
539549631	380630653	3.0
284629478	380630653	3.0
476966466	380630653	3.0
546937246	380630653	4.0
284625711	380630653	2.0
539557419	380630653	4.0
562015906	380630653	3.0
284532063	380630653	4.0
284532260	380630653	4.0
284622827	380630653	3.0
284530853	380630653	4.0
284531134	380630653	4.0
284532255	380630653	4.0
284532256	380630653	4.0
284488817	380630653	4.0
284528725	380630653	4.0
284531049	380630653	4.0
284616582	380630653	4.0
284526857	380630653	4.0
380781872	380781872	0
380781874	380781872	0.0
380781878	380781872	0.0
380781882	380781872	0.0
380781885	380781872	0.0
380782729	380781872	3.0
118766385	380781872	4.0
118766387	380781872	4.0
284701893	380781872	0.0
380781876	380781872	1.0
380781877	380781872	2.0
380781881	380781872	0.0
488756937	380781872	2.0
606572450	380781872	0.0
380781873	380781872	4.0
380781879	380781872	1.0
380781883	380781872	3.0
380781886	380781872	3.0
380782720	380781872	3.0
380782721	380781872	3.0
380782723	380781872	3.0
380782724	380781872	3.0
380782726	380781872	3.0
380782728	380781872	3.0
380782730	380781872	3.0
606575991	380781872	3.0
248596659	380781872	2.0
284622536	380781872	3.0
284623961	380781872	3.0
284532261	380781872	4.0
284622539	380781872	4.0
284529094	380781872	2.0
571485899	380781872	0.0
284822655	380781872	4.0
562605828	380781872	4.0
531084728	380781872	3.0
118766904	380781872	3.0
304575466	380781872	3.0
349882156	380781872	4.0
349882159	380781872	3.0
380627725	380781872	3.0
425616455	380781872	3.0
546937247	380781872	3.0
425616456	380781872	3.0
546946896	380781872	4.0
380818498	380781872	0.0
425627323	380781872	3.0
524506757	380781872	3.0
425627322	380781872	4.0
284530764	380781872	3.0
284622538	380781872	3.0
539549631	380781872	3.0
284629478	380781872	4.0
476966466	380781872	2.0
546937246	380781872	3.0
284625711	380781872	3.0
539557419	380781872	3.0
562015906	380781872	3.0
284532063	380781872	2.0
284532260	380781872	3.0
284622827	380781872	3.0
284530853	380781872	3.0
284531134	380781872	3.0
284532255	380781872	3.0
284532256	380781872	3.0
284488817	380781872	4.0
284528725	380781872	3.0
284531049	380781872	3.0
284616582	380781872	1.0
284526857	380781872	4.0
380781874	380781874	0
380781878	380781874	0.0
380781882	380781874	0.0
380781885	380781874	0.0
380782729	380781874	3.0
118766385	380781874	4.0
118766387	380781874	4.0
284701893	380781874	0.0
380781876	380781874	1.0
380781877	380781874	2.0
380781881	380781874	0.0
488756937	380781874	2.0
606572450	380781874	0.0
380781873	380781874	4.0
380781879	380781874	1.0
380781883	380781874	3.0
380781886	380781874	3.0
380782720	380781874	3.0
380782721	380781874	3.0
380782723	380781874	3.0
380782724	380781874	3.0
380782726	380781874	3.0
380782728	380781874	3.0
380782730	380781874	3.0
606575991	380781874	3.0
248596659	380781874	2.0
284622536	380781874	3.0
284623961	380781874	3.0
284532261	380781874	4.0
284622539	380781874	4.0
284529094	380781874	2.0
571485899	380781874	0.0
284822655	380781874	4.0
562605828	380781874	4.0
531084728	380781874	3.0
118766904	380781874	3.0
304575466	380781874	3.0
349882156	380781874	4.0
349882159	380781874	3.0
380627725	380781874	3.0
425616455	380781874	3.0
546937247	380781874	3.0
425616456	380781874	3.0
546946896	380781874	4.0
380818498	380781874	0.0
425627323	380781874	3.0
524506757	380781874	3.0
425627322	380781874	4.0
284530764	380781874	3.0
284622538	380781874	3.0
539549631	380781874	3.0
284629478	380781874	4.0
476966466	380781874	2.0
546937246	380781874	3.0
284625711	380781874	3.0
539557419	380781874	3.0
562015906	380781874	3.0
284532063	380781874	2.0
284532260	380781874	3.0
284622827	380781874	3.0
284530853	380781874	3.0
284531134	380781874	3.0
284532255	380781874	3.0
284532256	380781874	3.0
284488817	380781874	4.0
284528725	380781874	3.0
284531049	380781874	3.0
284616582	380781874	1.0
284526857	380781874	4.0
380781878	380781878	0
380781882	380781878	0.0
380781885	380781878	0.0
380782729	380781878	3.0
118766385	380781878	4.0
118766387	380781878	4.0
284701893	380781878	0.0
380781876	380781878	1.0
380781877	380781878	2.0
380781881	380781878	0.0
488756937	380781878	2.0
606572450	380781878	0.0
380781873	380781878	4.0
380781879	380781878	1.0
380781883	380781878	3.0
380781886	380781878	3.0
380782720	380781878	3.0
380782721	380781878	3.0
380782723	380781878	3.0
380782724	380781878	3.0
380782726	380781878	3.0
380782728	380781878	3.0
380782730	380781878	3.0
606575991	380781878	3.0
248596659	380781878	2.0
284622536	380781878	3.0
284623961	380781878	3.0
284532261	380781878	4.0
284622539	380781878	4.0
284529094	380781878	2.0
571485899	380781878	0.0
284822655	380781878	4.0
562605828	380781878	4.0
531084728	380781878	3.0
118766904	380781878	3.0
304575466	380781878	3.0
349882156	380781878	4.0
349882159	380781878	3.0
380627725	380781878	3.0
425616455	380781878	3.0
546937247	380781878	3.0
425616456	380781878	3.0
546946896	380781878	4.0
380818498	380781878	0.0
425627323	380781878	3.0
524506757	380781878	3.0
425627322	380781878	4.0
284530764	380781878	3.0
284622538	380781878	3.0
539549631	380781878	3.0
284629478	380781878	4.0
476966466	380781878	2.0
546937246	380781878	3.0
284625711	380781878	3.0
539557419	380781878	3.0
562015906	380781878	3.0
284532063	380781878	2.0
284532260	380781878	3.0
284622827	380781878	3.0
284530853	380781878	3.0
284531134	380781878	3.0
284532255	380781878	3.0
284532256	380781878	3.0
284488817	380781878	4.0
284528725	380781878	3.0
284531049	380781878	3.0
284616582	380781878	1.0
284526857	380781878	4.0
380781882	380781882	0
380781885	380781882	0.0
380782729	380781882	3.0
118766385	380781882	4.0
118766387	380781882	4.0
284701893	380781882	0.0
380781876	380781882	1.0
380781877	380781882	2.0
380781881	380781882	0.0
488756937	380781882	2.0
606572450	380781882	0.0
380781873	380781882	4.0
380781879	380781882	1.0
380781883	380781882	3.0
380781886	380781882	3.0
380782720	380781882	3.0
380782721	380781882	3.0
380782723	380781882	3.0
380782724	380781882	3.0
380782726	380781882	3.0
380782728	380781882	3.0
380782730	380781882	3.0
606575991	380781882	3.0
248596659	380781882	2.0
284622536	380781882	3.0
284623961	380781882	3.0
284532261	380781882	4.0
284622539	380781882	4.0
284529094	380781882	2.0
571485899	380781882	0.0
284822655	380781882	4.0
562605828	380781882	4.0
531084728	380781882	3.0
118766904	380781882	3.0
304575466	380781882	3.0
349882156	380781882	4.0
349882159	380781882	3.0
380627725	380781882	3.0
425616455	380781882	3.0
546937247	380781882	3.0
425616456	380781882	3.0
546946896	380781882	4.0
380818498	380781882	0.0
425627323	380781882	3.0
524506757	380781882	3.0
425627322	380781882	4.0
284530764	380781882	3.0
284622538	380781882	3.0
539549631	380781882	3.0
284629478	380781882	4.0
476966466	380781882	2.0
546937246	380781882	3.0
284625711	380781882	3.0
539557419	380781882	3.0
562015906	380781882	3.0
284532063	380781882	2.0
284532260	380781882	3.0
284622827	380781882	3.0
284530853	380781882	3.0
284531134	380781882	3.0
284532255	380781882	3.0
284532256	380781882	3.0
284488817	380781882	4.0
284528725	380781882	3.0
284531049	380781882	3.0
284616582	380781882	1.0
284526857	380781882	4.0
380781885	380781885	0
380782729	380781885	3.0
118766385	380781885	4.0
118766387	380781885	4.0
284701893	380781885	0.0
380781876	380781885	1.0
380781877	380781885	2.0
380781881	380781885	0.0
488756937	380781885	2.0
606572450	380781885	0.0
380781873	380781885	4.0
380781879	380781885	1.0
380781883	380781885	3.0
380781886	380781885	3.0
380782720	380781885	3.0
380782721	380781885	3.0
380782723	380781885	3.0
380782724	380781885	3.0
380782726	380781885	3.0
380782728	380781885	3.0
380782730	380781885	3.0
606575991	380781885	3.0
248596659	380781885	2.0
284622536	380781885	3.0
284623961	380781885	3.0
284532261	380781885	4.0
284622539	380781885	4.0
284529094	380781885	2.0
571485899	380781885	0.0
284822655	380781885	4.0
562605828	380781885	4.0
531084728	380781885	3.0
118766904	380781885	3.0
304575466	380781885	3.0
349882156	380781885	4.0
349882159	380781885	3.0
380627725	380781885	3.0
425616455	380781885	3.0
546937247	380781885	3.0
425616456	380781885	3.0
546946896	380781885	4.0
380818498	380781885	0.0
425627323	380781885	3.0
524506757	380781885	3.0
425627322	380781885	4.0
284530764	380781885	3.0
284622538	380781885	3.0
539549631	380781885	3.0
284629478	380781885	4.0
476966466	380781885	2.0
546937246	380781885	3.0
284625711	380781885	3.0
539557419	380781885	3.0
562015906	380781885	3.0
284532063	380781885	2.0
284532260	380781885	3.0
284622827	380781885	3.0
284530853	380781885	3.0
284531134	380781885	3.0
284532255	380781885	3.0
284532256	380781885	3.0
284488817	380781885	4.0
284528725	380781885	3.0
284531049	380781885	3.0
284616582	380781885	1.0
284526857	380781885	4.0
380782729	380782729	0
118766385	380782729	4.0
118766387	380782729	4.0
284701893	380782729	2.0
380781876	380782729	2.0
380781877	380782729	1.0
380781881	380782729	2.0
488756937	380782729	3.0
606572450	380782729	3.0
380781873	380782729	3.0
380781879	380782729	3.0
380781883	380782729	3.0
380781886	380782729	2.0
380782720	380782729	4.0
380782721	380782729	3.0
380782723	380782729	4.0
380782724	380782729	3.0
380782726	380782729	3.0
380782728	380782729	4.0
380782730	380782729	3.0
606575991	380782729	4.0
248596659	380782729	2.0
284622536	380782729	3.0
284623961	380782729	3.0
284532261	380782729	4.0
284622539	380782729	3.0
284529094	380782729	3.0
571485899	380782729	3.0
284822655	380782729	4.0
562605828	380782729	4.0
531084728	380782729	1.0
118766904	380782729	3.0
304575466	380782729	2.0
349882156	380782729	4.0
349882159	380782729	3.0
380627725	380782729	2.0
425616455	380782729	3.0
546937247	380782729	3.0
425616456	380782729	3.0
546946896	380782729	3.0
380818498	380782729	3.0
425627323	380782729	3.0
524506757	380782729	3.0
425627322	380782729	4.0
284530764	380782729	3.0
284622538	380782729	3.0
539549631	380782729	3.0
284629478	380782729	4.0
476966466	380782729	2.0
546937246	380782729	3.0
284625711	380782729	3.0
539557419	380782729	3.0
562015906	380782729	1.0
284532063	380782729	3.0
284532260	380782729	3.0
284622827	380782729	3.0
284530853	380782729	3.0
284531134	380782729	3.0
284532255	380782729	3.0
284532256	380782729	3.0
284488817	380782729	4.0
284528725	380782729	3.0
284531049	380782729	3.0
284616582	380782729	3.0
284526857	380782729	4.0
118766385	118766385	0
118766387	118766385	1.0
284701893	118766385	3.0
380781876	118766385	3.0
380781877	118766385	3.0
380781881	118766385	3.0
488756937	118766385	3.0
606572450	118766385	3.0
380781873	118766385	4.0
380781879	118766385	4.0
380781883	118766385	4.0
380781886	118766385	4.0
380782720	118766385	4.0
380782721	118766385	4.0
380782723	118766385	4.0
380782724	118766385	4.0
380782726	118766385	4.0
380782728	118766385	4.0
380782730	118766385	4.0
606575991	118766385	4.0
248596659	118766385	3.0
284622536	118766385	3.0
284623961	118766385	3.0
284532261	118766385	4.0
284622539	118766385	4.0
284529094	118766385	4.0
571485899	118766385	3.0
284822655	118766385	2.0
562605828	118766385	2.0
531084728	118766385	3.0
118766904	118766385	2.0
304575466	118766385	2.0
349882156	118766385	0.0
349882159	118766385	0.0
380627725	118766385	2.0
425616455	118766385	3.0
546937247	118766385	3.0
425616456	118766385	4.0
546946896	118766385	4.0
380818498	118766385	4.0
425627323	118766385	4.0
524506757	118766385	4.0
425627322	118766385	4.0
284530764	118766385	4.0
284622538	118766385	3.0
539549631	118766385	3.0
284629478	118766385	0.0
476966466	118766385	3.0
546937246	118766385	4.0
284625711	118766385	1.0
539557419	118766385	3.0
562015906	118766385	3.0
284532063	118766385	4.0
284532260	118766385	4.0
284622827	118766385	3.0
284530853	118766385	4.0
284531134	118766385	4.0
284532255	118766385	3.0
284532256	118766385	4.0
284488817	118766385	5.0
284528725	118766385	4.0
284531049	118766385	4.0
284616582	118766385	4.0
284526857	118766385	4.0
118766387	118766387	0
284701893	118766387	3.0
380781876	118766387	3.0
380781877	118766387	3.0
380781881	118766387	4.0
488756937	118766387	3.0
606572450	118766387	4.0
380781873	118766387	4.0
380781879	118766387	4.0
380781883	118766387	4.0
380781886	118766387	4.0
380782720	118766387	4.0
380782721	118766387	4.0
380782723	118766387	4.0
380782724	118766387	4.0
380782726	118766387	4.0
380782728	118766387	5.0
380782730	118766387	4.0
606575991	118766387	4.0
248596659	118766387	3.0
284622536	118766387	3.0
284623961	118766387	3.0
284532261	118766387	4.0
284622539	118766387	4.0
284529094	118766387	4.0
571485899	118766387	4.0
284822655	118766387	2.0
562605828	118766387	2.0
531084728	118766387	3.0
118766904	118766387	3.0
304575466	118766387	3.0
349882156	118766387	1.0
349882159	118766387	0.0
380627725	118766387	2.0
425616455	118766387	3.0
546937247	118766387	3.0
425616456	118766387	4.0
546946896	118766387	4.0
380818498	118766387	4.0
425627323	118766387	4.0
524506757	118766387	4.0
425627322	118766387	4.0
284530764	118766387	4.0
284622538	118766387	3.0
539549631	118766387	3.0
284629478	118766387	1.0
476966466	118766387	3.0
546937246	118766387	4.0
284625711	118766387	2.0
539557419	118766387	3.0
562015906	118766387	4.0
284532063	118766387	4.0
284532260	118766387	4.0
284622827	118766387	3.0
284530853	118766387	4.0
284531134	118766387	4.0
284532255	118766387	4.0
284532256	118766387	4.0
284488817	118766387	5.0
284528725	118766387	4.0
284531049	118766387	4.0
284616582	118766387	4.0
284526857	118766387	4.0
284701893	284701893	0
380781876	284701893	0.0
380781877	284701893	2.0
380781881	284701893	0.0
488756937	284701893	2.0
606572450	284701893	0.0
380781873	284701893	3.0
380781879	284701893	2.0
380781883	284701893	3.0
380781886	284701893	3.0
380782720	284701893	3.0
380782721	284701893	3.0
380782723	284701893	3.0
380782724	284701893	3.0
380782726	284701893	3.0
380782728	284701893	3.0
380782730	284701893	3.0
606575991	284701893	3.0
248596659	284701893	1.0
284622536	284701893	3.0
284623961	284701893	2.0
284532261	284701893	3.0
284622539	284701893	3.0
284529094	284701893	2.0
571485899	284701893	0.0
284822655	284701893	4.0
562605828	284701893	4.0
531084728	284701893	3.0
118766904	284701893	3.0
304575466	284701893	2.0
349882156	284701893	3.0
349882159	284701893	3.0
380627725	284701893	2.0
425616455	284701893	3.0
546937247	284701893	3.0
425616456	284701893	3.0
546946896	284701893	3.0
380818498	284701893	1.0
425627323	284701893	3.0
524506757	284701893	3.0
425627322	284701893	4.0
284530764	284701893	3.0
284622538	284701893	3.0
539549631	284701893	3.0
284629478	284701893	3.0
476966466	284701893	1.0
546937246	284701893	3.0
284625711	284701893	3.0
539557419	284701893	3.0
562015906	284701893	3.0
284532063	284701893	2.0
284532260	284701893	3.0
284622827	284701893	3.0
284530853	284701893	3.0
284531134	284701893	3.0
284532255	284701893	3.0
284532256	284701893	3.0
284488817	284701893	4.0
284528725	284701893	2.0
284531049	284701893	2.0
284616582	284701893	2.0
284526857	284701893	4.0
380781876	380781876	0
380781877	380781876	1.0
380781881	380781876	0.0
488756937	380781876	2.0
606572450	380781876	1.0
380781873	380781876	3.0
380781879	380781876	2.0
380781883	380781876	4.0
380781886	380781876	3.0
380782720	380781876	3.0
380782721	380781876	3.0
380782723	380781876	4.0
380782724	380781876	3.0
380782726	380781876	3.0
380782728	380781876	4.0
380782730	380781876	3.0
606575991	380781876	4.0
248596659	380781876	1.0
284622536	380781876	3.0
284623961	380781876	2.0
284532261	380781876	3.0
284622539	380781876	3.0
284529094	380781876	2.0
571485899	380781876	1.0
284822655	380781876	3.0
562605828	380781876	3.0
531084728	380781876	2.0
118766904	380781876	3.0
304575466	380781876	2.0
349882156	380781876	3.0
349882159	380781876	3.0
380627725	380781876	2.0
425616455	380781876	3.0
546937247	380781876	2.0
425616456	380781876	3.0
546946896	380781876	3.0
380818498	380781876	1.0
425627323	380781876	3.0
524506757	380781876	3.0
425627322	380781876	4.0
284530764	380781876	3.0
284622538	380781876	3.0
539549631	380781876	3.0
284629478	380781876	3.0
476966466	380781876	1.0
546937246	380781876	3.0
284625711	380781876	3.0
539557419	380781876	3.0
562015906	380781876	3.0
284532063	380781876	2.0
284532260	380781876	3.0
284622827	380781876	3.0
284530853	380781876	3.0
284531134	380781876	3.0
284532255	380781876	3.0
284532256	380781876	3.0
284488817	380781876	4.0
284528725	380781876	2.0
284531049	380781876	2.0
284616582	380781876	2.0
284526857	380781876	4.0
380781877	380781877	0
380781881	380781877	2.0
488756937	380781877	2.0
606572450	380781877	2.0
380781873	380781877	3.0
380781879	380781877	3.0
380781883	380781877	3.0
380781886	380781877	3.0
380782720	380781877	4.0
380782721	380781877	3.0
380782723	380781877	4.0
380782724	380781877	3.0
380782726	380781877	3.0
380782728	380781877	4.0
380782730	380781877	3.0
606575991	380781877	4.0
248596659	380781877	2.0
284622536	380781877	3.0
284623961	380781877	2.0
284532261	380781877	3.0
284622539	380781877	3.0
284529094	380781877	3.0
571485899	380781877	2.0
284822655	380781877	3.0
562605828	380781877	3.0
531084728	380781877	2.0
118766904	380781877	2.0
304575466	380781877	1.0
349882156	380781877	3.0
349882159	380781877	3.0
380627725	380781877	2.0
425616455	380781877	3.0
546937247	380781877	3.0
425616456	380781877	3.0
546946896	380781877	3.0
380818498	380781877	2.0
425627323	380781877	3.0
524506757	380781877	3.0
425627322	380781877	4.0
284530764	380781877	3.0
284622538	380781877	3.0
539549631	380781877	3.0
284629478	380781877	3.0
476966466	380781877	2.0
546937246	380781877	3.0
284625711	380781877	3.0
539557419	380781877	2.0
562015906	380781877	2.0
284532063	380781877	2.0
284532260	380781877	3.0
284622827	380781877	3.0
284530853	380781877	3.0
284531134	380781877	3.0
284532255	380781877	3.0
284532256	380781877	3.0
284488817	380781877	4.0
284528725	380781877	3.0
284531049	380781877	3.0
284616582	380781877	3.0
284526857	380781877	4.0
380781881	380781881	0
488756937	380781881	2.0
606572450	380781881	0.0
380781873	380781881	4.0
380781879	380781881	2.0
380781883	380781881	3.0
380781886	380781881	3.0
380782720	380781881	3.0
380782721	380781881	3.0
380782723	380781881	3.0
380782724	380781881	3.0
380782726	380781881	3.0
380782728	380781881	3.0
380782730	380781881	3.0
606575991	380781881	3.0
248596659	380781881	1.0
284622536	380781881	3.0
284623961	380781881	2.0
284532261	380781881	3.0
284622539	380781881	4.0
284529094	380781881	2.0
571485899	380781881	0.0
284822655	380781881	4.0
562605828	380781881	4.0
531084728	380781881	3.0
118766904	380781881	3.0
304575466	380781881	2.0
349882156	380781881	3.0
349882159	380781881	3.0
380627725	380781881	2.0
425616455	380781881	3.0
546937247	380781881	3.0
425616456	380781881	3.0
546946896	380781881	3.0
380818498	380781881	0.0
425627323	380781881	3.0
524506757	380781881	3.0
425627322	380781881	4.0
284530764	380781881	3.0
284622538	380781881	3.0
539549631	380781881	3.0
284629478	380781881	3.0
476966466	380781881	2.0
546937246	380781881	3.0
284625711	380781881	3.0
539557419	380781881	3.0
562015906	380781881	3.0
284532063	380781881	2.0
284532260	380781881	3.0
284622827	380781881	3.0
284530853	380781881	3.0
284531134	380781881	3.0
284532255	380781881	3.0
284532256	380781881	3.0
284488817	380781881	4.0
284528725	380781881	2.0
284531049	380781881	2.0
284616582	380781881	2.0
284526857	380781881	4.0
488756937	488756937	0
606572450	488756937	2.0
380781873	488756937	4.0
380781879	488756937	4.0
380781883	488756937	4.0
380781886	488756937	4.0
380782720	488756937	4.0
380782721	488756937	4.0
380782723	488756937	4.0
380782724	488756937	4.0
380782726	488756937	4.0
380782728	488756937	4.0
380782730	488756937	4.0
606575991	488756937	4.0
248596659	488756937	1.0
284622536	488756937	2.0
284623961	488756937	1.0
284532261	488756937	3.0
284622539	488756937	3.0
284529094	488756937	3.0
571485899	488756937	2.0
284822655	488756937	3.0
562605828	488756937	3.0
531084728	488756937	3.0
118766904	488756937	2.0
304575466	488756937	2.0
349882156	488756937	3.0
349882159	488756937	3.0
380627725	488756937	2.0
425616455	488756937	2.0
546937247	488756937	2.0
425616456	488756937	3.0
546946896	488756937	3.0
380818498	488756937	3.0
425627323	488756937	3.0
524506757	488756937	3.0
425627322	488756937	4.0
284530764	488756937	2.0
284622538	488756937	2.0
539549631	488756937	2.0
284629478	488756937	3.0
476966466	488756937	1.0
546937246	488756937	2.0
284625711	488756937	3.0
539557419	488756937	1.0
562015906	488756937	3.0
284532063	488756937	3.0
284532260	488756937	2.0
284622827	488756937	2.0
284530853	488756937	3.0
284531134	488756937	3.0
284532255	488756937	2.0
284532256	488756937	3.0
284488817	488756937	4.0
284528725	488756937	3.0
284531049	488756937	3.0
284616582	488756937	3.0
284526857	488756937	4.0
606572450	606572450	0
380781873	606572450	4.0
380781879	606572450	2.0
380781883	606572450	3.0
380781886	606572450	3.0
380782720	606572450	3.0
380782721	606572450	3.0
380782723	606572450	3.0
380782724	606572450	3.0
380782726	606572450	3.0
380782728	606572450	3.0
380782730	606572450	3.0
606575991	606572450	3.0
248596659	606572450	2.0
284622536	606572450	3.0
284623961	606572450	2.0
284532261	606572450	3.0
284622539	606572450	4.0
284529094	606572450	2.0
571485899	606572450	0.0
284822655	606572450	4.0
562605828	606572450	4.0
531084728	606572450	3.0
118766904	606572450	3.0
304575466	606572450	2.0
349882156	606572450	3.0
349882159	606572450	3.0
380627725	606572450	3.0
425616455	606572450	3.0
546937247	606572450	3.0
425616456	606572450	3.0
546946896	606572450	3.0
380818498	606572450	0.0
425627323	606572450	3.0
524506757	606572450	3.0
425627322	606572450	4.0
284530764	606572450	3.0
284622538	606572450	3.0
539549631	606572450	3.0
284629478	606572450	4.0
476966466	606572450	2.0
546937246	606572450	3.0
284625711	606572450	3.0
539557419	606572450	3.0
562015906	606572450	3.0
284532063	606572450	2.0
284532260	606572450	3.0
284622827	606572450	3.0
284530853	606572450	3.0
284531134	606572450	3.0
284532255	606572450	3.0
284532256	606572450	3.0
284488817	606572450	4.0
284528725	606572450	2.0
284531049	606572450	2.0
284616582	606572450	2.0
284526857	606572450	4.0
380781873	380781873	0
380781879	380781873	3.0
380781883	380781873	1.0
380781886	380781873	1.0
380782720	380781873	3.0
380782721	380781873	2.0
380782723	380781873	3.0
380782724	380781873	2.0
380782726	380781873	2.0
380782728	380781873	3.0
380782730	380781873	2.0
606575991	380781873	3.0
248596659	380781873	3.0
284622536	380781873	4.0
284623961	380781873	4.0
284532261	380781873	4.0
284622539	380781873	4.0
284529094	380781873	4.0
571485899	380781873	4.0
284822655	380781873	4.0
562605828	380781873	4.0
531084728	380781873	2.0
118766904	380781873	4.0
304575466	380781873	3.0
349882156	380781873	4.0
349882159	380781873	4.0
380627725	380781873	3.0
425616455	380781873	4.0
546937247	380781873	4.0
425616456	380781873	4.0
546946896	380781873	4.0
380818498	380781873	4.0
425627323	380781873	4.0
524506757	380781873	4.0
425627322	380781873	5.0
284530764	380781873	4.0
284622538	380781873	4.0
539549631	380781873	4.0
284629478	380781873	4.0
476966466	380781873	3.0
546937246	380781873	4.0
284625711	380781873	4.0
539557419	380781873	4.0
562015906	380781873	2.0
284532063	380781873	4.0
284532260	380781873	4.0
284622827	380781873	4.0
284530853	380781873	4.0
284531134	380781873	4.0
284532255	380781873	4.0
284532256	380781873	4.0
284488817	380781873	3.0
284528725	380781873	4.0
284531049	380781873	4.0
284616582	380781873	3.0
284526857	380781873	5.0
380781879	380781879	0
380781883	380781879	3.0
380781886	380781879	3.0
380782720	380781879	3.0
380782721	380781879	2.0
380782723	380781879	2.0
380782724	380781879	2.0
380782726	380781879	2.0
380782728	380781879	3.0
380782730	380781879	2.0
606575991	380781879	2.0
248596659	380781879	3.0
284622536	380781879	3.0
284623961	380781879	3.0
284532261	380781879	4.0
284622539	380781879	4.0
284529094	380781879	2.0
571485899	380781879	2.0
284822655	380781879	4.0
562605828	380781879	4.0
531084728	380781879	3.0
118766904	380781879	3.0
304575466	380781879	3.0
349882156	380781879	4.0
349882159	380781879	4.0
380627725	380781879	3.0
425616455	380781879	3.0
546937247	380781879	3.0
425616456	380781879	4.0
546946896	380781879	4.0
380818498	380781879	1.0
425627323	380781879	3.0
524506757	380781879	3.0
425627322	380781879	4.0
284530764	380781879	3.0
284622538	380781879	4.0
539549631	380781879	3.0
284629478	380781879	4.0
476966466	380781879	3.0
546937246	380781879	3.0
284625711	380781879	4.0
539557419	380781879	3.0
562015906	380781879	3.0
284532063	380781879	3.0
284532260	380781879	4.0
284622827	380781879	4.0
284530853	380781879	3.0
284531134	380781879	3.0
284532255	380781879	3.0
284532256	380781879	4.0
284488817	380781879	3.0
284528725	380781879	3.0
284531049	380781879	3.0
284616582	380781879	2.0
284526857	380781879	4.0
380781883	380781883	0
380781886	380781883	2.0
380782720	380781883	2.0
380782721	380781883	0.0
380782723	380781883	2.0
380782724	380781883	0.0
380782726	380781883	0.0
380782728	380781883	2.0
380782730	380781883	0.0
606575991	380781883	2.0
248596659	380781883	4.0
284622536	380781883	4.0
284623961	380781883	4.0
284532261	380781883	4.0
284622539	380781883	4.0
284529094	380781883	3.0
571485899	380781883	3.0
284822655	380781883	4.0
562605828	380781883	4.0
531084728	380781883	3.0
118766904	380781883	4.0
304575466	380781883	4.0
349882156	380781883	4.0
349882159	380781883	4.0
380627725	380781883	4.0
425616455	380781883	4.0
546937247	380781883	4.0
425616456	380781883	4.0
546946896	380781883	4.0
380818498	380781883	3.0
425627323	380781883	4.0
524506757	380781883	4.0
425627322	380781883	5.0
284530764	380781883	4.0
284622538	380781883	4.0
539549631	380781883	4.0
284629478	380781883	4.0
476966466	380781883	4.0
546937246	380781883	4.0
284625711	380781883	4.0
539557419	380781883	4.0
562015906	380781883	3.0
284532063	380781883	3.0
284532260	380781883	4.0
284622827	380781883	4.0
284530853	380781883	4.0
284531134	380781883	4.0
284532255	380781883	4.0
284532256	380781883	4.0
284488817	380781883	3.0
284528725	380781883	3.0
284531049	380781883	4.0
284616582	380781883	3.0
284526857	380781883	5.0
380781886	380781886	0
380782720	380781886	3.0
380782721	380781886	3.0
380782723	380781886	3.0
380782724	380781886	3.0
380782726	380781886	3.0
380782728	380781886	3.0
380782730	380781886	3.0
606575991	380781886	3.0
248596659	380781886	3.0
284622536	380781886	4.0
284623961	380781886	3.0
284532261	380781886	4.0
284622539	380781886	4.0
284529094	380781886	4.0
571485899	380781886	3.0
284822655	380781886	4.0
562605828	380781886	4.0
531084728	380781886	2.0
118766904	380781886	4.0
304575466	380781886	3.0
349882156	380781886	4.0
349882159	380781886	4.0
380627725	380781886	3.0
425616455	380781886	4.0
546937247	380781886	4.0
425616456	380781886	4.0
546946896	380781886	4.0
380818498	380781886	4.0
425627323	380781886	4.0
524506757	380781886	4.0
425627322	380781886	5.0
284530764	380781886	4.0
284622538	380781886	4.0
539549631	380781886	4.0
284629478	380781886	4.0
476966466	380781886	3.0
546937246	380781886	4.0
284625711	380781886	4.0
539557419	380781886	3.0
562015906	380781886	2.0
284532063	380781886	3.0
284532260	380781886	4.0
284622827	380781886	4.0
284530853	380781886	4.0
284531134	380781886	4.0
284532255	380781886	4.0
284532256	380781886	4.0
284488817	380781886	3.0
284528725	380781886	4.0
284531049	380781886	4.0
284616582	380781886	4.0
284526857	380781886	5.0
380782720	380782720	0
380782721	380782720	1.0
380782723	380782720	0.0
380782724	380782720	1.0
380782726	380782720	1.0
380782728	380782720	0.0
380782730	380782720	1.0
606575991	380782720	0.0
248596659	380782720	4.0
284622536	380782720	4.0
284623961	380782720	4.0
284532261	380782720	4.0
284622539	380782720	4.0
284529094	380782720	3.0
571485899	380782720	3.0
284822655	380782720	4.0
562605828	380782720	4.0
531084728	380782720	3.0
118766904	380782720	4.0
304575466	380782720	4.0
349882156	380782720	4.0
349882159	380782720	4.0
380627725	380782720	4.0
425616455	380782720	4.0
546937247	380782720	4.0
425616456	380782720	4.0
546946896	380782720	4.0
380818498	380782720	3.0
425627323	380782720	4.0
524506757	380782720	4.0
425627322	380782720	5.0
284530764	380782720	4.0
284622538	380782720	4.0
539549631	380782720	4.0
284629478	380782720	4.0
476966466	380782720	4.0
546937246	380782720	4.0
284625711	380782720	4.0
539557419	380782720	4.0
562015906	380782720	3.0
284532063	380782720	3.0
284532260	380782720	4.0
284622827	380782720	4.0
284530853	380782720	4.0
284531134	380782720	4.0
284532255	380782720	4.0
284532256	380782720	4.0
284488817	380782720	3.0
284528725	380782720	3.0
284531049	380782720	4.0
284616582	380782720	3.0
284526857	380782720	5.0
380782721	380782721	0
380782723	380782721	2.0
380782724	380782721	0.0
380782726	380782721	0.0
380782728	380782721	1.0
380782730	380782721	0.0
606575991	380782721	2.0
248596659	380782721	4.0
284622536	380782721	4.0
284623961	380782721	4.0
284532261	380782721	4.0
284622539	380782721	4.0
284529094	380782721	3.0
571485899	380782721	3.0
284822655	380782721	4.0
562605828	380782721	4.0
531084728	380782721	3.0
118766904	380782721	4.0
304575466	380782721	4.0
349882156	380782721	4.0
349882159	380782721	4.0
380627725	380782721	4.0
425616455	380782721	4.0
546937247	380782721	4.0
425616456	380782721	4.0
546946896	380782721	4.0
380818498	380782721	3.0
425627323	380782721	4.0
524506757	380782721	4.0
425627322	380782721	5.0
284530764	380782721	4.0
284622538	380782721	4.0
539549631	380782721	4.0
284629478	380782721	4.0
476966466	380782721	4.0
546937246	380782721	4.0
284625711	380782721	4.0
539557419	380782721	4.0
562015906	380782721	3.0
284532063	380782721	3.0
284532260	380782721	4.0
284622827	380782721	4.0
284530853	380782721	4.0
284531134	380782721	4.0
284532255	380782721	4.0
284532256	380782721	4.0
284488817	380782721	2.0
284528725	380782721	3.0
284531049	380782721	3.0
284616582	380782721	3.0
284526857	380782721	5.0
380782723	380782723	0
380782724	380782723	2.0
380782726	380782723	2.0
380782728	380782723	0.0
380782730	380782723	2.0
606575991	380782723	0.0
248596659	380782723	4.0
284622536	380782723	4.0
284623961	380782723	4.0
284532261	380782723	4.0
284622539	380782723	4.0
284529094	380782723	3.0
571485899	380782723	3.0
284822655	380782723	4.0
562605828	380782723	4.0
531084728	380782723	4.0
118766904	380782723	4.0
304575466	380782723	4.0
349882156	380782723	4.0
349882159	380782723	4.0
380627725	380782723	4.0
425616455	380782723	4.0
546937247	380782723	4.0
425616456	380782723	4.0
546946896	380782723	4.0
380818498	380782723	3.0
425627323	380782723	4.0
524506757	380782723	4.0
425627322	380782723	5.0
284530764	380782723	4.0
284622538	380782723	4.0
539549631	380782723	4.0
284629478	380782723	4.0
476966466	380782723	4.0
546937246	380782723	4.0
284625711	380782723	4.0
539557419	380782723	4.0
562015906	380782723	3.0
284532063	380782723	3.0
284532260	380782723	4.0
284622827	380782723	4.0
284530853	380782723	4.0
284531134	380782723	4.0
284532255	380782723	4.0
284532256	380782723	4.0
284488817	380782723	3.0
284528725	380782723	3.0
284531049	380782723	3.0
284616582	380782723	3.0
284526857	380782723	5.0
380782724	380782724	0
380782726	380782724	0.0
380782728	380782724	1.0
380782730	380782724	0.0
606575991	380782724	2.0
248596659	380782724	4.0
284622536	380782724	4.0
284623961	380782724	4.0
284532261	380782724	4.0
284622539	380782724	4.0
284529094	380782724	3.0
571485899	380782724	3.0
284822655	380782724	4.0
562605828	380782724	4.0
531084728	380782724	3.0
118766904	380782724	4.0
304575466	380782724	4.0
349882156	380782724	4.0
349882159	380782724	4.0
380627725	380782724	4.0
425616455	380782724	4.0
546937247	380782724	4.0
425616456	380782724	4.0
546946896	380782724	4.0
380818498	380782724	3.0
425627323	380782724	4.0
524506757	380782724	4.0
425627322	380782724	5.0
284530764	380782724	4.0
284622538	380782724	4.0
539549631	380782724	4.0
284629478	380782724	4.0
476966466	380782724	4.0
546937246	380782724	4.0
284625711	380782724	4.0
539557419	380782724	4.0
562015906	380782724	3.0
284532063	380782724	3.0
284532260	380782724	4.0
284622827	380782724	4.0
284530853	380782724	4.0
284531134	380782724	4.0
284532255	380782724	4.0
284532256	380782724	4.0
284488817	380782724	2.0
284528725	380782724	3.0
284531049	380782724	3.0
284616582	380782724	3.0
284526857	380782724	5.0
380782726	380782726	0
380782728	380782726	1.0
380782730	380782726	0.0
606575991	380782726	2.0
248596659	380782726	4.0
284622536	380782726	4.0
284623961	380782726	4.0
284532261	380782726	4.0
284622539	380782726	4.0
284529094	380782726	3.0
571485899	380782726	3.0
284822655	380782726	4.0
562605828	380782726	4.0
531084728	380782726	3.0
118766904	380782726	4.0
304575466	380782726	4.0
349882156	380782726	4.0
349882159	380782726	4.0
380627725	380782726	4.0
425616455	380782726	4.0
546937247	380782726	4.0
425616456	380782726	4.0
546946896	380782726	4.0
380818498	380782726	3.0
425627323	380782726	4.0
524506757	380782726	4.0
425627322	380782726	5.0
284530764	380782726	4.0
284622538	380782726	4.0
539549631	380782726	4.0
284629478	380782726	4.0
476966466	380782726	4.0
546937246	380782726	4.0
284625711	380782726	4.0
539557419	380782726	4.0
562015906	380782726	3.0
284532063	380782726	3.0
284532260	380782726	4.0
284622827	380782726	4.0
284530853	380782726	4.0
284531134	380782726	4.0
284532255	380782726	4.0
284532256	380782726	4.0
284488817	380782726	2.0
284528725	380782726	3.0
284531049	380782726	3.0
284616582	380782726	3.0
284526857	380782726	5.0
380782728	380782728	0
380782730	380782728	1.0
606575991	380782728	0.0
248596659	380782728	4.0
284622536	380782728	4.0
284623961	380782728	4.0
284532261	380782728	4.0
284622539	380782728	4.0
284529094	380782728	3.0
571485899	380782728	3.0
284822655	380782728	4.0
562605828	380782728	4.0
531084728	380782728	3.0
118766904	380782728	4.0
304575466	380782728	4.0
349882156	380782728	4.0
349882159	380782728	4.0
380627725	380782728	4.0
425616455	380782728	4.0
546937247	380782728	4.0
425616456	380782728	4.0
546946896	380782728	4.0
380818498	380782728	3.0
425627323	380782728	4.0
524506757	380782728	4.0
425627322	380782728	5.0
284530764	380782728	4.0
284622538	380782728	4.0
539549631	380782728	4.0
284629478	380782728	5.0
476966466	380782728	4.0
546937246	380782728	4.0
284625711	380782728	4.0
539557419	380782728	4.0
562015906	380782728	3.0
284532063	380782728	3.0
284532260	380782728	4.0
284622827	380782728	4.0
284530853	380782728	4.0
284531134	380782728	4.0
284532255	380782728	4.0
284532256	380782728	4.0
284488817	380782728	3.0
284528725	380782728	3.0
284531049	380782728	4.0
284616582	380782728	3.0
284526857	380782728	5.0
380782730	380782730	0
606575991	380782730	2.0
248596659	380782730	4.0
284622536	380782730	4.0
284623961	380782730	4.0
284532261	380782730	4.0
284622539	380782730	4.0
284529094	380782730	3.0
571485899	380782730	3.0
284822655	380782730	4.0
562605828	380782730	4.0
531084728	380782730	3.0
118766904	380782730	4.0
304575466	380782730	4.0
349882156	380782730	4.0
349882159	380782730	4.0
380627725	380782730	4.0
425616455	380782730	4.0
546937247	380782730	4.0
425616456	380782730	4.0
546946896	380782730	4.0
380818498	380782730	3.0
425627323	380782730	4.0
524506757	380782730	4.0
425627322	380782730	5.0
284530764	380782730	4.0
284622538	380782730	4.0
539549631	380782730	4.0
284629478	380782730	4.0
476966466	380782730	4.0
546937246	380782730	4.0
284625711	380782730	4.0
539557419	380782730	4.0
562015906	380782730	3.0
284532063	380782730	3.0
284532260	380782730	4.0
284622827	380782730	4.0
284530853	380782730	4.0
284531134	380782730	4.0
284532255	380782730	4.0
284532256	380782730	4.0
284488817	380782730	2.0
284528725	380782730	3.0
284531049	380782730	3.0
284616582	380782730	3.0
284526857	380782730	5.0
606575991	606575991	0
248596659	606575991	4.0
284622536	606575991	4.0
284623961	606575991	4.0
284532261	606575991	4.0
284622539	606575991	4.0
284529094	606575991	3.0
571485899	606575991	3.0
284822655	606575991	4.0
562605828	606575991	4.0
531084728	606575991	3.0
118766904	606575991	4.0
304575466	606575991	4.0
349882156	606575991	4.0
349882159	606575991	4.0
380627725	606575991	4.0
425616455	606575991	4.0
546937247	606575991	4.0
425616456	606575991	4.0
546946896	606575991	4.0
380818498	606575991	3.0
425627323	606575991	4.0
524506757	606575991	4.0
425627322	606575991	5.0
284530764	606575991	4.0
284622538	606575991	4.0
539549631	606575991	4.0
284629478	606575991	4.0
476966466	606575991	4.0
546937246	606575991	4.0
284625711	606575991	4.0
539557419	606575991	4.0
562015906	606575991	3.0
284532063	606575991	3.0
284532260	606575991	4.0
284622827	606575991	4.0
284530853	606575991	4.0
284531134	606575991	4.0
284532255	606575991	4.0
284532256	606575991	4.0
284488817	606575991	3.0
284528725	606575991	3.0
284531049	606575991	4.0
284616582	606575991	3.0
284526857	606575991	5.0
248596659	248596659	0
284622536	248596659	3.0
284623961	248596659	2.0
284532261	248596659	3.0
284622539	248596659	3.0
284529094	248596659	3.0
571485899	248596659	2.0
284822655	248596659	3.0
562605828	248596659	3.0
531084728	248596659	3.0
118766904	248596659	2.0
304575466	248596659	2.0
349882156	248596659	3.0
349882159	248596659	3.0
380627725	248596659	2.0
425616455	248596659	2.0
546937247	248596659	3.0
425616456	248596659	3.0
546946896	248596659	3.0
380818498	248596659	2.0
425627323	248596659	3.0
524506757	248596659	3.0
425627322	248596659	4.0
284530764	248596659	3.0
284622538	248596659	3.0
539549631	248596659	3.0
284629478	248596659	3.0
476966466	248596659	0.0
546937246	248596659	3.0
284625711	248596659	3.0
539557419	248596659	2.0
562015906	248596659	3.0
284532063	248596659	2.0
284532260	248596659	3.0
284622827	248596659	3.0
284530853	248596659	3.0
284531134	248596659	3.0
284532255	248596659	3.0
284532256	248596659	3.0
284488817	248596659	4.0
284528725	248596659	3.0
284531049	248596659	3.0
284616582	248596659	3.0
284526857	248596659	4.0
284622536	284622536	0
284623961	284622536	2.0
284532261	284622536	2.0
284622539	284622536	1.0
284529094	284622536	3.0
571485899	284622536	3.0
284822655	284622536	3.0
562605828	284622536	3.0
531084728	284622536	3.0
118766904	284622536	3.0
304575466	284622536	3.0
349882156	284622536	3.0
349882159	284622536	3.0
380627725	284622536	3.0
425616455	284622536	1.0
546937247	284622536	2.0
425616456	284622536	2.0
546946896	284622536	1.0
380818498	284622536	3.0
425627323	284622536	3.0
524506757	284622536	3.0
425627322	284622536	3.0
284530764	284622536	2.0
284622538	284622536	1.0
539549631	284622536	0.0
284629478	284622536	3.0
476966466	284622536	3.0
546937246	284622536	1.0
284625711	284622536	3.0
539557419	284622536	2.0
562015906	284622536	3.0
284532063	284622536	3.0
284532260	284622536	2.0
284622827	284622536	1.0
284530853	284622536	3.0
284531134	284622536	3.0
284532255	284622536	2.0
284532256	284622536	1.0
284488817	284622536	4.0
284528725	284622536	3.0
284531049	284622536	3.0
284616582	284622536	3.0
284526857	284622536	3.0
284623961	284623961	0
284532261	284623961	3.0
284622539	284623961	3.0
284529094	284623961	3.0
571485899	284623961	2.0
284822655	284623961	3.0
562605828	284623961	3.0
531084728	284623961	3.0
118766904	284623961	2.0
304575466	284623961	2.0
349882156	284623961	3.0
349882159	284623961	3.0
380627725	284623961	2.0
425616455	284623961	1.0
546937247	284623961	1.0
425616456	284623961	2.0
546946896	284623961	2.0
380818498	284623961	3.0
425627323	284623961	3.0
524506757	284623961	3.0
425627322	284623961	4.0
284530764	284623961	2.0
284622538	284623961	2.0
539549631	284623961	2.0
284629478	284623961	3.0
476966466	284623961	2.0
546937246	284623961	1.0
284625711	284623961	2.0
539557419	284623961	1.0
562015906	284623961	3.0
284532063	284623961	2.0
284532260	284623961	2.0
284622827	284623961	2.0
284530853	284623961	3.0
284531134	284623961	3.0
284532255	284623961	2.0
284532256	284623961	2.0
284488817	284623961	4.0
284528725	284623961	3.0
284531049	284623961	3.0
284616582	284623961	3.0
284526857	284623961	4.0
284532261	284532261	0
284622539	284532261	1.0
284529094	284532261	3.0
571485899	284532261	3.0
284822655	284532261	3.0
562605828	284532261	3.0
531084728	284532261	4.0
118766904	284532261	3.0
304575466	284532261	3.0
349882156	284532261	4.0
349882159	284532261	4.0
380627725	284532261	3.0
425616455	284532261	2.0
546937247	284532261	2.0
425616456	284532261	0.0
546946896	284532261	2.0
380818498	284532261	4.0
425627323	284532261	3.0
524506757	284532261	3.0
425627322	284532261	3.0
284530764	284532261	1.0
284622538	284532261	2.0
539549631	284532261	2.0
284629478	284532261	4.0
476966466	284532261	3.0
546937246	284532261	2.0
284625711	284532261	3.0
539557419	284532261	2.0
562015906	284532261	4.0
284532063	284532261	3.0
284532260	284532261	1.0
284622827	284532261	1.0
284530853	284532261	3.0
284531134	284532261	3.0
284532255	284532261	1.0
284532256	284532261	1.0
284488817	284532261	4.0
284528725	284532261	3.0
284531049	284532261	2.0
284616582	284532261	3.0
284526857	284532261	3.0
284622539	284622539	0
284529094	284622539	4.0
571485899	284622539	4.0
284822655	284622539	3.0
562605828	284622539	3.0
531084728	284622539	4.0
118766904	284622539	3.0
304575466	284622539	3.0
349882156	284622539	4.0
349882159	284622539	4.0
380627725	284622539	3.0
425616455	284622539	2.0
546937247	284622539	2.0
425616456	284622539	1.0
546946896	284622539	0.0
380818498	284622539	4.0
425627323	284622539	3.0
524506757	284622539	3.0
425627322	284622539	3.0
284530764	284622539	2.0
284622538	284622539	1.0
539549631	284622539	2.0
284629478	284622539	4.0
476966466	284622539	3.0
546937246	284622539	2.0
284625711	284622539	3.0
539557419	284622539	3.0
562015906	284622539	4.0
284532063	284622539	3.0
284532260	284622539	2.0
284622827	284622539	2.0
284530853	284622539	3.0
284531134	284622539	3.0
284532255	284622539	2.0
284532256	284622539	2.0
284488817	284622539	5.0
284528725	284622539	4.0
284531049	284622539	3.0
284616582	284622539	3.0
284526857	284622539	3.0
284529094	284529094	0
571485899	284529094	2.0
284822655	284529094	4.0
562605828	284529094	4.0
531084728	284529094	3.0
118766904	284529094	3.0
304575466	284529094	3.0
349882156	284529094	4.0
349882159	284529094	4.0
380627725	284529094	3.0
425616455	284529094	3.0
546937247	284529094	3.0
425616456	284529094	3.0
546946896	284529094	3.0
380818498	284529094	2.0
425627323	284529094	2.0
524506757	284529094	2.0
425627322	284529094	4.0
284530764	284529094	3.0
284622538	284529094	3.0
539549631	284529094	3.0
284629478	284529094	4.0
476966466	284529094	3.0
546937246	284529094	3.0
284625711	284529094	4.0
539557419	284529094	3.0
562015906	284529094	3.0
284532063	284529094	2.0
284532260	284529094	3.0
284622827	284529094	3.0
284530853	284529094	3.0
284531134	284529094	2.0
284532255	284529094	3.0
284532256	284529094	3.0
284488817	284529094	4.0
284528725	284529094	0.0
284531049	284529094	2.0
284616582	284529094	1.0
284526857	284529094	4.0
571485899	571485899	0
284822655	571485899	4.0
562605828	571485899	4.0
531084728	571485899	3.0
118766904	571485899	3.0
304575466	571485899	2.0
349882156	571485899	3.0
349882159	571485899	3.0
380627725	571485899	3.0
425616455	571485899	3.0
546937247	571485899	3.0
425616456	571485899	3.0
546946896	571485899	3.0
380818498	571485899	0.0
425627323	571485899	3.0
524506757	571485899	3.0
425627322	571485899	4.0
284530764	571485899	3.0
284622538	571485899	3.0
539549631	571485899	3.0
284629478	571485899	4.0
476966466	571485899	2.0
546937246	571485899	3.0
284625711	571485899	3.0
539557419	571485899	3.0
562015906	571485899	3.0
284532063	571485899	2.0
284532260	571485899	3.0
284622827	571485899	3.0
284530853	571485899	3.0
284531134	571485899	3.0
284532255	571485899	3.0
284532256	571485899	3.0
284488817	571485899	4.0
284528725	571485899	2.0
284531049	571485899	3.0
284616582	571485899	2.0
284526857	571485899	4.0
284822655	284822655	0
562605828	284822655	0.0
531084728	284822655	4.0
118766904	284822655	3.0
304575466	284822655	3.0
349882156	284822655	2.0
349882159	284822655	2.0
380627725	284822655	3.0
425616455	284822655	3.0
546937247	284822655	3.0
425616456	284822655	3.0
546946896	284822655	3.0
380818498	284822655	4.0
425627323	284822655	4.0
524506757	284822655	4.0
425627322	284822655	4.0
284530764	284822655	3.0
284622538	284822655	3.0
539549631	284822655	3.0
284629478	284822655	2.0
476966466	284822655	3.0
546937246	284822655	3.0
284625711	284822655	2.0
539557419	284822655	3.0
562015906	284822655	4.0
284532063	284822655	4.0
284532260	284822655	3.0
284622827	284822655	3.0
284530853	284822655	4.0
284531134	284822655	4.0
284532255	284822655	3.0
284532256	284822655	3.0
284488817	284822655	5.0
284528725	284822655	4.0
284531049	284822655	4.0
284616582	284822655	4.0
284526857	284822655	4.0
562605828	562605828	0
531084728	562605828	3.0
118766904	562605828	3.0
304575466	562605828	3.0
349882156	562605828	2.0
349882159	562605828	2.0
380627725	562605828	3.0
425616455	562605828	3.0
546937247	562605828	3.0
425616456	562605828	3.0
546946896	562605828	3.0
380818498	562605828	4.0
425627323	562605828	4.0
524506757	562605828	4.0
425627322	562605828	4.0
284530764	562605828	3.0
284622538	562605828	3.0
539549631	562605828	3.0
284629478	562605828	2.0
476966466	562605828	3.0
546937246	562605828	3.0
284625711	562605828	2.0
539557419	562605828	2.0
562015906	562605828	4.0
284532063	562605828	4.0
284532260	562605828	3.0
284622827	562605828	3.0
284530853	562605828	4.0
284531134	562605828	4.0
284532255	562605828	3.0
284532256	562605828	3.0
284488817	562605828	5.0
284528725	562605828	4.0
284531049	562605828	4.0
284616582	562605828	4.0
284526857	562605828	4.0
531084728	531084728	0
118766904	531084728	3.0
304575466	531084728	2.0
349882156	531084728	3.0
349882159	531084728	3.0
380627725	531084728	3.0
425616455	531084728	3.0
546937247	531084728	3.0
425616456	531084728	4.0
546946896	531084728	3.0
380818498	531084728	3.0
425627323	531084728	4.0
524506757	531084728	3.0
425627322	531084728	4.0
284530764	531084728	3.0
284622538	531084728	3.0
539549631	531084728	3.0
284629478	531084728	3.0
476966466	531084728	3.0
546937246	531084728	3.0
284625711	531084728	3.0
539557419	531084728	3.0
562015906	531084728	0.0
284532063	531084728	3.0
284532260	531084728	4.0
284622827	531084728	3.0
284530853	531084728	4.0
284531134	531084728	3.0
284532255	531084728	3.0
284532256	531084728	4.0
284488817	531084728	4.0
284528725	531084728	3.0
284531049	531084728	3.0
284616582	531084728	3.0
284526857	531084728	4.0
118766904	118766904	0
304575466	118766904	1.0
349882156	118766904	2.0
349882159	118766904	2.0
380627725	118766904	1.0
425616455	118766904	3.0
546937247	118766904	3.0
425616456	118766904	3.0
546946896	118766904	3.0
380818498	118766904	3.0
425627323	118766904	4.0
524506757	118766904	4.0
425627322	118766904	4.0
284530764	118766904	3.0
284622538	118766904	3.0
539549631	118766904	3.0
284629478	118766904	2.0
476966466	118766904	2.0
546937246	118766904	3.0
284625711	118766904	1.0
539557419	118766904	3.0
562015906	118766904	3.0
284532063	118766904	3.0
284532260	118766904	3.0
284622827	118766904	3.0
284530853	118766904	4.0
284531134	118766904	4.0
284532255	118766904	3.0
284532256	118766904	3.0
284488817	118766904	4.0
284528725	118766904	3.0
284531049	118766904	3.0
284616582	118766904	3.0
284526857	118766904	4.0
304575466	304575466	0
349882156	304575466	2.0
349882159	304575466	2.0
380627725	304575466	0.0
425616455	304575466	2.0
546937247	304575466	3.0
425616456	304575466	3.0
546946896	304575466	3.0
380818498	304575466	3.0
425627323	304575466	3.0
524506757	304575466	3.0
425627322	304575466	4.0
284530764	304575466	3.0
284622538	304575466	3.0
539549631	304575466	3.0
284629478	304575466	3.0
476966466	304575466	2.0
546937246	304575466	3.0
284625711	304575466	2.0
539557419	304575466	2.0
562015906	304575466	3.0
284532063	304575466	3.0
284532260	304575466	3.0
284622827	304575466	3.0
284530853	304575466	4.0
284531134	304575466	3.0
284532255	304575466	3.0
284532256	304575466	3.0
284488817	304575466	4.0
284528725	304575466	3.0
284531049	304575466	3.0
284616582	304575466	3.0
284526857	304575466	4.0
349882156	349882156	0
349882159	349882156	0.0
380627725	349882156	2.0
425616455	349882156	3.0
546937247	349882156	3.0
425616456	349882156	4.0
546946896	349882156	4.0
380818498	349882156	4.0
425627323	349882156	4.0
524506757	349882156	4.0
425627322	349882156	4.0
284530764	349882156	4.0
284622538	349882156	3.0
539549631	349882156	3.0
284629478	349882156	0.0
476966466	349882156	3.0
546937246	349882156	4.0
284625711	349882156	1.0
539557419	349882156	3.0
562015906	349882156	3.0
284532063	349882156	4.0
284532260	349882156	4.0
284622827	349882156	3.0
284530853	349882156	4.0
284531134	349882156	4.0
284532255	349882156	3.0
284532256	349882156	4.0
284488817	349882156	5.0
284528725	349882156	4.0
284531049	349882156	4.0
284616582	349882156	4.0
284526857	349882156	4.0
349882159	349882159	0
380627725	349882159	2.0
425616455	349882159	3.0
546937247	349882159	3.0
425616456	349882159	4.0
546946896	349882159	4.0
380818498	349882159	4.0
425627323	349882159	4.0
524506757	349882159	4.0
425627322	349882159	4.0
284530764	349882159	4.0
284622538	349882159	3.0
539549631	349882159	3.0
284629478	349882159	0.0
476966466	349882159	3.0
546937246	349882159	3.0
284625711	349882159	1.0
539557419	349882159	3.0
562015906	349882159	3.0
284532063	349882159	4.0
284532260	349882159	4.0
284622827	349882159	3.0
284530853	349882159	4.0
284531134	349882159	4.0
284532255	349882159	3.0
284532256	349882159	3.0
284488817	349882159	4.0
284528725	349882159	4.0
284531049	349882159	4.0
284616582	349882159	4.0
284526857	349882159	4.0
380627725	380627725	0
425616455	380627725	2.0
546937247	380627725	3.0
425616456	380627725	3.0
546946896	380627725	3.0
380818498	380627725	3.0
425627323	380627725	3.0
524506757	380627725	3.0
425627322	380627725	4.0
284530764	380627725	3.0
284622538	380627725	3.0
539549631	380627725	3.0
284629478	380627725	2.0
476966466	380627725	2.0
546937246	380627725	3.0
284625711	380627725	1.0
539557419	380627725	2.0
562015906	380627725	3.0
284532063	380627725	3.0
284532260	380627725	3.0
284622827	380627725	3.0
284530853	380627725	4.0
284531134	380627725	3.0
284532255	380627725	3.0
284532256	380627725	3.0
284488817	380627725	4.0
284528725	380627725	3.0
284531049	380627725	3.0
284616582	380627725	3.0
284526857	380627725	4.0
425616455	425616455	0
546937247	425616455	1.0
425616456	425616455	2.0
546946896	425616455	2.0
380818498	425616455	3.0
425627323	425616455	3.0
524506757	425616455	3.0
425627322	425616455	3.0
284530764	425616455	2.0
284622538	425616455	2.0
539549631	425616455	1.0
284629478	425616455	3.0
476966466	425616455	3.0
546937246	425616455	1.0
284625711	425616455	3.0
539557419	425616455	0.0
562015906	425616455	3.0
284532063	425616455	2.0
284532260	425616455	2.0
284622827	425616455	1.0
284530853	425616455	3.0
284531134	425616455	3.0
284532255	425616455	1.0
284532256	425616455	2.0
284488817	425616455	4.0
284528725	425616455	3.0
284531049	425616455	3.0
284616582	425616455	3.0
284526857	425616455	4.0
546937247	546937247	0
425616456	546937247	2.0
546946896	546937247	2.0
380818498	546937247	3.0
425627323	546937247	3.0
524506757	546937247	3.0
425627322	546937247	3.0
284530764	546937247	1.0
284622538	546937247	2.0
539549631	546937247	2.0
284629478	546937247	3.0
476966466	546937247	3.0
546937246	546937247	0.0
284625711	546937247	3.0
539557419	546937247	2.0
562015906	546937247	3.0
284532063	546937247	2.0
284532260	546937247	1.0
284622827	546937247	0.0
284530853	546937247	3.0
284531134	546937247	3.0
284532255	546937247	0.0
284532256	546937247	2.0
284488817	546937247	4.0
284528725	546937247	3.0
284531049	546937247	2.0
284616582	546937247	3.0
284526857	546937247	3.0
425616456	425616456	0
546946896	425616456	1.0
380818498	425616456	4.0
425627323	425616456	3.0
524506757	425616456	3.0
425627322	425616456	3.0
284530764	425616456	2.0
284622538	425616456	2.0
539549631	425616456	1.0
284629478	425616456	4.0
476966466	425616456	3.0
546937246	425616456	1.0
284625711	425616456	3.0
539557419	425616456	2.0
562015906	425616456	4.0
284532063	425616456	3.0
284532260	425616456	1.0
284622827	425616456	1.0
284530853	425616456	3.0
284531134	425616456	3.0
284532255	425616456	2.0
284532256	425616456	1.0
284488817	425616456	4.0
284528725	425616456	3.0
284531049	425616456	2.0
284616582	425616456	3.0
284526857	425616456	3.0
546946896	546946896	0
380818498	546946896	4.0
425627323	546946896	3.0
524506757	546946896	3.0
425627322	546946896	4.0
284530764	546946896	2.0
284622538	546946896	0.0
539549631	546946896	1.0
284629478	546946896	4.0
476966466	546946896	3.0
546937246	546946896	2.0
284625711	546946896	3.0
539557419	546946896	2.0
562015906	546946896	4.0
284532063	546946896	3.0
284532260	546946896	2.0
284622827	546946896	2.0
284530853	546946896	3.0
284531134	546946896	3.0
284532255	546946896	2.0
284532256	546946896	2.0
284488817	546946896	4.0
284528725	546946896	3.0
284531049	546946896	3.0
284616582	546946896	3.0
284526857	546946896	4.0
380818498	380818498	0
425627323	380818498	3.0
524506757	380818498	3.0
425627322	380818498	4.0
284530764	380818498	3.0
284622538	380818498	4.0
539549631	380818498	3.0
284629478	380818498	4.0
476966466	380818498	2.0
546937246	380818498	3.0
284625711	380818498	3.0
539557419	380818498	3.0
562015906	380818498	3.0
284532063	380818498	2.0
284532260	380818498	3.0
284622827	380818498	3.0
284530853	380818498	3.0
284531134	380818498	3.0
284532255	380818498	3.0
284532256	380818498	4.0
284488817	380818498	4.0
284528725	380818498	2.0
284531049	380818498	3.0
284616582	380818498	1.0
284526857	380818498	4.0
425627323	425627323	0
524506757	425627323	1.0
425627322	425627323	3.0
284530764	425627323	2.0
284622538	425627323	3.0
539549631	425627323	3.0
284629478	425627323	4.0
476966466	425627323	3.0
546937246	425627323	3.0
284625711	425627323	4.0
539557419	425627323	3.0
562015906	425627323	4.0
284532063	425627323	2.0
284532260	425627323	3.0
284622827	425627323	3.0
284530853	425627323	0.0
284531134	425627323	0.0
284532255	425627323	2.0
284532256	425627323	3.0
284488817	425627323	4.0
284528725	425627323	2.0
284531049	425627323	2.0
284616582	425627323	3.0
284526857	425627323	3.0
524506757	524506757	0
425627322	524506757	3.0
284530764	524506757	2.0
284622538	524506757	3.0
539549631	524506757	3.0
284629478	524506757	4.0
476966466	524506757	3.0
546937246	524506757	3.0
284625711	524506757	4.0
539557419	524506757	3.0
562015906	524506757	4.0
284532063	524506757	2.0
284532260	524506757	2.0
284622827	524506757	3.0
284530853	524506757	1.0
284531134	524506757	0.0
284532255	524506757	2.0
284532256	524506757	3.0
284488817	524506757	4.0
284528725	524506757	1.0
284531049	524506757	1.0
284616582	524506757	3.0
284526857	524506757	3.0
425627322	425627322	0
284530764	425627322	3.0
284622538	425627322	4.0
539549631	425627322	3.0
284629478	425627322	4.0
476966466	425627322	4.0
546937246	425627322	3.0
284625711	425627322	4.0
539557419	425627322	4.0
562015906	425627322	4.0
284532063	425627322	4.0
284532260	425627322	3.0
284622827	425627322	3.0
284530853	425627322	3.0
284531134	425627322	3.0
284532255	425627322	3.0
284532256	425627322	3.0
284488817	425627322	5.0
284528725	425627322	3.0
284531049	425627322	3.0
284616582	425627322	4.0
284526857	425627322	1.0
284530764	284530764	0
284622538	284530764	3.0
539549631	284530764	2.0
284629478	284530764	4.0
476966466	284530764	3.0
546937246	284530764	1.0
284625711	284530764	3.0
539557419	284530764	2.0
562015906	284530764	4.0
284532063	284530764	3.0
284532260	284530764	0.0
284622827	284530764	2.0
284530853	284530764	2.0
284531134	284530764	2.0
284532255	284530764	0.0
284532256	284530764	1.0
284488817	284530764	4.0
284528725	284530764	2.0
284531049	284530764	2.0
284616582	284530764	3.0
284526857	284530764	3.0
284622538	284622538	0
539549631	284622538	1.0
284629478	284622538	3.0
476966466	284622538	3.0
546937246	284622538	2.0
284625711	284622538	3.0
539557419	284622538	1.0
562015906	284622538	3.0
284532063	284622538	3.0
284532260	284622538	2.0
284622827	284622538	2.0
284530853	284622538	3.0
284531134	284622538	3.0
284532255	284622538	2.0
284532256	284622538	2.0
284488817	284622538	4.0
284528725	284622538	3.0
284531049	284622538	3.0
284616582	284622538	3.0
284526857	284622538	4.0
539549631	539549631	0
284629478	539549631	3.0
476966466	539549631	3.0
546937246	539549631	1.0
284625711	539549631	3.0
539557419	539549631	1.0
562015906	539549631	3.0
284532063	539549631	3.0
284532260	539549631	2.0
284622827	539549631	0.0
284530853	539549631	3.0
284531134	539549631	3.0
284532255	539549631	2.0
284532256	539549631	1.0
284488817	539549631	4.0
284528725	539549631	3.0
284531049	539549631	3.0
284616582	539549631	3.0
284526857	539549631	3.0
284629478	284629478	0
476966466	284629478	3.0
546937246	284629478	4.0
284625711	284629478	1.0
539557419	284629478	3.0
562015906	284629478	3.0
284532063	284629478	4.0
284532260	284629478	4.0
284622827	284629478	3.0
284530853	284629478	4.0
284531134	284629478	4.0
284532255	284629478	4.0
284532256	284629478	4.0
284488817	284629478	5.0
284528725	284629478	4.0
284531049	284629478	4.0
284616582	284629478	4.0
284526857	284629478	4.0
476966466	476966466	0
546937246	476966466	3.0
284625711	476966466	3.0
539557419	476966466	2.0
562015906	476966466	3.0
284532063	476966466	2.0
284532260	476966466	3.0
284622827	476966466	3.0
284530853	476966466	3.0
284531134	476966466	3.0
284532255	476966466	3.0
284532256	476966466	3.0
284488817	476966466	4.0
284528725	476966466	3.0
284531049	476966466	3.0
284616582	476966466	3.0
284526857	476966466	4.0
546937246	546937246	0
284625711	546937246	3.0
539557419	546937246	2.0
562015906	546937246	3.0
284532063	546937246	2.0
284532260	546937246	2.0
284622827	546937246	0.0
284530853	546937246	3.0
284531134	546937246	3.0
284532255	546937246	1.0
284532256	546937246	1.0
284488817	546937246	4.0
284528725	546937246	3.0
284531049	546937246	2.0
284616582	546937246	3.0
284526857	546937246	3.0
284625711	284625711	0
539557419	284625711	2.0
562015906	284625711	3.0
284532063	284625711	3.0
284532260	284625711	3.0
284622827	284625711	3.0
284530853	284625711	4.0
284531134	284625711	4.0
284532255	284625711	3.0
284532256	284625711	3.0
284488817	284625711	4.0
284528725	284625711	4.0
284531049	284625711	4.0
284616582	284625711	4.0
284526857	284625711	4.0
539557419	539557419	0
562015906	539557419	3.0
284532063	539557419	3.0
284532260	539557419	3.0
284622827	539557419	2.0
284530853	539557419	3.0
284531134	539557419	3.0
284532255	539557419	2.0
284532256	539557419	2.0
284488817	539557419	4.0
284528725	539557419	3.0
284531049	539557419	3.0
284616582	539557419	3.0
284526857	539557419	4.0
562015906	562015906	0
284532063	562015906	3.0
284532260	562015906	4.0
284622827	562015906	3.0
284530853	562015906	4.0
284531134	562015906	4.0
284532255	562015906	3.0
284532256	562015906	4.0
284488817	562015906	4.0
284528725	562015906	3.0
284531049	562015906	3.0
284616582	562015906	3.0
284526857	562015906	4.0
284532063	284532063	0
284532260	284532063	3.0
284622827	284532063	3.0
284530853	284532063	3.0
284531134	284532063	2.0
284532255	284532063	2.0
284532256	284532063	3.0
284488817	284532063	4.0
284528725	284532063	2.0
284531049	284532063	2.0
284616582	284532063	2.0
284526857	284532063	4.0
284532260	284532260	0
284622827	284532260	2.0
284530853	284532260	3.0
284531134	284532260	3.0
284532255	284532260	0.0
284532256	284532260	1.0
284488817	284532260	4.0
284528725	284532260	2.0
284531049	284532260	2.0
284616582	284532260	3.0
284526857	284532260	3.0
284622827	284622827	0
284530853	284622827	3.0
284531134	284622827	3.0
284532255	284622827	1.0
284532256	284622827	1.0
284488817	284622827	4.0
284528725	284622827	3.0
284531049	284622827	3.0
284616582	284622827	3.0
284526857	284622827	3.0
284530853	284530853	0
284531134	284530853	1.0
284532255	284530853	2.0
284532256	284530853	3.0
284488817	284530853	4.0
284528725	284530853	2.0
284531049	284530853	2.0
284616582	284530853	3.0
284526857	284530853	3.0
284531134	284531134	0
284532255	284531134	3.0
284532256	284531134	3.0
284488817	284531134	4.0
284528725	284531134	1.0
284531049	284531134	1.0
284616582	284531134	3.0
284526857	284531134	3.0
284532255	284532255	0
284532256	284532255	1.0
284488817	284532255	4.0
284528725	284532255	2.0
284531049	284532255	2.0
284616582	284532255	3.0
284526857	284532255	3.0
284532256	284532256	0
284488817	284532256	4.0
284528725	284532256	3.0
284531049	284532256	2.0
284616582	284532256	3.0
284526857	284532256	3.0
284488817	284488817	0
284528725	284488817	4.0
284531049	284488817	4.0
284616582	284488817	4.0
284526857	284488817	5.0
284528725	284528725	0
284531049	284528725	1.0
284616582	284528725	2.0
284526857	284528725	3.0
284531049	284531049	0
284616582	284531049	2.0
284526857	284531049	3.0
284616582	284616582	0
284526857	284616582	4.0
284526857	284526857	0
