283168824	[24,-27.0,3.0]	40.704787953846164	-73.80615663846154	0.08883368769338082	0.26170001563595074	0.27289068803328953	0.0025981392569215784	0.7118279569892474	0.35553843838260424
283173881	[-11,19.0,-8.0]	40.7022979	-73.81426911111112	0.08883368769338082	0.26170001563595074	0.27289068803328953	0.0025981392569215784	0.7118279569892474	0.35553843838260424
248173061	[-16,-50.0,66.0]	40.69426273333333	-73.80206765000001	0.08883368769338082	0.26170001563595074	0.27289068803328953	0.0025981392569215784	0.7118279569892474	0.35553843838260424
282895929	[-11,-24.0,35.0]	40.69799025555555	-73.80658291111111	0.08883368769338082	0.26170001563595074	0.27289068803328953	0.0025981392569215784	0.7118279569892474	0.35553843838260424
282895930	[-8,-27.0,35.0]	40.69813934285714	-73.80600594285715	0.08883368769338082	0.26170001563595074	0.27289068803328953	0.0025981392569215784	0.7118279569892474	0.35553843838260424
282895931	[-10,-24.0,34.0]	40.698055319999995	-73.80655512	0.08883368769338082	0.26170001563595074	0.27289068803328953	0.0025981392569215784	0.7118279569892474	0.35553843838260424
282896349	[-10,-24.0,34.0]	40.69815542	-73.80661662	0.08883368769338082	0.26170001563595074	0.27289068803328953	0.0025981392569215784	0.7118279569892474	0.35553843838260424
282896354	[-10,-30.0,40.0]	40.697465916666665	-73.80554485	0.08883368769338082	0.26170001563595074	0.27289068803328953	0.0025981392569215784	0.7118279569892474	0.35553843838260424
283167169	[2,-18.0,16.0]	40.70121063333334	-73.80757108333333	0.08883368769338082	0.26170001563595074	0.27289068803328953	0.0025981392569215784	0.7118279569892474	0.35553843838260424
261918035	[-22,11.0,11.0]	40.69916875714285	-73.81279044285715	0.08883368769338082	0.26170001563595074	0.27289068803328953	0.0025981392569215784	0.7118279569892474	0.35553843838260424
261918036	[-21,11.0,10.0]	40.699391549999994	-73.81280717857145	0.08883368769338082	0.26170001563595074	0.27289068803328953	0.0025981392569215784	0.7118279569892474	0.35553843838260424
413383178	[18,59.0,-77.0]	40.71235698	-73.82123116	0.08883368769338082	0.26170001563595074	0.27289068803328953	0.0025981392569215784	0.7118279569892474	0.35553843838260424
413383179	[15,59.0,-74.0]	40.71176482	-73.82121409999999	0.08883368769338082	0.26170001563595074	0.27289068803328953	0.0025981392569215784	0.7118279569892474	0.35553843838260424
413383180	[17,58.0,-75.0]	40.712080300000004	-73.82122734	0.08883368769338082	0.26170001563595074	0.27289068803328953	0.0025981392569215784	0.7118279569892474	0.35553843838260424
413383181	[18,58.0,-76.0]	40.712249480000004	-73.82122480000001	0.08883368769338082	0.26170001563595074	0.27289068803328953	0.0025981392569215784	0.7118279569892474	0.35553843838260424
413383182	[12,52.0,-64.0]	40.710452530000005	-73.82013567999999	0.08883368769338082	0.26170001563595074	0.27289068803328953	0.0025981392569215784	0.7118279569892474	0.35553843838260424
413383183	[15,62.0,-77.0]	40.712044066666664	-73.82184060000002	0.08883368769338082	0.26170001563595074	0.27289068803328953	0.0025981392569215784	0.7118279569892474	0.35553843838260424
413383184	[18,59.0,-77.0]	40.71236106	-73.82134733999999	0.08883368769338082	0.26170001563595074	0.27289068803328953	0.0025981392569215784	0.7118279569892474	0.35553843838260424
413383185	[17,59.0,-76.0]	40.712249439999994	-73.82132868	0.08883368769338082	0.26170001563595074	0.27289068803328953	0.0025981392569215784	0.7118279569892474	0.35553843838260424
413383186	[16,58.0,-74.0]	40.71192222	-73.82122206000001	0.08883368769338082	0.26170001563595074	0.27289068803328953	0.0025981392569215784	0.7118279569892474	0.35553843838260424
273625115	[-36,-65.0,101.0]	40.688676459999996	-73.79933553999999	0.08883368769338082	0.26170001563595074	0.27289068803328953	0.0025981392569215784	0.7118279569892474	0.35553843838260424
273839227	[-36,-64.0,100.0]	40.68878642	-73.79947574	0.08883368769338082	0.26170001563595074	0.27289068803328953	0.0025981392569215784	0.7118279569892474	0.35553843838260424
273839237	[-36,-66.0,102.0]	40.68856013333333	-73.79908295	0.08883368769338082	0.26170001563595074	0.27289068803328953	0.0025981392569215784	0.7118279569892474	0.35553843838260424
282896527	[-23,-27.0,50.0]	40.69516138	-73.80616032	0.08883368769338082	0.26170001563595074	0.27289068803328953	0.0025981392569215784	0.7118279569892474	0.35553843838260424
283175543	[3,7.0,-10.0]	40.70389874583333	-73.81212920833333	0.08883368769338082	0.26170001563595074	0.27289068803328953	0.0025981392569215784	0.7118279569892474	0.35553843838260424
248289688	[34,7.0,-41.0]	40.71032734285714	-73.8119784047619	0.08883368769338082	0.26170001563595074	0.27289068803328953	0.0025981392569215784	0.7118279569892474	0.35553843838260424
248290776	[32,12.0,-44.0]	40.71033444444444	-73.81299704722225	0.08883368769338082	0.26170001563595074	0.27289068803328953	0.0025981392569215784	0.7118279569892474	0.35553843838260424
412807877	[17,51.0,-68.0]	40.71136498888889	-73.82000137777779	0.08883368769338082	0.26170001563595074	0.27289068803328953	0.0025981392569215784	0.7118279569892474	0.35553843838260424
485118562	[35,6.0,-41.0]	40.710434521428574	-73.81186363571429	0.08883368769338082	0.26170001563595074	0.27289068803328953	0.0025981392569215784	0.7118279569892474	0.35553843838260424
485118564	[30,1.0,-31.0]	40.70887807999999	-73.81105994	0.08883368769338082	0.26170001563595074	0.27289068803328953	0.0025981392569215784	0.7118279569892474	0.35553843838260424
282356700	[-40,-62.0,102.0]	40.68817165454546	-73.79987924090909	0.08883368769338082	0.26170001563595074	0.27289068803328953	0.0025981392569215784	0.7118279569892474	0.35553843838260424
282896353	[-28,-32.0,60.0]	40.6936552117647	-73.80514145294119	0.08883368769338082	0.26170001563595074	0.27289068803328953	0.0025981392569215784	0.7118279569892474	0.35553843838260424
554050060	[-27,-22.0,49.0]	40.69483872	-73.80682243999999	0.08883368769338082	0.26170001563595074	0.27289068803328953	0.0025981392569215784	0.7118279569892474	0.35553843838260424
610901696	[-26,-23.0,49.0]	40.694962348000004	-73.80681541199999	0.08883368769338082	0.26170001563595074	0.27289068803328953	0.0025981392569215784	0.7118279569892474	0.35553843838260424
445818970	[-54,-11.0,65.0]	40.690380975	-73.8089526	0.08883368769338082	0.26170001563595074	0.27289068803328953	0.0025981392569215784	0.7118279569892474	0.35553843838260424
326464534	[-17,-8.0,25.0]	40.698323540000004	-73.80948144	0.08883368769338082	0.26170001563595074	0.27289068803328953	0.0025981392569215784	0.7118279569892474	0.35553843838260424
261479135	[13,-7.0,-6.0]	40.70461252	-73.80948894	0.08883368769338082	0.26170001563595074	0.27289068803328953	0.0025981392569215784	0.7118279569892474	0.35553843838260424
281477531	[17,-15.0,-2.0]	40.70454936956522	-73.80815581304348	0.08883368769338082	0.26170001563595074	0.27289068803328953	0.0025981392569215784	0.7118279569892474	0.35553843838260424
281478459	[24,-1.0,-23.0]	40.707418857142855	-73.81064001428571	0.08883368769338082	0.26170001563595074	0.27289068803328953	0.0025981392569215784	0.7118279569892474	0.35553843838260424
507424796	[-3,-3.0,6.0]	40.701776623076924	-73.81023663076924	0.08883368769338082	0.26170001563595074	0.27289068803328953	0.0025981392569215784	0.7118279569892474	0.35553843838260424
507424799	[-3,-4.0,7.0]	40.70159841111111	-73.8102314111111	0.08883368769338082	0.26170001563595074	0.27289068803328953	0.0025981392569215784	0.7118279569892474	0.35553843838260424
507424801	[-5,-9.0,14.0]	40.7007214	-73.80929440000001	0.08883368769338082	0.26170001563595074	0.27289068803328953	0.0025981392569215784	0.7118279569892474	0.35553843838260424
507424803	[-7,16.0,-9.0]	40.702750210000005	-73.81371787	0.08883368769338082	0.26170001563595074	0.27289068803328953	0.0025981392569215784	0.7118279569892474	0.35553843838260424
507424810	[-14,25.0,-11.0]	40.702338299999994	-73.81516903999999	0.08883368769338082	0.26170001563595074	0.27289068803328953	0.0025981392569215784	0.7118279569892474	0.35553843838260424
485118563	[38,1.0,-39.0]	40.710508571428576	-73.81103774285715	0.08883368769338082	0.26170001563595074	0.27289068803328953	0.0025981392569215784	0.7118279569892474	0.35553843838260424
261880301	[-19,-30.0,49.0]	40.6956818	-73.80540489999998	0.08883368769338082	0.26170001563595074	0.27289068803328953	0.0025981392569215784	0.7118279569892474	0.35553843838260424
261881209	[-13,-26.0,39.0]	40.69737132	-73.80619143999999	0.08883368769338082	0.26170001563595074	0.27289068803328953	0.0025981392569215784	0.7118279569892474	0.35553843838260424
270200275	[-13,-34.0,47.0]	40.696493999999994	-73.80470044	0.08883368769338082	0.26170001563595074	0.27289068803328953	0.0025981392569215784	0.7118279569892474	0.35553843838260424
273839232	[-11,-31.0,42.0]	40.69718544	-73.8054468	0.08883368769338082	0.26170001563595074	0.27289068803328953	0.0025981392569215784	0.7118279569892474	0.35553843838260424
274454558	[16,-21.0,5.0]	40.70371634	-73.80711632	0.08883368769338082	0.26170001563595074	0.27289068803328953	0.0025981392569215784	0.7118279569892474	0.35553843838260424
283168864	[16,-14.0,-2.0]	40.70449043939393	-73.80832442727274	0.08883368769338082	0.26170001563595074	0.27289068803328953	0.0025981392569215784	0.7118279569892474	0.35553843838260424
283186040	[12,48.0,-60.0]	40.70998408333333	-73.81943886666667	0.08883368769338082	0.26170001563595074	0.27289068803328953	0.0025981392569215784	0.7118279569892474	0.35553843838260424
283168861	[12,-16.0,4.0]	40.70346114	-73.80801499200001	0.08883368769338082	0.26170001563595074	0.27289068803328953	0.0025981392569215784	0.7118279569892474	0.35553843838260424
283170680	[13,-8.0,-5.0]	40.70444411666667	-73.80936544999999	0.08883368769338082	0.26170001563595074	0.27289068803328953	0.0025981392569215784	0.7118279569892474	0.35553843838260424
507424862	[-14,28.0,-14.0]	40.70261324	-73.81575444	0.08883368769338082	0.26170001563595074	0.27289068803328953	0.0025981392569215784	0.7118279569892474	0.35553843838260424
507425099	[-7,30.0,-23.0]	40.704371859999995	-73.81613082	0.08883368769338082	0.26170001563595074	0.27289068803328953	0.0025981392569215784	0.7118279569892474	0.35553843838260424
282895928	[-15,-33.0,48.0]	40.69618556666667	-73.80495801666667	0.08883368769338082	0.26170001563595074	0.27289068803328953	0.0025981392569215784	0.7118279569892474	0.35553843838260424
282896411	[-1,-45.0,46.0]	40.697788319999994	-73.80290264	0.08883368769338082	0.26170001563595074	0.27289068803328953	0.0025981392569215784	0.7118279569892474	0.35553843838260424
283167049	[3,-18.0,15.0]	40.70135398333333	-73.80759718333334	0.08883368769338082	0.26170001563595074	0.27289068803328953	0.0025981392569215784	0.7118279569892474	0.35553843838260424
283170679	[9,-16.0,7.0]	40.7028131625	-73.8080854375	0.08883368769338082	0.26170001563595074	0.27289068803328953	0.0025981392569215784	0.7118279569892474	0.35553843838260424
248173128	[-16,-65.0,81.0]	40.69265565	-73.79938861666668	0.08883368769338082	0.26170001563595074	0.27289068803328953	0.0025981392569215784	0.7118279569892474	0.35553843838260424
283172382	[-16,3.0,13.0]	40.699587	-73.81135846	0.08883368769338082	0.26170001563595074	0.27289068803328953	0.0025981392569215784	0.7118279569892474	0.35553843838260424
283167072	[-19,-8.0,27.0]	40.697960712500006	-73.80939140000001	0.08883368769338082	0.26170001563595074	0.27289068803328953	0.0025981392569215784	0.7118279569892474	0.35553843838260424
282890543	[-33,-58.0,91.0]	40.689829737500006	-73.80055081249999	0.08883368769338082	0.26170001563595074	0.27289068803328953	0.0025981392569215784	0.7118279569892474	0.35553843838260424
248173111	[-16,-60.0,76.0]	40.693248475	-73.80011550625	0.08883368769338082	0.26170001563595074	0.27289068803328953	0.0025981392569215784	0.7118279569892474	0.35553843838260424
270200249	[-12,-34.0,46.0]	40.696688933333334	-73.80472775	0.08883368769338082	0.26170001563595074	0.27289068803328953	0.0025981392569215784	0.7118279569892474	0.35553843838260424
283168824	283168824	0
283173881	283168824	3.0
248173061	283168824	3.0
282895929	283168824	3.0
282895930	283168824	3.0
282895931	283168824	3.0
282896349	283168824	3.0
282896354	283168824	3.0
283167169	283168824	2.0
261918035	283168824	3.0
261918036	283168824	3.0
413383178	283168824	4.0
413383179	283168824	4.0
413383180	283168824	4.0
413383181	283168824	4.0
413383182	283168824	4.0
413383183	283168824	4.0
413383184	283168824	4.0
413383185	283168824	4.0
413383186	283168824	4.0
273625115	283168824	4.0
273839227	283168824	4.0
273839237	283168824	4.0
282896527	283168824	3.0
283175543	283168824	3.0
248289688	283168824	3.0
248290776	283168824	3.0
412807877	283168824	4.0
485118562	283168824	3.0
485118564	283168824	3.0
282356700	283168824	4.0
282896353	283168824	3.0
554050060	283168824	3.0
610901696	283168824	3.0
445818970	283168824	4.0
326464534	283168824	3.0
261479135	283168824	1.0
281477531	283168824	0.0
281478459	283168824	3.0
507424796	283168824	2.0
507424799	283168824	3.0
507424801	283168824	2.0
507424803	283168824	3.0
507424810	283168824	3.0
485118563	283168824	3.0
261880301	283168824	3.0
261881209	283168824	3.0
270200275	283168824	3.0
273839232	283168824	3.0
274454558	283168824	2.0
283168864	283168824	0.0
283186040	283168824	4.0
283168861	283168824	1.0
283170680	283168824	1.0
507424862	283168824	3.0
507425099	283168824	3.0
282895928	283168824	3.0
282896411	283168824	3.0
283167049	283168824	2.0
283170679	283168824	1.0
248173128	283168824	4.0
283172382	283168824	3.0
283167072	283168824	3.0
282890543	283168824	4.0
248173111	283168824	4.0
270200249	283168824	3.0
283173881	283173881	0
248173061	283173881	3.0
282895929	283173881	3.0
282895930	283173881	3.0
282895931	283173881	3.0
282896349	283173881	3.0
282896354	283173881	3.0
283167169	283173881	2.0
261918035	283173881	2.0
261918036	283173881	2.0
413383178	283173881	3.0
413383179	283173881	3.0
413383180	283173881	3.0
413383181	283173881	3.0
413383182	283173881	3.0
413383183	283173881	3.0
413383184	283173881	3.0
413383185	283173881	3.0
413383186	283173881	3.0
273625115	283173881	4.0
273839227	283173881	4.0
273839237	283173881	4.0
282896527	283173881	3.0
283175543	283173881	1.0
248289688	283173881	3.0
248290776	283173881	3.0
412807877	283173881	3.0
485118562	283173881	3.0
485118564	283173881	3.0
282356700	283173881	4.0
282896353	283173881	4.0
554050060	283173881	4.0
610901696	283173881	4.0
445818970	283173881	4.0
326464534	283173881	3.0
261479135	283173881	3.0
281477531	283173881	3.0
281478459	283173881	3.0
507424796	283173881	1.0
507424799	283173881	1.0
507424801	283173881	2.0
507424803	283173881	0.0
507424810	283173881	0.0
485118563	283173881	3.0
261880301	283173881	3.0
261881209	283173881	3.0
270200275	283173881	3.0
273839232	283173881	3.0
274454558	283173881	3.0
283168864	283173881	3.0
283186040	283173881	3.0
283168861	283173881	2.0
283170680	283173881	3.0
507424862	283173881	0.0
507425099	283173881	1.0
282895928	283173881	3.0
282896411	283173881	3.0
283167049	283173881	2.0
283170679	283173881	2.0
248173128	283173881	4.0
283172382	283173881	2.0
283167072	283173881	3.0
282890543	283173881	4.0
248173111	283173881	4.0
270200249	283173881	3.0
248173061	248173061	0
282895929	248173061	2.0
282895930	248173061	2.0
282895931	248173061	2.0
282896349	248173061	2.0
282896354	248173061	2.0
283167169	248173061	3.0
261918035	248173061	3.0
261918036	248173061	3.0
413383178	248173061	4.0
413383179	248173061	4.0
413383180	248173061	4.0
413383181	248173061	4.0
413383182	248173061	4.0
413383183	248173061	4.0
413383184	248173061	4.0
413383185	248173061	4.0
413383186	248173061	4.0
273625115	248173061	3.0
273839227	248173061	3.0
273839237	248173061	3.0
282896527	248173061	2.0
283175543	248173061	3.0
248289688	248173061	4.0
248290776	248173061	4.0
412807877	248173061	4.0
485118562	248173061	4.0
485118564	248173061	4.0
282356700	248173061	3.0
282896353	248173061	1.0
554050060	248173061	2.0
610901696	248173061	2.0
445818970	248173061	3.0
326464534	248173061	3.0
261479135	248173061	3.0
281477531	248173061	3.0
281478459	248173061	4.0
507424796	248173061	3.0
507424799	248173061	3.0
507424801	248173061	3.0
507424803	248173061	3.0
507424810	248173061	4.0
485118563	248173061	4.0
261880301	248173061	1.0
261881209	248173061	2.0
270200275	248173061	1.0
273839232	248173061	2.0
274454558	248173061	3.0
283168864	248173061	3.0
283186040	248173061	4.0
283168861	248173061	3.0
283170680	248173061	3.0
507424862	248173061	4.0
507425099	248173061	4.0
282895928	248173061	1.0
282896411	248173061	2.0
283167049	248173061	3.0
283170679	248173061	3.0
248173128	248173061	1.0
283172382	248173061	3.0
283167072	248173061	3.0
282890543	248173061	2.0
248173111	248173061	1.0
270200249	248173061	1.0
282895929	282895929	0
282895930	282895929	0.0
282895931	282895929	0.0
282896349	282895929	0.0
282896354	282895929	0.0
283167169	282895929	1.0
261918035	282895929	2.0
261918036	282895929	2.0
413383178	282895929	4.0
413383179	282895929	4.0
413383180	282895929	4.0
413383181	282895929	4.0
413383182	282895929	4.0
413383183	282895929	4.0
413383184	282895929	4.0
413383185	282895929	4.0
413383186	282895929	4.0
273625115	282895929	3.0
273839227	282895929	3.0
273839237	282895929	3.0
282896527	282895929	2.0
283175543	282895929	3.0
248289688	282895929	4.0
248290776	282895929	4.0
412807877	282895929	4.0
485118562	282895929	4.0
485118564	282895929	3.0
282356700	282895929	3.0
282896353	282895929	2.0
554050060	282895929	2.0
610901696	282895929	2.0
445818970	282895929	3.0
326464534	282895929	1.0
261479135	282895929	3.0
281477531	282895929	3.0
281478459	282895929	3.0
507424796	282895929	2.0
507424799	282895929	2.0
507424801	282895929	2.0
507424803	282895929	3.0
507424810	282895929	3.0
485118563	282895929	4.0
261880301	282895929	1.0
261881209	282895929	0.0
270200275	282895929	1.0
273839232	282895929	0.0
274454558	282895929	2.0
283168864	282895929	3.0
283186040	282895929	4.0
283168861	282895929	2.0
283170680	282895929	3.0
507424862	282895929	3.0
507425099	282895929	3.0
282895928	282895929	1.0
282896411	282895929	2.0
283167049	282895929	1.0
283170679	282895929	2.0
248173128	282895929	3.0
283172382	282895929	2.0
283167072	282895929	1.0
282890543	282895929	3.0
248173111	282895929	2.0
270200249	282895929	1.0
282895930	282895930	0
282895931	282895930	0.0
282896349	282895930	0.0
282896354	282895930	0.0
283167169	282895930	1.0
261918035	282895930	2.0
261918036	282895930	2.0
413383178	282895930	4.0
413383179	282895930	4.0
413383180	282895930	4.0
413383181	282895930	4.0
413383182	282895930	4.0
413383183	282895930	4.0
413383184	282895930	4.0
413383185	282895930	4.0
413383186	282895930	4.0
273625115	282895930	3.0
273839227	282895930	3.0
273839237	282895930	3.0
282896527	282895930	2.0
283175543	282895930	3.0
248289688	282895930	4.0
248290776	282895930	4.0
412807877	282895930	4.0
485118562	282895930	4.0
485118564	282895930	3.0
282356700	282895930	3.0
282896353	282895930	2.0
554050060	282895930	2.0
610901696	282895930	2.0
445818970	282895930	3.0
326464534	282895930	1.0
261479135	282895930	3.0
281477531	282895930	3.0
281478459	282895930	3.0
507424796	282895930	2.0
507424799	282895930	2.0
507424801	282895930	2.0
507424803	282895930	3.0
507424810	282895930	3.0
485118563	282895930	4.0
261880301	282895930	1.0
261881209	282895930	0.0
270200275	282895930	1.0
273839232	282895930	0.0
274454558	282895930	2.0
283168864	282895930	3.0
283186040	282895930	4.0
283168861	282895930	2.0
283170680	282895930	3.0
507424862	282895930	3.0
507425099	282895930	3.0
282895928	282895930	1.0
282896411	282895930	2.0
283167049	282895930	1.0
283170679	282895930	2.0
248173128	282895930	3.0
283172382	282895930	2.0
283167072	282895930	1.0
282890543	282895930	3.0
248173111	282895930	2.0
270200249	282895930	1.0
282895931	282895931	0
282896349	282895931	0.0
282896354	282895931	0.0
283167169	282895931	1.0
261918035	282895931	2.0
261918036	282895931	2.0
413383178	282895931	4.0
413383179	282895931	4.0
413383180	282895931	4.0
413383181	282895931	4.0
413383182	282895931	4.0
413383183	282895931	4.0
413383184	282895931	4.0
413383185	282895931	4.0
413383186	282895931	4.0
273625115	282895931	3.0
273839227	282895931	3.0
273839237	282895931	3.0
282896527	282895931	2.0
283175543	282895931	3.0
248289688	282895931	4.0
248290776	282895931	4.0
412807877	282895931	4.0
485118562	282895931	4.0
485118564	282895931	3.0
282356700	282895931	3.0
282896353	282895931	2.0
554050060	282895931	2.0
610901696	282895931	2.0
445818970	282895931	3.0
326464534	282895931	1.0
261479135	282895931	3.0
281477531	282895931	3.0
281478459	282895931	3.0
507424796	282895931	2.0
507424799	282895931	2.0
507424801	282895931	2.0
507424803	282895931	3.0
507424810	282895931	3.0
485118563	282895931	4.0
261880301	282895931	1.0
261881209	282895931	0.0
270200275	282895931	1.0
273839232	282895931	0.0
274454558	282895931	2.0
283168864	282895931	3.0
283186040	282895931	4.0
283168861	282895931	2.0
283170680	282895931	2.0
507424862	282895931	3.0
507425099	282895931	3.0
282895928	282895931	1.0
282896411	282895931	2.0
283167049	282895931	1.0
283170679	282895931	2.0
248173128	282895931	3.0
283172382	282895931	2.0
283167072	282895931	1.0
282890543	282895931	3.0
248173111	282895931	2.0
270200249	282895931	1.0
282896349	282896349	0
282896354	282896349	0.0
283167169	282896349	1.0
261918035	282896349	2.0
261918036	282896349	2.0
413383178	282896349	4.0
413383179	282896349	4.0
413383180	282896349	4.0
413383181	282896349	4.0
413383182	282896349	4.0
413383183	282896349	4.0
413383184	282896349	4.0
413383185	282896349	4.0
413383186	282896349	4.0
273625115	282896349	3.0
273839227	282896349	3.0
273839237	282896349	3.0
282896527	282896349	2.0
283175543	282896349	3.0
248289688	282896349	4.0
248290776	282896349	4.0
412807877	282896349	4.0
485118562	282896349	4.0
485118564	282896349	3.0
282356700	282896349	4.0
282896353	282896349	2.0
554050060	282896349	2.0
610901696	282896349	2.0
445818970	282896349	3.0
326464534	282896349	1.0
261479135	282896349	3.0
281477531	282896349	3.0
281478459	282896349	3.0
507424796	282896349	2.0
507424799	282896349	2.0
507424801	282896349	2.0
507424803	282896349	3.0
507424810	282896349	3.0
485118563	282896349	4.0
261880301	282896349	2.0
261881209	282896349	0.0
270200275	282896349	1.0
273839232	282896349	0.0
274454558	282896349	2.0
283168864	282896349	3.0
283186040	282896349	4.0
283168861	282896349	2.0
283170680	282896349	2.0
507424862	282896349	3.0
507425099	282896349	3.0
282895928	282896349	1.0
282896411	282896349	2.0
283167049	282896349	1.0
283170679	282896349	2.0
248173128	282896349	3.0
283172382	282896349	2.0
283167072	282896349	1.0
282890543	282896349	3.0
248173111	282896349	3.0
270200249	282896349	2.0
282896354	282896354	0
283167169	282896354	2.0
261918035	282896354	3.0
261918036	282896354	3.0
413383178	282896354	4.0
413383179	282896354	4.0
413383180	282896354	4.0
413383181	282896354	4.0
413383182	282896354	4.0
413383183	282896354	4.0
413383184	282896354	4.0
413383185	282896354	4.0
413383186	282896354	4.0
273625115	282896354	3.0
273839227	282896354	3.0
273839237	282896354	3.0
282896527	282896354	1.0
283175543	282896354	3.0
248289688	282896354	4.0
248290776	282896354	4.0
412807877	282896354	4.0
485118562	282896354	4.0
485118564	282896354	3.0
282356700	282896354	3.0
282896353	282896354	2.0
554050060	282896354	2.0
610901696	282896354	2.0
445818970	282896354	3.0
326464534	282896354	2.0
261479135	282896354	3.0
281477531	282896354	3.0
281478459	282896354	3.0
507424796	282896354	2.0
507424799	282896354	3.0
507424801	282896354	2.0
507424803	282896354	3.0
507424810	282896354	3.0
485118563	282896354	4.0
261880301	282896354	1.0
261881209	282896354	0.0
270200275	282896354	0.0
273839232	282896354	0.0
274454558	282896354	3.0
283168864	282896354	3.0
283186040	282896354	4.0
283168861	282896354	2.0
283170680	282896354	3.0
507424862	282896354	3.0
507425099	282896354	3.0
282895928	282896354	0.0
282896411	282896354	2.0
283167049	282896354	2.0
283170679	282896354	2.0
248173128	282896354	2.0
283172382	282896354	2.0
283167072	282896354	2.0
282890543	282896354	3.0
248173111	282896354	2.0
270200249	282896354	0.0
283167169	283167169	0
261918035	283167169	2.0
261918036	283167169	2.0
413383178	283167169	4.0
413383179	283167169	4.0
413383180	283167169	4.0
413383181	283167169	4.0
413383182	283167169	4.0
413383183	283167169	4.0
413383184	283167169	4.0
413383185	283167169	4.0
413383186	283167169	4.0
273625115	283167169	4.0
273839227	283167169	4.0
273839237	283167169	4.0
282896527	283167169	3.0
283175543	283167169	2.0
248289688	283167169	3.0
248290776	283167169	3.0
412807877	283167169	4.0
485118562	283167169	3.0
485118564	283167169	3.0
282356700	283167169	4.0
282896353	283167169	3.0
554050060	283167169	3.0
610901696	283167169	3.0
445818970	283167169	3.0
326464534	283167169	2.0
261479135	283167169	2.0
281477531	283167169	2.0
281478459	283167169	3.0
507424796	283167169	1.0
507424799	283167169	1.0
507424801	283167169	0.0
507424803	283167169	2.0
507424810	283167169	2.0
485118563	283167169	3.0
261880301	283167169	2.0
261881209	283167169	2.0
270200275	283167169	2.0
273839232	283167169	2.0
274454558	283167169	1.0
283168864	283167169	2.0
283186040	283167169	4.0
283168861	283167169	1.0
283170680	283167169	2.0
507424862	283167169	2.0
507425099	283167169	3.0
282895928	283167169	2.0
282896411	283167169	3.0
283167049	283167169	0.0
283170679	283167169	0.0
248173128	283167169	3.0
283172382	283167169	2.0
283167072	283167169	2.0
282890543	283167169	4.0
248173111	283167169	3.0
270200249	283167169	2.0
261918035	261918035	0
261918036	261918035	0.0
413383178	261918035	4.0
413383179	261918035	4.0
413383180	261918035	4.0
413383181	261918035	4.0
413383182	261918035	3.0
413383183	261918035	4.0
413383184	261918035	4.0
413383185	261918035	4.0
413383186	261918035	4.0
273625115	261918035	4.0
273839227	261918035	4.0
273839237	261918035	4.0
282896527	261918035	3.0
283175543	261918035	2.0
248289688	261918035	4.0
248290776	261918035	4.0
412807877	261918035	4.0
485118562	261918035	4.0
485118564	261918035	3.0
282356700	261918035	4.0
282896353	261918035	3.0
554050060	261918035	3.0
610901696	261918035	3.0
445818970	261918035	3.0
326464534	261918035	2.0
261479135	261918035	3.0
281477531	261918035	3.0
281478459	261918035	3.0
507424796	261918035	2.0
507424799	261918035	2.0
507424801	261918035	2.0
507424803	261918035	2.0
507424810	261918035	2.0
485118563	261918035	4.0
261880301	261918035	3.0
261881209	261918035	3.0
270200275	261918035	3.0
273839232	261918035	3.0
274454558	261918035	3.0
283168864	261918035	3.0
283186040	261918035	4.0
283168861	261918035	2.0
283170680	261918035	3.0
507424862	261918035	2.0
507425099	261918035	2.0
282895928	261918035	3.0
282896411	261918035	3.0
283167049	261918035	2.0
283170679	261918035	2.0
248173128	261918035	4.0
283172382	261918035	0.0
283167072	261918035	2.0
282890543	261918035	4.0
248173111	261918035	3.0
270200249	261918035	3.0
261918036	261918036	0
413383178	261918036	4.0
413383179	261918036	4.0
413383180	261918036	4.0
413383181	261918036	4.0
413383182	261918036	3.0
413383183	261918036	4.0
413383184	261918036	4.0
413383185	261918036	4.0
413383186	261918036	4.0
273625115	261918036	4.0
273839227	261918036	4.0
273839237	261918036	4.0
282896527	261918036	3.0
283175543	261918036	2.0
248289688	261918036	4.0
248290776	261918036	4.0
412807877	261918036	4.0
485118562	261918036	4.0
485118564	261918036	3.0
282356700	261918036	4.0
282896353	261918036	3.0
554050060	261918036	3.0
610901696	261918036	3.0
445818970	261918036	3.0
326464534	261918036	2.0
261479135	261918036	3.0
281477531	261918036	3.0
281478459	261918036	3.0
507424796	261918036	2.0
507424799	261918036	1.0
507424801	261918036	1.0
507424803	261918036	2.0
507424810	261918036	2.0
485118563	261918036	4.0
261880301	261918036	3.0
261881209	261918036	3.0
270200275	261918036	3.0
273839232	261918036	3.0
274454558	261918036	3.0
283168864	261918036	3.0
283186040	261918036	3.0
283168861	261918036	2.0
283170680	261918036	3.0
507424862	261918036	2.0
507425099	261918036	2.0
282895928	261918036	3.0
282896411	261918036	3.0
283167049	261918036	2.0
283170679	261918036	2.0
248173128	261918036	4.0
283172382	261918036	0.0
283167072	261918036	2.0
282890543	261918036	4.0
248173111	261918036	3.0
270200249	261918036	3.0
413383178	413383178	0
413383179	413383178	0.0
413383180	413383178	0.0
413383181	413383178	0.0
413383182	413383178	1.0
413383183	413383178	3.0
413383184	413383178	0.0
413383185	413383178	0.0
413383186	413383178	0.0
273625115	413383178	5.0
273839227	413383178	5.0
273839237	413383178	5.0
282896527	413383178	4.0
283175543	413383178	3.0
248289688	413383178	3.0
248290776	413383178	3.0
412807877	413383178	0.0
485118562	413383178	3.0
485118564	413383178	4.0
282356700	413383178	5.0
282896353	413383178	5.0
554050060	413383178	4.0
610901696	413383178	4.0
445818970	413383178	4.0
326464534	413383178	4.0
261479135	413383178	4.0
281477531	413383178	4.0
281478459	413383178	3.0
507424796	413383178	4.0
507424799	413383178	4.0
507424801	413383178	4.0
507424803	413383178	3.0
507424810	413383178	3.0
485118563	413383178	3.0
261880301	413383178	5.0
261881209	413383178	4.0
270200275	413383178	4.0
273839232	413383178	4.0
274454558	413383178	4.0
283168864	413383178	4.0
283186040	413383178	4.0
283168861	413383178	4.0
283170680	413383178	4.0
507424862	413383178	3.0
507425099	413383178	3.0
282895928	413383178	4.0
282896411	413383178	4.0
283167049	413383178	4.0
283170679	413383178	4.0
248173128	413383178	4.0
283172382	413383178	4.0
283167072	413383178	4.0
282890543	413383178	5.0
248173111	413383178	4.0
270200249	413383178	4.0
413383179	413383179	0
413383180	413383179	0.0
413383181	413383179	0.0
413383182	413383179	0.0
413383183	413383179	3.0
413383184	413383179	0.0
413383185	413383179	0.0
413383186	413383179	0.0
273625115	413383179	5.0
273839227	413383179	5.0
273839237	413383179	5.0
282896527	413383179	4.0
283175543	413383179	3.0
248289688	413383179	3.0
248290776	413383179	3.0
412807877	413383179	0.0
485118562	413383179	3.0
485118564	413383179	4.0
282356700	413383179	5.0
282896353	413383179	5.0
554050060	413383179	4.0
610901696	413383179	4.0
445818970	413383179	4.0
326464534	413383179	4.0
261479135	413383179	4.0
281477531	413383179	4.0
281478459	413383179	3.0
507424796	413383179	4.0
507424799	413383179	4.0
507424801	413383179	4.0
507424803	413383179	3.0
507424810	413383179	3.0
485118563	413383179	3.0
261880301	413383179	5.0
261881209	413383179	4.0
270200275	413383179	4.0
273839232	413383179	4.0
274454558	413383179	4.0
283168864	413383179	4.0
283186040	413383179	4.0
283168861	413383179	4.0
283170680	413383179	4.0
507424862	413383179	3.0
507425099	413383179	3.0
282895928	413383179	4.0
282896411	413383179	4.0
283167049	413383179	4.0
283170679	413383179	4.0
248173128	413383179	4.0
283172382	413383179	4.0
283167072	413383179	4.0
282890543	413383179	5.0
248173111	413383179	4.0
270200249	413383179	4.0
413383180	413383180	0
413383181	413383180	0.0
413383182	413383180	0.0
413383183	413383180	3.0
413383184	413383180	0.0
413383185	413383180	0.0
413383186	413383180	0.0
273625115	413383180	5.0
273839227	413383180	5.0
273839237	413383180	5.0
282896527	413383180	4.0
283175543	413383180	3.0
248289688	413383180	3.0
248290776	413383180	3.0
412807877	413383180	0.0
485118562	413383180	3.0
485118564	413383180	4.0
282356700	413383180	5.0
282896353	413383180	5.0
554050060	413383180	4.0
610901696	413383180	4.0
445818970	413383180	4.0
326464534	413383180	4.0
261479135	413383180	4.0
281477531	413383180	4.0
281478459	413383180	3.0
507424796	413383180	4.0
507424799	413383180	4.0
507424801	413383180	4.0
507424803	413383180	3.0
507424810	413383180	3.0
485118563	413383180	3.0
261880301	413383180	5.0
261881209	413383180	4.0
270200275	413383180	4.0
273839232	413383180	4.0
274454558	413383180	4.0
283168864	413383180	4.0
283186040	413383180	4.0
283168861	413383180	4.0
283170680	413383180	4.0
507424862	413383180	3.0
507425099	413383180	3.0
282895928	413383180	4.0
282896411	413383180	4.0
283167049	413383180	4.0
283170679	413383180	4.0
248173128	413383180	4.0
283172382	413383180	4.0
283167072	413383180	4.0
282890543	413383180	5.0
248173111	413383180	4.0
270200249	413383180	4.0
413383181	413383181	0
413383182	413383181	1.0
413383183	413383181	3.0
413383184	413383181	0.0
413383185	413383181	0.0
413383186	413383181	0.0
273625115	413383181	5.0
273839227	413383181	5.0
273839237	413383181	5.0
282896527	413383181	4.0
283175543	413383181	3.0
248289688	413383181	3.0
248290776	413383181	3.0
412807877	413383181	0.0
485118562	413383181	3.0
485118564	413383181	4.0
282356700	413383181	5.0
282896353	413383181	5.0
554050060	413383181	4.0
610901696	413383181	4.0
445818970	413383181	4.0
326464534	413383181	4.0
261479135	413383181	4.0
281477531	413383181	4.0
281478459	413383181	3.0
507424796	413383181	4.0
507424799	413383181	4.0
507424801	413383181	4.0
507424803	413383181	3.0
507424810	413383181	3.0
485118563	413383181	3.0
261880301	413383181	5.0
261881209	413383181	4.0
270200275	413383181	4.0
273839232	413383181	4.0
274454558	413383181	4.0
283168864	413383181	4.0
283186040	413383181	4.0
283168861	413383181	4.0
283170680	413383181	4.0
507424862	413383181	3.0
507425099	413383181	3.0
282895928	413383181	4.0
282896411	413383181	4.0
283167049	413383181	4.0
283170679	413383181	4.0
248173128	413383181	4.0
283172382	413383181	4.0
283167072	413383181	4.0
282890543	413383181	5.0
248173111	413383181	4.0
270200249	413383181	4.0
413383182	413383182	0
413383183	413383182	3.0
413383184	413383182	1.0
413383185	413383182	1.0
413383186	413383182	0.0
273625115	413383182	5.0
273839227	413383182	5.0
273839237	413383182	5.0
282896527	413383182	4.0
283175543	413383182	3.0
248289688	413383182	3.0
248290776	413383182	3.0
412807877	413383182	0.0
485118562	413383182	3.0
485118564	413383182	4.0
282356700	413383182	5.0
282896353	413383182	4.0
554050060	413383182	4.0
610901696	413383182	4.0
445818970	413383182	4.0
326464534	413383182	4.0
261479135	413383182	3.0
281477531	413383182	4.0
281478459	413383182	3.0
507424796	413383182	3.0
507424799	413383182	3.0
507424801	413383182	4.0
507424803	413383182	3.0
507424810	413383182	3.0
485118563	413383182	3.0
261880301	413383182	4.0
261881209	413383182	4.0
270200275	413383182	4.0
273839232	413383182	4.0
274454558	413383182	4.0
283168864	413383182	4.0
283186040	413383182	3.0
283168861	413383182	4.0
283170680	413383182	3.0
507424862	413383182	3.0
507425099	413383182	3.0
282895928	413383182	4.0
282896411	413383182	4.0
283167049	413383182	4.0
283170679	413383182	4.0
248173128	413383182	4.0
283172382	413383182	3.0
283167072	413383182	4.0
282890543	413383182	5.0
248173111	413383182	4.0
270200249	413383182	4.0
413383183	413383183	0
413383184	413383183	2.0
413383185	413383183	3.0
413383186	413383183	3.0
273625115	413383183	5.0
273839227	413383183	5.0
273839237	413383183	5.0
282896527	413383183	4.0
283175543	413383183	3.0
248289688	413383183	4.0
248290776	413383183	4.0
412807877	413383183	3.0
485118562	413383183	4.0
485118564	413383183	4.0
282356700	413383183	5.0
282896353	413383183	4.0
554050060	413383183	4.0
610901696	413383183	4.0
445818970	413383183	4.0
326464534	413383183	4.0
261479135	413383183	4.0
281477531	413383183	4.0
281478459	413383183	4.0
507424796	413383183	4.0
507424799	413383183	4.0
507424801	413383183	4.0
507424803	413383183	3.0
507424810	413383183	3.0
485118563	413383183	4.0
261880301	413383183	4.0
261881209	413383183	4.0
270200275	413383183	4.0
273839232	413383183	4.0
274454558	413383183	4.0
283168864	413383183	4.0
283186040	413383183	4.0
283168861	413383183	4.0
283170680	413383183	4.0
507424862	413383183	3.0
507425099	413383183	3.0
282895928	413383183	4.0
282896411	413383183	4.0
283167049	413383183	4.0
283170679	413383183	4.0
248173128	413383183	5.0
283172382	413383183	4.0
283167072	413383183	4.0
282890543	413383183	5.0
248173111	413383183	5.0
270200249	413383183	4.0
413383184	413383184	0
413383185	413383184	0.0
413383186	413383184	0.0
273625115	413383184	5.0
273839227	413383184	5.0
273839237	413383184	5.0
282896527	413383184	5.0
283175543	413383184	3.0
248289688	413383184	3.0
248290776	413383184	3.0
412807877	413383184	1.0
485118562	413383184	3.0
485118564	413383184	4.0
282356700	413383184	5.0
282896353	413383184	5.0
554050060	413383184	5.0
610901696	413383184	5.0
445818970	413383184	5.0
326464534	413383184	4.0
261479135	413383184	4.0
281477531	413383184	4.0
281478459	413383184	3.0
507424796	413383184	4.0
507424799	413383184	4.0
507424801	413383184	4.0
507424803	413383184	3.0
507424810	413383184	3.0
485118563	413383184	3.0
261880301	413383184	5.0
261881209	413383184	4.0
270200275	413383184	4.0
273839232	413383184	4.0
274454558	413383184	4.0
283168864	413383184	4.0
283186040	413383184	4.0
283168861	413383184	4.0
283170680	413383184	4.0
507424862	413383184	3.0
507425099	413383184	3.0
282895928	413383184	4.0
282896411	413383184	4.0
283167049	413383184	4.0
283170679	413383184	4.0
248173128	413383184	4.0
283172382	413383184	4.0
283167072	413383184	4.0
282890543	413383184	5.0
248173111	413383184	4.0
270200249	413383184	4.0
413383185	413383185	0
413383186	413383185	0.0
273625115	413383185	5.0
273839227	413383185	5.0
273839237	413383185	5.0
282896527	413383185	4.0
283175543	413383185	3.0
248289688	413383185	3.0
248290776	413383185	3.0
412807877	413383185	0.0
485118562	413383185	3.0
485118564	413383185	4.0
282356700	413383185	5.0
282896353	413383185	5.0
554050060	413383185	4.0
610901696	413383185	4.0
445818970	413383185	4.0
326464534	413383185	4.0
261479135	413383185	4.0
281477531	413383185	4.0
281478459	413383185	3.0
507424796	413383185	4.0
507424799	413383185	4.0
507424801	413383185	4.0
507424803	413383185	3.0
507424810	413383185	3.0
485118563	413383185	3.0
261880301	413383185	5.0
261881209	413383185	4.0
270200275	413383185	4.0
273839232	413383185	4.0
274454558	413383185	4.0
283168864	413383185	4.0
283186040	413383185	4.0
283168861	413383185	4.0
283170680	413383185	4.0
507424862	413383185	3.0
507425099	413383185	3.0
282895928	413383185	4.0
282896411	413383185	4.0
283167049	413383185	4.0
283170679	413383185	4.0
248173128	413383185	4.0
283172382	413383185	4.0
283167072	413383185	4.0
282890543	413383185	5.0
248173111	413383185	4.0
270200249	413383185	4.0
413383186	413383186	0
273625115	413383186	5.0
273839227	413383186	5.0
273839237	413383186	5.0
282896527	413383186	4.0
283175543	413383186	3.0
248289688	413383186	3.0
248290776	413383186	3.0
412807877	413383186	0.0
485118562	413383186	3.0
485118564	413383186	4.0
282356700	413383186	5.0
282896353	413383186	5.0
554050060	413383186	4.0
610901696	413383186	4.0
445818970	413383186	4.0
326464534	413383186	4.0
261479135	413383186	4.0
281477531	413383186	4.0
281478459	413383186	3.0
507424796	413383186	4.0
507424799	413383186	4.0
507424801	413383186	4.0
507424803	413383186	3.0
507424810	413383186	3.0
485118563	413383186	3.0
261880301	413383186	5.0
261881209	413383186	4.0
270200275	413383186	4.0
273839232	413383186	4.0
274454558	413383186	4.0
283168864	413383186	4.0
283186040	413383186	4.0
283168861	413383186	4.0
283170680	413383186	4.0
507424862	413383186	3.0
507425099	413383186	3.0
282895928	413383186	4.0
282896411	413383186	4.0
283167049	413383186	4.0
283170679	413383186	4.0
248173128	413383186	4.0
283172382	413383186	4.0
283167072	413383186	4.0
282890543	413383186	5.0
248173111	413383186	4.0
270200249	413383186	4.0
273625115	273625115	0
273839227	273625115	0.0
273839237	273625115	1.0
282896527	273625115	3.0
283175543	273625115	4.0
248289688	273625115	4.0
248290776	273625115	4.0
412807877	273625115	5.0
485118562	273625115	4.0
485118564	273625115	4.0
282356700	273625115	1.0
282896353	273625115	2.0
554050060	273625115	3.0
610901696	273625115	3.0
445818970	273625115	3.0
326464534	273625115	4.0
261479135	273625115	4.0
281477531	273625115	4.0
281478459	273625115	4.0
507424796	273625115	4.0
507424799	273625115	4.0
507424801	273625115	4.0
507424803	273625115	4.0
507424810	273625115	4.0
485118563	273625115	4.0
261880301	273625115	3.0
261881209	273625115	3.0
270200275	273625115	3.0
273839232	273625115	3.0
274454558	273625115	4.0
283168864	273625115	4.0
283186040	273625115	5.0
283168861	273625115	4.0
283170680	273625115	4.0
507424862	273625115	4.0
507425099	273625115	4.0
282895928	273625115	3.0
282896411	273625115	3.0
283167049	273625115	4.0
283170679	273625115	4.0
248173128	273625115	2.0
283172382	273625115	4.0
283167072	273625115	4.0
282890543	273625115	1.0
248173111	273625115	2.0
270200249	273625115	3.0
273839227	273839227	0
273839237	273839227	1.0
282896527	273839227	3.0
283175543	273839227	4.0
248289688	273839227	4.0
248290776	273839227	4.0
412807877	273839227	5.0
485118562	273839227	4.0
485118564	273839227	4.0
282356700	273839227	1.0
282896353	273839227	2.0
554050060	273839227	3.0
610901696	273839227	3.0
445818970	273839227	3.0
326464534	273839227	4.0
261479135	273839227	4.0
281477531	273839227	4.0
281478459	273839227	4.0
507424796	273839227	4.0
507424799	273839227	4.0
507424801	273839227	4.0
507424803	273839227	4.0
507424810	273839227	4.0
485118563	273839227	4.0
261880301	273839227	3.0
261881209	273839227	3.0
270200275	273839227	3.0
273839232	273839227	3.0
274454558	273839227	4.0
283168864	273839227	4.0
283186040	273839227	5.0
283168861	273839227	4.0
283170680	273839227	4.0
507424862	273839227	4.0
507425099	273839227	4.0
282895928	273839227	3.0
282896411	273839227	3.0
283167049	273839227	4.0
283170679	273839227	4.0
248173128	273839227	2.0
283172382	273839227	4.0
283167072	273839227	4.0
282890543	273839227	1.0
248173111	273839227	2.0
270200249	273839227	3.0
273839237	273839237	0
282896527	273839237	3.0
283175543	273839237	4.0
248289688	273839237	4.0
248290776	273839237	4.0
412807877	273839237	5.0
485118562	273839237	4.0
485118564	273839237	4.0
282356700	273839237	0.0
282896353	273839237	3.0
554050060	273839237	3.0
610901696	273839237	3.0
445818970	273839237	3.0
326464534	273839237	4.0
261479135	273839237	4.0
281477531	273839237	4.0
281478459	273839237	4.0
507424796	273839237	4.0
507424799	273839237	4.0
507424801	273839237	4.0
507424803	273839237	4.0
507424810	273839237	4.0
485118563	273839237	4.0
261880301	273839237	3.0
261881209	273839237	3.0
270200275	273839237	3.0
273839232	273839237	3.0
274454558	273839237	4.0
283168864	273839237	4.0
283186040	273839237	5.0
283168861	273839237	4.0
283170680	273839237	4.0
507424862	273839237	4.0
507425099	273839237	4.0
282895928	273839237	3.0
282896411	273839237	3.0
283167049	273839237	4.0
283170679	273839237	4.0
248173128	273839237	2.0
283172382	273839237	4.0
283167072	273839237	4.0
282890543	273839237	1.0
248173111	273839237	2.0
270200249	273839237	3.0
282896527	282896527	0
283175543	282896527	3.0
248289688	282896527	4.0
248290776	282896527	4.0
412807877	282896527	4.0
485118562	282896527	4.0
485118564	282896527	4.0
282356700	282896527	3.0
282896353	282896527	0.0
554050060	282896527	0.0
610901696	282896527	0.0
445818970	282896527	2.0
326464534	282896527	2.0
261479135	282896527	3.0
281477531	282896527	3.0
281478459	282896527	4.0
507424796	282896527	3.0
507424799	282896527	3.0
507424801	282896527	3.0
507424803	282896527	3.0
507424810	282896527	3.0
485118563	282896527	4.0
261880301	282896527	0.0
261881209	282896527	2.0
270200275	282896527	1.0
273839232	282896527	1.0
274454558	282896527	3.0
283168864	282896527	3.0
283186040	282896527	4.0
283168861	282896527	3.0
283170680	282896527	3.0
507424862	282896527	3.0
507425099	282896527	4.0
282895928	282896527	0.0
282896411	282896527	2.0
283167049	282896527	3.0
283170679	282896527	3.0
248173128	282896527	2.0
283172382	282896527	3.0
283167072	282896527	2.0
282890543	282896527	3.0
248173111	282896527	2.0
270200249	282896527	1.0
283175543	283175543	0
248289688	283175543	3.0
248290776	283175543	3.0
412807877	283175543	3.0
485118562	283175543	3.0
485118564	283175543	3.0
282356700	283175543	4.0
282896353	283175543	3.0
554050060	283175543	3.0
610901696	283175543	3.0
445818970	283175543	4.0
326464534	283175543	3.0
261479135	283175543	2.0
281477531	283175543	2.0
281478459	283175543	2.0
507424796	283175543	1.0
507424799	283175543	1.0
507424801	283175543	2.0
507424803	283175543	1.0
507424810	283175543	2.0
485118563	283175543	3.0
261880301	283175543	3.0
261881209	283175543	3.0
270200275	283175543	3.0
273839232	283175543	3.0
274454558	283175543	2.0
283168864	283175543	2.0
283186040	283175543	3.0
283168861	283175543	2.0
283170680	283175543	2.0
507424862	283175543	2.0
507425099	283175543	2.0
282895928	283175543	3.0
282896411	283175543	3.0
283167049	283175543	2.0
283170679	283175543	2.0
248173128	283175543	4.0
283172382	283175543	2.0
283167072	283175543	3.0
282890543	283175543	4.0
248173111	283175543	4.0
270200249	283175543	3.0
248289688	248289688	0
248290776	248289688	0.0
412807877	248289688	3.0
485118562	248289688	0.0
485118564	248289688	2.0
282356700	248289688	5.0
282896353	248289688	4.0
554050060	248289688	4.0
610901696	248289688	4.0
445818970	248289688	4.0
326464534	248289688	4.0
261479135	248289688	3.0
281477531	248289688	3.0
281478459	248289688	2.0
507424796	248289688	3.0
507424799	248289688	4.0
507424801	248289688	3.0
507424803	248289688	3.0
507424810	248289688	3.0
485118563	248289688	0.0
261880301	248289688	4.0
261881209	248289688	4.0
270200275	248289688	4.0
273839232	248289688	4.0
274454558	248289688	3.0
283168864	248289688	3.0
283186040	248289688	4.0
283168861	248289688	3.0
283170680	248289688	3.0
507424862	248289688	3.0
507425099	248289688	3.0
282895928	248289688	4.0
282896411	248289688	4.0
283167049	248289688	3.0
283170679	248289688	3.0
248173128	248289688	4.0
283172382	248289688	3.0
283167072	248289688	4.0
282890543	248289688	4.0
248173111	248289688	4.0
270200249	248289688	4.0
248290776	248290776	0
412807877	248290776	3.0
485118562	248290776	0.0
485118564	248290776	2.0
282356700	248290776	5.0
282896353	248290776	4.0
554050060	248290776	4.0
610901696	248290776	4.0
445818970	248290776	4.0
326464534	248290776	4.0
261479135	248290776	3.0
281477531	248290776	3.0
281478459	248290776	2.0
507424796	248290776	3.0
507424799	248290776	4.0
507424801	248290776	3.0
507424803	248290776	3.0
507424810	248290776	3.0
485118563	248290776	0.0
261880301	248290776	4.0
261881209	248290776	4.0
270200275	248290776	4.0
273839232	248290776	4.0
274454558	248290776	3.0
283168864	248290776	3.0
283186040	248290776	4.0
283168861	248290776	3.0
283170680	248290776	3.0
507424862	248290776	3.0
507425099	248290776	3.0
282895928	248290776	4.0
282896411	248290776	4.0
283167049	248290776	3.0
283170679	248290776	3.0
248173128	248290776	4.0
283172382	248290776	3.0
283167072	248290776	4.0
282890543	248290776	4.0
248173111	248290776	4.0
270200249	248290776	4.0
412807877	412807877	0
485118562	412807877	3.0
485118564	412807877	4.0
282356700	412807877	5.0
282896353	412807877	5.0
554050060	412807877	4.0
610901696	412807877	4.0
445818970	412807877	4.0
326464534	412807877	4.0
261479135	412807877	4.0
281477531	412807877	4.0
281478459	412807877	3.0
507424796	412807877	4.0
507424799	412807877	4.0
507424801	412807877	4.0
507424803	412807877	3.0
507424810	412807877	3.0
485118563	412807877	3.0
261880301	412807877	5.0
261881209	412807877	4.0
270200275	412807877	4.0
273839232	412807877	4.0
274454558	412807877	4.0
283168864	412807877	4.0
283186040	412807877	4.0
283168861	412807877	4.0
283170680	412807877	4.0
507424862	412807877	3.0
507425099	412807877	3.0
282895928	412807877	4.0
282896411	412807877	4.0
283167049	412807877	4.0
283170679	412807877	4.0
248173128	412807877	4.0
283172382	412807877	4.0
283167072	412807877	4.0
282890543	412807877	5.0
248173111	412807877	4.0
270200249	412807877	4.0
485118562	485118562	0
485118564	485118562	2.0
282356700	485118562	5.0
282896353	485118562	4.0
554050060	485118562	4.0
610901696	485118562	4.0
445818970	485118562	4.0
326464534	485118562	4.0
261479135	485118562	3.0
281477531	485118562	3.0
281478459	485118562	2.0
507424796	485118562	3.0
507424799	485118562	4.0
507424801	485118562	3.0
507424803	485118562	3.0
507424810	485118562	3.0
485118563	485118562	0.0
261880301	485118562	4.0
261881209	485118562	4.0
270200275	485118562	4.0
273839232	485118562	4.0
274454558	485118562	3.0
283168864	485118562	3.0
283186040	485118562	4.0
283168861	485118562	3.0
283170680	485118562	3.0
507424862	485118562	3.0
507425099	485118562	3.0
282895928	485118562	4.0
282896411	485118562	4.0
283167049	485118562	3.0
283170679	485118562	3.0
248173128	485118562	4.0
283172382	485118562	4.0
283167072	485118562	4.0
282890543	485118562	4.0
248173111	485118562	4.0
270200249	485118562	4.0
485118564	485118564	0
282356700	485118564	4.0
282896353	485118564	4.0
554050060	485118564	4.0
610901696	485118564	4.0
445818970	485118564	4.0
326464534	485118564	3.0
261479135	485118564	2.0
281477531	485118564	2.0
281478459	485118564	2.0
507424796	485118564	3.0
507424799	485118564	3.0
507424801	485118564	3.0
507424803	485118564	3.0
507424810	485118564	3.0
485118563	485118564	2.0
261880301	485118564	4.0
261881209	485118564	3.0
270200275	485118564	4.0
273839232	485118564	3.0
274454558	485118564	3.0
283168864	485118564	2.0
283186040	485118564	4.0
283168861	485118564	3.0
283170680	485118564	2.0
507424862	485118564	3.0
507425099	485118564	3.0
282895928	485118564	4.0
282896411	485118564	4.0
283167049	485118564	3.0
283170679	485118564	3.0
248173128	485118564	4.0
283172382	485118564	3.0
283167072	485118564	3.0
282890543	485118564	4.0
248173111	485118564	4.0
270200249	485118564	4.0
282356700	282356700	0
282896353	282356700	3.0
554050060	282356700	4.0
610901696	282356700	4.0
445818970	282356700	3.0
326464534	282356700	4.0
261479135	282356700	4.0
281477531	282356700	4.0
281478459	282356700	4.0
507424796	282356700	4.0
507424799	282356700	4.0
507424801	282356700	4.0
507424803	282356700	4.0
507424810	282356700	4.0
485118563	282356700	4.0
261880301	282356700	3.0
261881209	282356700	3.0
270200275	282356700	3.0
273839232	282356700	3.0
274454558	282356700	4.0
283168864	282356700	4.0
283186040	282356700	5.0
283168861	282356700	4.0
283170680	282356700	4.0
507424862	282356700	4.0
507425099	282356700	4.0
282895928	282356700	3.0
282896411	282356700	3.0
283167049	282356700	4.0
283170679	282356700	4.0
248173128	282356700	2.0
283172382	282356700	4.0
283167072	282356700	4.0
282890543	282356700	2.0
248173111	282356700	3.0
270200249	282356700	3.0
282896353	282896353	0
554050060	282896353	1.0
610901696	282896353	1.0
445818970	282896353	3.0
326464534	282896353	3.0
261479135	282896353	3.0
281477531	282896353	3.0
281478459	282896353	4.0
507424796	282896353	3.0
507424799	282896353	3.0
507424801	282896353	3.0
507424803	282896353	4.0
507424810	282896353	4.0
485118563	282896353	4.0
261880301	282896353	1.0
261881209	282896353	2.0
270200275	282896353	2.0
273839232	282896353	2.0
274454558	282896353	3.0
283168864	282896353	3.0
283186040	282896353	4.0
283168861	282896353	3.0
283170680	282896353	3.0
507424862	282896353	4.0
507425099	282896353	4.0
282895928	282896353	1.0
282896411	282896353	2.0
283167049	282896353	3.0
283170679	282896353	3.0
248173128	282896353	2.0
283172382	282896353	3.0
283167072	282896353	3.0
282890543	282896353	2.0
248173111	282896353	2.0
270200249	282896353	2.0
554050060	554050060	0
610901696	554050060	0.0
445818970	554050060	2.0
326464534	554050060	3.0
261479135	554050060	3.0
281477531	554050060	3.0
281478459	554050060	4.0
507424796	554050060	3.0
507424799	554050060	3.0
507424801	554050060	3.0
507424803	554050060	4.0
507424810	554050060	4.0
485118563	554050060	4.0
261880301	554050060	1.0
261881209	554050060	2.0
270200275	554050060	1.0
273839232	554050060	2.0
274454558	554050060	3.0
283168864	554050060	3.0
283186040	554050060	4.0
283168861	554050060	3.0
283170680	554050060	3.0
507424862	554050060	4.0
507425099	554050060	4.0
282895928	554050060	1.0
282896411	554050060	2.0
283167049	554050060	3.0
283170679	554050060	3.0
248173128	554050060	3.0
283172382	554050060	2.0
283167072	554050060	2.0
282890543	554050060	3.0
248173111	554050060	3.0
270200249	554050060	2.0
610901696	610901696	0
445818970	610901696	2.0
326464534	610901696	2.0
261479135	610901696	3.0
281477531	610901696	3.0
281478459	610901696	4.0
507424796	610901696	3.0
507424799	610901696	3.0
507424801	610901696	3.0
507424803	610901696	4.0
507424810	610901696	4.0
485118563	610901696	4.0
261880301	610901696	1.0
261881209	610901696	2.0
270200275	610901696	1.0
273839232	610901696	2.0
274454558	610901696	3.0
283168864	610901696	3.0
283186040	610901696	4.0
283168861	610901696	3.0
283170680	610901696	3.0
507424862	610901696	4.0
507425099	610901696	4.0
282895928	610901696	1.0
282896411	610901696	2.0
283167049	610901696	3.0
283170679	610901696	3.0
248173128	610901696	3.0
283172382	610901696	2.0
283167072	610901696	2.0
282890543	610901696	3.0
248173111	610901696	3.0
270200249	610901696	2.0
445818970	445818970	0
326464534	445818970	3.0
261479135	445818970	4.0
281477531	445818970	4.0
281478459	445818970	4.0
507424796	445818970	4.0
507424799	445818970	4.0
507424801	445818970	3.0
507424803	445818970	4.0
507424810	445818970	3.0
485118563	445818970	4.0
261880301	445818970	3.0
261881209	445818970	3.0
270200275	445818970	3.0
273839232	445818970	3.0
274454558	445818970	4.0
283168864	445818970	4.0
283186040	445818970	4.0
283168861	445818970	4.0
283170680	445818970	4.0
507424862	445818970	3.0
507425099	445818970	4.0
282895928	445818970	3.0
282896411	445818970	3.0
283167049	445818970	3.0
283170679	445818970	4.0
248173128	445818970	3.0
283172382	445818970	3.0
283167072	445818970	3.0
282890543	445818970	3.0
248173111	445818970	3.0
270200249	445818970	3.0
326464534	326464534	0
261479135	326464534	3.0
281477531	326464534	3.0
281478459	326464534	3.0
507424796	326464534	2.0
507424799	326464534	2.0
507424801	326464534	2.0
507424803	326464534	3.0
507424810	326464534	3.0
485118563	326464534	4.0
261880301	326464534	2.0
261881209	326464534	2.0
270200275	326464534	2.0
273839232	326464534	2.0
274454558	326464534	3.0
283168864	326464534	3.0
283186040	326464534	4.0
283168861	326464534	2.0
283170680	326464534	3.0
507424862	326464534	3.0
507425099	326464534	3.0
282895928	326464534	2.0
282896411	326464534	3.0
283167049	326464534	2.0
283170679	326464534	2.0
248173128	326464534	3.0
283172382	326464534	1.0
283167072	326464534	0.0
282890543	326464534	4.0
248173111	326464534	3.0
270200249	326464534	2.0
261479135	261479135	0
281477531	261479135	2.0
281478459	261479135	2.0
507424796	261479135	2.0
507424799	261479135	2.0
507424801	261479135	2.0
507424803	261479135	2.0
507424810	261479135	3.0
485118563	261479135	3.0
261880301	261479135	3.0
261881209	261479135	3.0
270200275	261479135	3.0
273839232	261479135	3.0
274454558	261479135	1.0
283168864	261479135	2.0
283186040	261479135	3.0
283168861	261479135	1.0
283170680	261479135	0.0
507424862	261479135	3.0
507425099	261479135	2.0
282895928	261479135	3.0
282896411	261479135	3.0
283167049	261479135	2.0
283170679	261479135	1.0
248173128	261479135	4.0
283172382	261479135	3.0
283167072	261479135	3.0
282890543	261479135	4.0
248173111	261479135	3.0
270200249	261479135	3.0
281477531	281477531	0
281478459	281477531	2.0
507424796	281477531	2.0
507424799	281477531	3.0
507424801	281477531	2.0
507424803	281477531	3.0
507424810	281477531	3.0
485118563	281477531	3.0
261880301	281477531	3.0
261881209	281477531	3.0
270200275	281477531	3.0
273839232	281477531	3.0
274454558	281477531	0.0
283168864	281477531	0.0
283186040	281477531	4.0
283168861	281477531	1.0
283170680	281477531	2.0
507424862	281477531	3.0
507425099	281477531	3.0
282895928	281477531	3.0
282896411	281477531	3.0
283167049	281477531	2.0
283170679	281477531	1.0
248173128	281477531	4.0
283172382	281477531	3.0
283167072	281477531	3.0
282890543	281477531	4.0
248173111	281477531	4.0
270200249	281477531	3.0
281478459	281478459	0
507424796	281478459	2.0
507424799	281478459	3.0
507424801	281478459	3.0
507424803	281478459	3.0
507424810	281478459	3.0
485118563	281478459	2.0
261880301	281478459	4.0
261881209	281478459	3.0
270200275	281478459	3.0
273839232	281478459	3.0
274454558	281478459	2.0
283168864	281478459	2.0
283186040	281478459	4.0
283168861	281478459	3.0
283170680	281478459	2.0
507424862	281478459	3.0
507425099	281478459	2.0
282895928	281478459	4.0
282896411	281478459	4.0
283167049	281478459	3.0
283170679	281478459	2.0
248173128	281478459	4.0
283172382	281478459	3.0
283167072	281478459	3.0
282890543	281478459	4.0
248173111	281478459	4.0
270200249	281478459	4.0
507424796	507424796	0
507424799	507424796	0.0
507424801	507424796	1.0
507424803	507424796	1.0
507424810	507424796	2.0
485118563	507424796	3.0
261880301	507424796	3.0
261881209	507424796	2.0
270200275	507424796	3.0
273839232	507424796	2.0
274454558	507424796	2.0
283168864	507424796	2.0
283186040	507424796	3.0
283168861	507424796	1.0
283170680	507424796	2.0
507424862	507424796	2.0
507425099	507424796	2.0
282895928	507424796	3.0
282896411	507424796	3.0
283167049	507424796	1.0
283170679	507424796	1.0
248173128	507424796	3.0
283172382	507424796	2.0
283167072	507424796	2.0
282890543	507424796	4.0
248173111	507424796	3.0
270200249	507424796	3.0
507424799	507424799	0
507424801	507424799	0.0
507424803	507424799	1.0
507424810	507424799	2.0
485118563	507424799	3.0
261880301	507424799	3.0
261881209	507424799	3.0
270200275	507424799	3.0
273839232	507424799	3.0
274454558	507424799	2.0
283168864	507424799	3.0
283186040	507424799	3.0
283168861	507424799	2.0
283170680	507424799	2.0
507424862	507424799	2.0
507425099	507424799	2.0
282895928	507424799	3.0
282896411	507424799	3.0
283167049	507424799	1.0
283170679	507424799	2.0
248173128	507424799	3.0
283172382	507424799	1.0
283167072	507424799	2.0
282890543	507424799	4.0
248173111	507424799	3.0
270200249	507424799	3.0
507424801	507424801	0
507424803	507424801	2.0
507424810	507424801	2.0
485118563	507424801	3.0
261880301	507424801	3.0
261881209	507424801	2.0
270200275	507424801	2.0
273839232	507424801	2.0
274454558	507424801	2.0
283168864	507424801	2.0
283186040	507424801	4.0
283168861	507424801	2.0
283170680	507424801	2.0
507424862	507424801	2.0
507425099	507424801	3.0
282895928	507424801	2.0
282896411	507424801	3.0
283167049	507424801	0.0
283170679	507424801	1.0
248173128	507424801	3.0
283172382	507424801	1.0
283167072	507424801	2.0
282890543	507424801	4.0
248173111	507424801	3.0
270200249	507424801	3.0
507424803	507424803	0
507424810	507424803	0.0
485118563	507424803	3.0
261880301	507424803	3.0
261881209	507424803	3.0
270200275	507424803	3.0
273839232	507424803	3.0
274454558	507424803	3.0
283168864	507424803	3.0
283186040	507424803	3.0
283168861	507424803	2.0
283170680	507424803	3.0
507424862	507424803	0.0
507425099	507424803	1.0
282895928	507424803	3.0
282896411	507424803	3.0
283167049	507424803	2.0
283170679	507424803	2.0
248173128	507424803	4.0
283172382	507424803	2.0
283167072	507424803	3.0
282890543	507424803	4.0
248173111	507424803	4.0
270200249	507424803	3.0
507424810	507424810	0
485118563	507424810	3.0
261880301	507424810	3.0
261881209	507424810	3.0
270200275	507424810	3.0
273839232	507424810	3.0
274454558	507424810	3.0
283168864	507424810	3.0
283186040	507424810	3.0
283168861	507424810	3.0
283170680	507424810	3.0
507424862	507424810	0.0
507425099	507424810	1.0
282895928	507424810	3.0
282896411	507424810	3.0
283167049	507424810	2.0
283170679	507424810	2.0
248173128	507424810	4.0
283172382	507424810	2.0
283167072	507424810	3.0
282890543	507424810	4.0
248173111	507424810	4.0
270200249	507424810	3.0
485118563	485118563	0
261880301	485118563	4.0
261881209	485118563	4.0
270200275	485118563	4.0
273839232	485118563	4.0
274454558	485118563	3.0
283168864	485118563	3.0
283186040	485118563	3.0
283168861	485118563	3.0
283170680	485118563	3.0
507424862	485118563	3.0
507425099	485118563	3.0
282895928	485118563	4.0
282896411	485118563	4.0
283167049	485118563	3.0
283170679	485118563	3.0
248173128	485118563	4.0
283172382	485118563	4.0
283167072	485118563	4.0
282890543	485118563	4.0
248173111	485118563	4.0
270200249	485118563	4.0
261880301	261880301	0
261881209	261880301	1.0
270200275	261880301	0.0
273839232	261880301	1.0
274454558	261880301	3.0
283168864	261880301	3.0
283186040	261880301	4.0
283168861	261880301	3.0
283170680	261880301	3.0
507424862	261880301	3.0
507425099	261880301	4.0
282895928	261880301	0.0
282896411	261880301	1.0
283167049	261880301	2.0
283170679	261880301	3.0
248173128	261880301	2.0
283172382	261880301	3.0
283167072	261880301	2.0
282890543	261880301	3.0
248173111	261880301	2.0
270200249	261880301	0.0
261881209	261881209	0
270200275	261881209	1.0
273839232	261881209	0.0
274454558	261881209	3.0
283168864	261881209	3.0
283186040	261881209	4.0
283168861	261881209	2.0
283170680	261881209	3.0
507424862	261881209	3.0
507425099	261881209	3.0
282895928	261881209	1.0
282896411	261881209	2.0
283167049	261881209	2.0
283170679	261881209	2.0
248173128	261881209	3.0
283172382	261881209	2.0
283167072	261881209	2.0
282890543	261881209	3.0
248173111	261881209	2.0
270200249	261881209	1.0
270200275	270200275	0
273839232	270200275	0.0
274454558	270200275	3.0
283168864	270200275	3.0
283186040	270200275	4.0
283168861	270200275	3.0
283170680	270200275	3.0
507424862	270200275	3.0
507425099	270200275	3.0
282895928	270200275	0.0
282896411	270200275	1.0
283167049	270200275	2.0
283170679	270200275	2.0
248173128	270200275	2.0
283172382	270200275	3.0
283167072	270200275	2.0
282890543	270200275	3.0
248173111	270200275	2.0
270200249	270200275	0.0
273839232	273839232	0
274454558	273839232	3.0
283168864	273839232	3.0
283186040	273839232	4.0
283168861	273839232	2.0
283170680	273839232	3.0
507424862	273839232	3.0
507425099	273839232	3.0
282895928	273839232	0.0
282896411	273839232	1.0
283167049	273839232	2.0
283170679	273839232	2.0
248173128	273839232	2.0
283172382	273839232	2.0
283167072	273839232	2.0
282890543	273839232	3.0
248173111	273839232	2.0
270200249	273839232	1.0
274454558	274454558	0
283168864	274454558	0.0
283186040	274454558	4.0
283168861	274454558	0.0
283170680	274454558	1.0
507424862	274454558	3.0
507425099	274454558	3.0
282895928	274454558	3.0
282896411	274454558	3.0
283167049	274454558	1.0
283170679	274454558	0.0
248173128	274454558	4.0
283172382	274454558	3.0
283167072	274454558	3.0
282890543	274454558	4.0
248173111	274454558	3.0
270200249	274454558	3.0
283168864	283168864	0
283186040	283168864	4.0
283168861	283168864	1.0
283170680	283168864	2.0
507424862	283168864	3.0
507425099	283168864	3.0
282895928	283168864	3.0
282896411	283168864	3.0
283167049	283168864	2.0
283170679	283168864	1.0
248173128	283168864	4.0
283172382	283168864	3.0
283167072	283168864	3.0
282890543	283168864	4.0
248173111	283168864	4.0
270200249	283168864	3.0
283186040	283186040	0
283168861	283186040	4.0
283170680	283186040	3.0
507424862	283186040	3.0
507425099	283186040	3.0
282895928	283186040	4.0
282896411	283186040	4.0
283167049	283186040	4.0
283170679	283186040	4.0
248173128	283186040	5.0
283172382	283186040	3.0
283167072	283186040	4.0
282890543	283186040	5.0
248173111	283186040	5.0
270200249	283186040	4.0
283168861	283168861	0
283170680	283168861	1.0
507424862	283168861	3.0
507425099	283168861	3.0
282895928	283168861	3.0
282896411	283168861	3.0
283167049	283168861	1.0
283170679	283168861	0.0
248173128	283168861	3.0
283172382	283168861	2.0
283167072	283168861	2.0
282890543	283168861	4.0
248173111	283168861	3.0
270200249	283168861	3.0
283170680	283170680	0
507424862	283170680	3.0
507425099	283170680	2.0
282895928	283170680	3.0
282896411	283170680	3.0
283167049	283170680	2.0
283170679	283170680	1.0
248173128	283170680	4.0
283172382	283170680	3.0
283167072	283170680	3.0
282890543	283170680	4.0
248173111	283170680	3.0
270200249	283170680	3.0
507424862	507424862	0
507425099	507424862	1.0
282895928	507424862	3.0
282896411	507424862	3.0
283167049	507424862	2.0
283170679	507424862	2.0
248173128	507424862	4.0
283172382	507424862	2.0
283167072	507424862	3.0
282890543	507424862	4.0
248173111	507424862	4.0
270200249	507424862	3.0
507425099	507425099	0
282895928	507425099	3.0
282896411	507425099	4.0
283167049	507425099	3.0
283170679	507425099	3.0
248173128	507425099	4.0
283172382	507425099	2.0
283167072	507425099	3.0
282890543	507425099	4.0
248173111	507425099	4.0
270200249	507425099	3.0
282895928	282895928	0
282896411	282895928	1.0
283167049	282895928	2.0
283170679	282895928	2.0
248173128	282895928	2.0
283172382	282895928	3.0
283167072	282895928	2.0
282890543	282895928	3.0
248173111	282895928	2.0
270200249	282895928	0.0
282896411	282896411	0
283167049	282896411	3.0
283170679	282896411	3.0
248173128	282896411	3.0
283172382	282896411	3.0
283167072	282896411	3.0
282890543	282896411	3.0
248173111	282896411	2.0
270200249	282896411	1.0
283167049	283167049	0
283170679	283167049	0.0
248173128	283167049	3.0
283172382	283167049	2.0
283167072	283167049	2.0
282890543	283167049	4.0
248173111	283167049	3.0
270200249	283167049	2.0
283170679	283170679	0
248173128	283170679	3.0
283172382	283170679	2.0
283167072	283170679	2.0
282890543	283170679	4.0
248173111	283170679	3.0
270200249	283170679	3.0
248173128	248173128	0
283172382	248173128	3.0
283167072	248173128	3.0
282890543	248173128	2.0
248173111	248173128	0.0
270200249	248173128	2.0
283172382	283172382	0
283167072	283172382	1.0
282890543	283172382	4.0
248173111	283172382	3.0
270200249	283172382	3.0
283167072	283167072	0
282890543	283167072	4.0
248173111	283167072	3.0
270200249	283167072	2.0
282890543	282890543	0
248173111	282890543	2.0
270200249	282890543	3.0
248173111	248173111	0
270200249	248173111	2.0
270200249	270200249	0
