284436498	[-46,51.0,-5.0]	40.76170047999999	-73.77448034	0.10583339420772982	0.10093367113226442	0.2628750861601818	0.0008924199792131696	0.8236559139784946	0.4891674856348553
284436507	[-46,50.0,-4.0]	40.76149735	-73.77438791249999	0.10583339420772982	0.10093367113226442	0.2628750861601818	0.0008924199792131696	0.8236559139784946	0.4891674856348553
284436513	[-47,50.0,-3.0]	40.76130791333334	-73.77429134666666	0.10583339420772982	0.10093367113226442	0.2628750861601818	0.0008924199792131696	0.8236559139784946	0.4891674856348553
284460176	[-89,98.0,-9.0]	40.7575283	-73.78284346363635	0.10583339420772982	0.10093367113226442	0.2628750861601818	0.0008924199792131696	0.8236559139784946	0.4891674856348553
284435387	[-38,25.0,13.0]	40.76052308	-73.7698281	0.10583339420772982	0.10093367113226442	0.2628750861601818	0.0008924199792131696	0.8236559139784946	0.4891674856348553
284845039	[-28,101.0,-73.0]	40.77044235714286	-73.78420935714284	0.10583339420772982	0.10093367113226442	0.2628750861601818	0.0008924199792131696	0.8236559139784946	0.4891674856348553
243732062	[20,20.0,-40.0]	40.771949660000004	-73.76902982	0.10583339420772982	0.10093367113226442	0.2628750861601818	0.0008924199792131696	0.8236559139784946	0.4891674856348553
564802637	[9,33.0,-42.0]	40.770969714285705	-73.77130234285717	0.10583339420772982	0.10093367113226442	0.2628750861601818	0.0008924199792131696	0.8236559139784946	0.4891674856348553
564802644	[28,10.0,-38.0]	40.772490787500004	-73.76720736249999	0.10583339420772982	0.10093367113226442	0.2628750861601818	0.0008924199792131696	0.8236559139784946	0.4891674856348553
564802645	[12,21.0,-33.0]	40.77050389090908	-73.76916463636363	0.10583339420772982	0.10093367113226442	0.2628750861601818	0.0008924199792131696	0.8236559139784946	0.4891674856348553
564802646	[9,25.0,-34.0]	40.77027538	-73.76992277	0.10583339420772982	0.10093367113226442	0.2628750861601818	0.0008924199792131696	0.8236559139784946	0.4891674856348553
564802647	[32,17.0,-49.0]	40.774080825000006	-73.7685444125	0.10583339420772982	0.10093367113226442	0.2628750861601818	0.0008924199792131696	0.8236559139784946	0.4891674856348553
564802649	[30,22.0,-52.0]	40.77421552222222	-73.76945468888889	0.10583339420772982	0.10093367113226442	0.2628750861601818	0.0008924199792131696	0.8236559139784946	0.4891674856348553
564802650	[27,22.0,-49.0]	40.7735348625	-73.76940132499999	0.10583339420772982	0.10093367113226442	0.2628750861601818	0.0008924199792131696	0.8236559139784946	0.4891674856348553
564802651	[20,20.0,-40.0]	40.77198496	-73.76887581999999	0.10583339420772982	0.10093367113226442	0.2628750861601818	0.0008924199792131696	0.8236559139784946	0.4891674856348553
564802652	[21,18.0,-39.0]	40.77201442	-73.76871656	0.10583339420772982	0.10093367113226442	0.2628750861601818	0.0008924199792131696	0.8236559139784946	0.4891674856348553
564802653	[22,17.0,-39.0]	40.77204792	-73.76855906	0.10583339420772982	0.10093367113226442	0.2628750861601818	0.0008924199792131696	0.8236559139784946	0.4891674856348553
564802654	[22,17.0,-39.0]	40.77207876	-73.7684069	0.10583339420772982	0.10093367113226442	0.2628750861601818	0.0008924199792131696	0.8236559139784946	0.4891674856348553
564802655	[24,17.0,-41.0]	40.77239906	-73.76849536	0.10583339420772982	0.10093367113226442	0.2628750861601818	0.0008924199792131696	0.8236559139784946	0.4891674856348553
564802656	[23,18.0,-41.0]	40.772369579999996	-73.76865461999999	0.10583339420772982	0.10093367113226442	0.2628750861601818	0.0008924199792131696	0.8236559139784946	0.4891674856348553
564802657	[22,19.0,-41.0]	40.77233876	-73.76881741999999	0.10583339420772982	0.10093367113226442	0.2628750861601818	0.0008924199792131696	0.8236559139784946	0.4891674856348553
564802658	[22,20.0,-42.0]	40.772307899999994	-73.76897313999999	0.10583339420772982	0.10093367113226442	0.2628750861601818	0.0008924199792131696	0.8236559139784946	0.4891674856348553
564802659	[21,21.0,-42.0]	40.77227439999999	-73.76912886	0.10583339420772982	0.10093367113226442	0.2628750861601818	0.0008924199792131696	0.8236559139784946	0.4891674856348553
564802648	[34,17.0,-51.0]	40.77452832857143	-73.76853472857144	0.10583339420772982	0.10093367113226442	0.2628750861601818	0.0008924199792131696	0.8236559139784946	0.4891674856348553
284461231	[-79,101.0,-22.0]	40.75994310952381	-73.78390340000003	0.10583339420772982	0.10093367113226442	0.2628750861601818	0.0008924199792131696	0.8236559139784946	0.4891674856348553
284455940	[-47,101.0,-54.0]	40.76654125769231	-73.78534975	0.10583339420772982	0.10093367113226442	0.2628750861601818	0.0008924199792131696	0.8236559139784946	0.4891674856348553
330971432	[-18,88.0,-70.0]	40.77116217142857	-73.78113921428573	0.10583339420772982	0.10093367113226442	0.2628750861601818	0.0008924199792131696	0.8236559139784946	0.4891674856348553
284429363	[-66,38.0,28.0]	40.75619194482759	-73.77225999482759	0.10583339420772982	0.10093367113226442	0.2628750861601818	0.0008924199792131696	0.8236559139784946	0.4891674856348553
383575263	[-64,37.0,27.0]	40.75653624444445	-73.77207051111112	0.10583339420772982	0.10093367113226442	0.2628750861601818	0.0008924199792131696	0.8236559139784946	0.4891674856348553
284437599	[-38,55.0,-17.0]	40.763636787500005	-73.77526056250001	0.10583339420772982	0.10093367113226442	0.2628750861601818	0.0008924199792131696	0.8236559139784946	0.4891674856348553
284442647	[-20,40.0,-20.0]	40.76580868076922	-73.77261432307692	0.10583339420772982	0.10093367113226442	0.2628750861601818	0.0008924199792131696	0.8236559139784946	0.4891674856348553
383575290	[-49,19.0,30.0]	40.75767671999999	-73.76885159999999	0.10583339420772982	0.10093367113226442	0.2628750861601818	0.0008924199792131696	0.8236559139784946	0.4891674856348553
468338079	[-77,101.0,-24.0]	40.76040001250001	-73.784167725	0.10583339420772982	0.10093367113226442	0.2628750861601818	0.0008924199792131696	0.8236559139784946	0.4891674856348553
277176271	[-22,23.0,-1.0]	40.763667780000006	-73.76946482	0.10583339420772982	0.10093367113226442	0.2628750861601818	0.0008924199792131696	0.8236559139784946	0.4891674856348553
25163359	[-12,79.0,-67.0]	40.77149268	-73.7794072	0.10583339420772982	0.10093367113226442	0.2628750861601818	0.0008924199792131696	0.8236559139784946	0.4891674856348553
564802638	[25,20.0,-45.0]	40.77294978333333	-73.76898305	0.10583339420772982	0.10093367113226442	0.2628750861601818	0.0008924199792131696	0.8236559139784946	0.4891674856348553
575321062	[6,-22.0,16.0]	40.76478454666667	-73.76167178666667	0.10583339420772982	0.10093367113226442	0.2628750861601818	0.0008924199792131696	0.8236559139784946	0.4891674856348553
277175124	[-61,35.0,26.0]	40.75689244	-73.77159174	0.10583339420772982	0.10093367113226442	0.2628750861601818	0.0008924199792131696	0.8236559139784946	0.4891674856348553
531075964	[-8,-30.0,38.0]	40.761177079999996	-73.76007505999999	0.10583339420772982	0.10093367113226442	0.2628750861601818	0.0008924199792131696	0.8236559139784946	0.4891674856348553
284434861	[-39,26.0,13.0]	40.76043562222222	-73.77010143333332	0.10583339420772982	0.10093367113226442	0.2628750861601818	0.0008924199792131696	0.8236559139784946	0.4891674856348553
284455939	[-44,101.0,-57.0]	40.76708124347827	-73.78528837391305	0.10583339420772982	0.10093367113226442	0.2628750861601818	0.0008924199792131696	0.8236559139784946	0.4891674856348553
284436697	[-58,59.0,-1.0]	40.76005733333333	-73.77595868888889	0.10583339420772982	0.10093367113226442	0.2628750861601818	0.0008924199792131696	0.8236559139784946	0.4891674856348553
284442013	[-15,21.0,-6.0]	40.764816014285714	-73.76919778571428	0.10583339420772982	0.10093367113226442	0.2628750861601818	0.0008924199792131696	0.8236559139784946	0.4891674856348553
284442016	[-9,42.0,-33.0]	40.76833095384615	-73.77294057692308	0.10583339420772982	0.10093367113226442	0.2628750861601818	0.0008924199792131696	0.8236559139784946	0.4891674856348553
284442650	[1,16.0,-17.0]	40.76766527368421	-73.76828285263157	0.10583339420772982	0.10093367113226442	0.2628750861601818	0.0008924199792131696	0.8236559139784946	0.4891674856348553
321829039	[-11,42.0,-31.0]	40.76789862857142	-73.7728858857143	0.10583339420772982	0.10093367113226442	0.2628750861601818	0.0008924199792131696	0.8236559139784946	0.4891674856348553
583531681	[33,-4.0,-29.0]	40.77218355714285	-73.76461481428571	0.10583339420772982	0.10093367113226442	0.2628750861601818	0.0008924199792131696	0.8236559139784946	0.4891674856348553
583531682	[33,-1.0,-32.0]	40.772571985714286	-73.76527417142859	0.10583339420772982	0.10093367113226442	0.2628750861601818	0.0008924199792131696	0.8236559139784946	0.4891674856348553
284436498	284436498	0
284436507	284436498	0.0
284436513	284436498	0.0
284460176	284436498	3.0
284435387	284436498	3.0
284845039	284436498	4.0
243732062	284436498	4.0
564802637	284436498	3.0
564802644	284436498	4.0
564802645	284436498	3.0
564802646	284436498	3.0
564802647	284436498	4.0
564802649	284436498	4.0
564802650	284436498	4.0
564802651	284436498	4.0
564802652	284436498	4.0
564802653	284436498	4.0
564802654	284436498	4.0
564802655	284436498	4.0
564802656	284436498	4.0
564802657	284436498	4.0
564802658	284436498	4.0
564802659	284436498	4.0
564802648	284436498	4.0
284461231	284436498	3.0
284455940	284436498	4.0
330971432	284436498	3.0
284429363	284436498	3.0
383575263	284436498	3.0
284437599	284436498	1.0
284442647	284436498	2.0
383575290	284436498	3.0
468338079	284436498	3.0
277176271	284436498	2.0
25163359	284436498	3.0
564802638	284436498	4.0
575321062	284436498	3.0
277175124	284436498	3.0
531075964	284436498	4.0
284434861	284436498	2.0
284455939	284436498	4.0
284436697	284436498	2.0
284442013	284436498	2.0
284442016	284436498	3.0
284442650	284436498	3.0
321829039	284436498	3.0
583531681	284436498	4.0
583531682	284436498	4.0
284436507	284436507	0
284436513	284436507	0.0
284460176	284436507	3.0
284435387	284436507	2.0
284845039	284436507	4.0
243732062	284436507	4.0
564802637	284436507	3.0
564802644	284436507	4.0
564802645	284436507	4.0
564802646	284436507	3.0
564802647	284436507	4.0
564802649	284436507	4.0
564802650	284436507	4.0
564802651	284436507	4.0
564802652	284436507	4.0
564802653	284436507	4.0
564802654	284436507	4.0
564802655	284436507	4.0
564802656	284436507	4.0
564802657	284436507	4.0
564802658	284436507	4.0
564802659	284436507	4.0
564802648	284436507	4.0
284461231	284436507	3.0
284455940	284436507	4.0
330971432	284436507	3.0
284429363	284436507	2.0
383575263	284436507	3.0
284437599	284436507	1.0
284442647	284436507	2.0
383575290	284436507	3.0
468338079	284436507	3.0
277176271	284436507	2.0
25163359	284436507	3.0
564802638	284436507	4.0
575321062	284436507	3.0
277175124	284436507	3.0
531075964	284436507	3.0
284434861	284436507	2.0
284455939	284436507	4.0
284436697	284436507	1.0
284442013	284436507	3.0
284442016	284436507	3.0
284442650	284436507	3.0
321829039	284436507	3.0
583531681	284436507	4.0
583531682	284436507	4.0
284436513	284436513	0
284460176	284436513	3.0
284435387	284436513	2.0
284845039	284436513	4.0
243732062	284436513	4.0
564802637	284436513	4.0
564802644	284436513	4.0
564802645	284436513	4.0
564802646	284436513	3.0
564802647	284436513	4.0
564802649	284436513	4.0
564802650	284436513	4.0
564802651	284436513	4.0
564802652	284436513	4.0
564802653	284436513	4.0
564802654	284436513	4.0
564802655	284436513	4.0
564802656	284436513	4.0
564802657	284436513	4.0
564802658	284436513	4.0
564802659	284436513	4.0
564802648	284436513	4.0
284461231	284436513	3.0
284455940	284436513	4.0
330971432	284436513	3.0
284429363	284436513	2.0
383575263	284436513	3.0
284437599	284436513	1.0
284442647	284436513	2.0
383575290	284436513	3.0
468338079	284436513	3.0
277176271	284436513	2.0
25163359	284436513	3.0
564802638	284436513	4.0
575321062	284436513	3.0
277175124	284436513	3.0
531075964	284436513	3.0
284434861	284436513	2.0
284455939	284436513	4.0
284436697	284436513	1.0
284442013	284436513	3.0
284442016	284436513	3.0
284442650	284436513	3.0
321829039	284436513	3.0
583531681	284436513	4.0
583531682	284436513	4.0
284460176	284460176	0
284435387	284460176	3.0
284845039	284460176	4.0
243732062	284460176	4.0
564802637	284460176	4.0
564802644	284460176	4.0
564802645	284460176	4.0
564802646	284460176	4.0
564802647	284460176	4.0
564802649	284460176	5.0
564802650	284460176	4.0
564802651	284460176	4.0
564802652	284460176	4.0
564802653	284460176	4.0
564802654	284460176	4.0
564802655	284460176	4.0
564802656	284460176	4.0
564802657	284460176	4.0
564802658	284460176	4.0
564802659	284460176	4.0
564802648	284460176	5.0
284461231	284460176	2.0
284455940	284460176	3.0
330971432	284460176	4.0
284429363	284460176	3.0
383575263	284460176	3.0
284437599	284460176	3.0
284442647	284460176	4.0
383575290	284460176	3.0
468338079	284460176	1.0
277176271	284460176	4.0
25163359	284460176	4.0
564802638	284460176	4.0
575321062	284460176	4.0
277175124	284460176	3.0
531075964	284460176	4.0
284434861	284460176	3.0
284455939	284460176	3.0
284436697	284460176	2.0
284442013	284460176	4.0
284442016	284460176	4.0
284442650	284460176	4.0
321829039	284460176	4.0
583531681	284460176	5.0
583531682	284460176	5.0
284435387	284435387	0
284845039	284435387	4.0
243732062	284435387	4.0
564802637	284435387	3.0
564802644	284435387	4.0
564802645	284435387	3.0
564802646	284435387	3.0
564802647	284435387	4.0
564802649	284435387	4.0
564802650	284435387	4.0
564802651	284435387	4.0
564802652	284435387	4.0
564802653	284435387	4.0
564802654	284435387	4.0
564802655	284435387	4.0
564802656	284435387	4.0
564802657	284435387	4.0
564802658	284435387	4.0
564802659	284435387	4.0
564802648	284435387	4.0
284461231	284435387	3.0
284455940	284435387	4.0
330971432	284435387	4.0
284429363	284435387	3.0
383575263	284435387	2.0
284437599	284435387	2.0
284442647	284435387	2.0
383575290	284435387	2.0
468338079	284435387	3.0
277176271	284435387	2.0
25163359	284435387	4.0
564802638	284435387	4.0
575321062	284435387	3.0
277175124	284435387	2.0
531075964	284435387	3.0
284434861	284435387	0.0
284455939	284435387	4.0
284436697	284435387	2.0
284442013	284435387	2.0
284442016	284435387	3.0
284442650	284435387	3.0
321829039	284435387	3.0
583531681	284435387	4.0
583531682	284435387	4.0
284845039	284845039	0
243732062	284845039	4.0
564802637	284845039	4.0
564802644	284845039	4.0
564802645	284845039	4.0
564802646	284845039	3.0
564802647	284845039	4.0
564802649	284845039	4.0
564802650	284845039	4.0
564802651	284845039	4.0
564802652	284845039	4.0
564802653	284845039	4.0
564802654	284845039	4.0
564802655	284845039	4.0
564802656	284845039	4.0
564802657	284845039	4.0
564802658	284845039	4.0
564802659	284845039	4.0
564802648	284845039	4.0
284461231	284845039	4.0
284455940	284845039	2.0
330971432	284845039	2.0
284429363	284845039	4.0
383575263	284845039	4.0
284437599	284845039	3.0
284442647	284845039	3.0
383575290	284845039	4.0
468338079	284845039	4.0
277176271	284845039	4.0
25163359	284845039	2.0
564802638	284845039	4.0
575321062	284845039	4.0
277175124	284845039	4.0
531075964	284845039	4.0
284434861	284845039	4.0
284455939	284845039	2.0
284436697	284845039	4.0
284442013	284845039	4.0
284442016	284845039	3.0
284442650	284845039	4.0
321829039	284845039	3.0
583531681	284845039	5.0
583531682	284845039	5.0
243732062	243732062	0
564802637	243732062	1.0
564802644	243732062	0.0
564802645	243732062	2.0
564802646	243732062	2.0
564802647	243732062	1.0
564802649	243732062	3.0
564802650	243732062	0.0
564802651	243732062	0.0
564802652	243732062	0.0
564802653	243732062	0.0
564802654	243732062	0.0
564802655	243732062	0.0
564802656	243732062	0.0
564802657	243732062	0.0
564802658	243732062	0.0
564802659	243732062	0.0
564802648	243732062	3.0
284461231	243732062	4.0
284455940	243732062	4.0
330971432	243732062	3.0
284429363	243732062	4.0
383575263	243732062	4.0
284437599	243732062	3.0
284442647	243732062	3.0
383575290	243732062	4.0
468338079	243732062	4.0
277176271	243732062	3.0
25163359	243732062	3.0
564802638	243732062	0.0
575321062	243732062	4.0
277175124	243732062	4.0
531075964	243732062	4.0
284434861	243732062	4.0
284455939	243732062	4.0
284436697	243732062	4.0
284442013	243732062	3.0
284442016	243732062	2.0
284442650	243732062	3.0
321829039	243732062	2.0
583531681	243732062	5.0
583531682	243732062	5.0
564802637	564802637	0
564802644	564802637	2.0
564802645	564802637	1.0
564802646	564802637	1.0
564802647	564802637	2.0
564802649	564802637	3.0
564802650	564802637	2.0
564802651	564802637	1.0
564802652	564802637	1.0
564802653	564802637	2.0
564802654	564802637	2.0
564802655	564802637	2.0
564802656	564802637	2.0
564802657	564802637	2.0
564802658	564802637	2.0
564802659	564802637	1.0
564802648	564802637	3.0
284461231	564802637	4.0
284455940	564802637	3.0
330971432	564802637	3.0
284429363	564802637	4.0
383575263	564802637	4.0
284437599	564802637	3.0
284442647	564802637	3.0
383575290	564802637	4.0
468338079	564802637	4.0
277176271	564802637	3.0
25163359	564802637	3.0
564802638	564802637	2.0
575321062	564802637	3.0
277175124	564802637	4.0
531075964	564802637	4.0
284434861	564802637	3.0
284455939	564802637	3.0
284436697	564802637	4.0
284442013	564802637	3.0
284442016	564802637	2.0
284442650	564802637	2.0
321829039	564802637	2.0
583531681	564802637	5.0
583531682	564802637	5.0
564802644	564802644	0
564802645	564802644	3.0
564802646	564802644	2.0
564802647	564802644	0.0
564802649	564802644	3.0
564802650	564802644	0.0
564802651	564802644	0.0
564802652	564802644	0.0
564802653	564802644	0.0
564802654	564802644	0.0
564802655	564802644	0.0
564802656	564802644	0.0
564802657	564802644	0.0
564802658	564802644	0.0
564802659	564802644	0.0
564802648	564802644	3.0
284461231	564802644	4.0
284455940	564802644	4.0
330971432	564802644	3.0
284429363	564802644	4.0
383575263	564802644	4.0
284437599	564802644	4.0
284442647	564802644	3.0
383575290	564802644	4.0
468338079	564802644	4.0
277176271	564802644	4.0
25163359	564802644	3.0
564802638	564802644	0.0
575321062	564802644	4.0
277175124	564802644	4.0
531075964	564802644	4.0
284434861	564802644	4.0
284455939	564802644	4.0
284436697	564802644	4.0
284442013	564802644	3.0
284442016	564802644	3.0
284442650	564802644	3.0
321829039	564802644	3.0
583531681	564802644	5.0
583531682	564802644	5.0
564802645	564802645	0
564802646	564802645	0.0
564802647	564802645	3.0
564802649	564802645	4.0
564802650	564802645	3.0
564802651	564802645	2.0
564802652	564802645	2.0
564802653	564802645	2.0
564802654	564802645	3.0
564802655	564802645	3.0
564802656	564802645	2.0
564802657	564802645	2.0
564802658	564802645	2.0
564802659	564802645	2.0
564802648	564802645	4.0
284461231	564802645	4.0
284455940	564802645	3.0
330971432	564802645	3.0
284429363	564802645	4.0
383575263	564802645	4.0
284437599	564802645	3.0
284442647	564802645	3.0
383575290	564802645	4.0
468338079	564802645	4.0
277176271	564802645	3.0
25163359	564802645	3.0
564802638	564802645	3.0
575321062	564802645	3.0
277175124	564802645	4.0
531075964	564802645	4.0
284434861	564802645	3.0
284455939	564802645	3.0
284436697	564802645	4.0
284442013	564802645	2.0
284442016	564802645	2.0
284442650	564802645	1.0
321829039	564802645	2.0
583531681	564802645	5.0
583531682	564802645	5.0
564802646	564802646	0
564802647	564802646	3.0
564802649	564802646	4.0
564802650	564802646	2.0
564802651	564802646	2.0
564802652	564802646	2.0
564802653	564802646	2.0
564802654	564802646	2.0
564802655	564802646	2.0
564802656	564802646	2.0
564802657	564802646	2.0
564802658	564802646	2.0
564802659	564802646	2.0
564802648	564802646	4.0
284461231	564802646	4.0
284455940	564802646	3.0
330971432	564802646	3.0
284429363	564802646	4.0
383575263	564802646	4.0
284437599	564802646	3.0
284442647	564802646	3.0
383575290	564802646	4.0
468338079	564802646	4.0
277176271	564802646	2.0
25163359	564802646	3.0
564802638	564802646	2.0
575321062	564802646	3.0
277175124	564802646	4.0
531075964	564802646	4.0
284434861	564802646	3.0
284455939	564802646	3.0
284436697	564802646	4.0
284442013	564802646	2.0
284442016	564802646	2.0
284442650	564802646	1.0
321829039	564802646	2.0
583531681	564802646	5.0
583531682	564802646	5.0
564802647	564802647	0
564802649	564802647	3.0
564802650	564802647	0.0
564802651	564802647	1.0
564802652	564802647	1.0
564802653	564802647	0.0
564802654	564802647	0.0
564802655	564802647	0.0
564802656	564802647	0.0
564802657	564802647	0.0
564802658	564802647	0.0
564802659	564802647	0.0
564802648	564802647	3.0
284461231	564802647	4.0
284455940	564802647	4.0
330971432	564802647	3.0
284429363	564802647	4.0
383575263	564802647	4.0
284437599	564802647	4.0
284442647	564802647	3.0
383575290	564802647	4.0
468338079	564802647	4.0
277176271	564802647	4.0
25163359	564802647	3.0
564802638	564802647	0.0
575321062	564802647	4.0
277175124	564802647	4.0
531075964	564802647	4.0
284434861	564802647	4.0
284455939	564802647	4.0
284436697	564802647	4.0
284442013	564802647	3.0
284442016	564802647	3.0
284442650	564802647	3.0
321829039	564802647	3.0
583531681	564802647	5.0
583531682	564802647	5.0
564802649	564802649	0
564802650	564802649	3.0
564802651	564802649	3.0
564802652	564802649	3.0
564802653	564802649	3.0
564802654	564802649	3.0
564802655	564802649	3.0
564802656	564802649	3.0
564802657	564802649	3.0
564802658	564802649	3.0
564802659	564802649	2.0
564802648	564802649	0.0
284461231	564802649	5.0
284455940	564802649	4.0
330971432	564802649	4.0
284429363	564802649	4.0
383575263	564802649	4.0
284437599	564802649	4.0
284442647	564802649	4.0
383575290	564802649	4.0
468338079	564802649	5.0
277176271	564802649	4.0
25163359	564802649	3.0
564802638	564802649	3.0
575321062	564802649	4.0
277175124	564802649	4.0
531075964	564802649	5.0
284434861	564802649	4.0
284455939	564802649	4.0
284436697	564802649	4.0
284442013	564802649	4.0
284442016	564802649	3.0
284442650	564802649	4.0
321829039	564802649	3.0
583531681	564802649	5.0
583531682	564802649	5.0
564802650	564802650	0
564802651	564802650	0.0
564802652	564802650	0.0
564802653	564802650	0.0
564802654	564802650	0.0
564802655	564802650	0.0
564802656	564802650	0.0
564802657	564802650	0.0
564802658	564802650	0.0
564802659	564802650	0.0
564802648	564802650	3.0
284461231	564802650	4.0
284455940	564802650	4.0
330971432	564802650	3.0
284429363	564802650	4.0
383575263	564802650	4.0
284437599	564802650	4.0
284442647	564802650	3.0
383575290	564802650	4.0
468338079	564802650	4.0
277176271	564802650	3.0
25163359	564802650	3.0
564802638	564802650	0.0
575321062	564802650	4.0
277175124	564802650	4.0
531075964	564802650	4.0
284434861	564802650	4.0
284455939	564802650	4.0
284436697	564802650	4.0
284442013	564802650	3.0
284442016	564802650	3.0
284442650	564802650	3.0
321829039	564802650	3.0
583531681	564802650	5.0
583531682	564802650	5.0
564802651	564802651	0
564802652	564802651	0.0
564802653	564802651	0.0
564802654	564802651	0.0
564802655	564802651	0.0
564802656	564802651	0.0
564802657	564802651	0.0
564802658	564802651	0.0
564802659	564802651	0.0
564802648	564802651	3.0
284461231	564802651	4.0
284455940	564802651	4.0
330971432	564802651	3.0
284429363	564802651	4.0
383575263	564802651	4.0
284437599	564802651	3.0
284442647	564802651	3.0
383575290	564802651	4.0
468338079	564802651	4.0
277176271	564802651	3.0
25163359	564802651	3.0
564802638	564802651	0.0
575321062	564802651	4.0
277175124	564802651	4.0
531075964	564802651	4.0
284434861	564802651	4.0
284455939	564802651	4.0
284436697	564802651	4.0
284442013	564802651	3.0
284442016	564802651	2.0
284442650	564802651	3.0
321829039	564802651	2.0
583531681	564802651	5.0
583531682	564802651	5.0
564802652	564802652	0
564802653	564802652	0.0
564802654	564802652	0.0
564802655	564802652	0.0
564802656	564802652	0.0
564802657	564802652	0.0
564802658	564802652	0.0
564802659	564802652	0.0
564802648	564802652	3.0
284461231	564802652	4.0
284455940	564802652	4.0
330971432	564802652	3.0
284429363	564802652	4.0
383575263	564802652	4.0
284437599	564802652	3.0
284442647	564802652	3.0
383575290	564802652	4.0
468338079	564802652	4.0
277176271	564802652	3.0
25163359	564802652	3.0
564802638	564802652	0.0
575321062	564802652	4.0
277175124	564802652	4.0
531075964	564802652	4.0
284434861	564802652	4.0
284455939	564802652	4.0
284436697	564802652	4.0
284442013	564802652	3.0
284442016	564802652	2.0
284442650	564802652	3.0
321829039	564802652	2.0
583531681	564802652	5.0
583531682	564802652	5.0
564802653	564802653	0
564802654	564802653	0.0
564802655	564802653	0.0
564802656	564802653	0.0
564802657	564802653	0.0
564802658	564802653	0.0
564802659	564802653	0.0
564802648	564802653	3.0
284461231	564802653	4.0
284455940	564802653	4.0
330971432	564802653	3.0
284429363	564802653	4.0
383575263	564802653	4.0
284437599	564802653	3.0
284442647	564802653	3.0
383575290	564802653	4.0
468338079	564802653	4.0
277176271	564802653	3.0
25163359	564802653	3.0
564802638	564802653	0.0
575321062	564802653	4.0
277175124	564802653	4.0
531075964	564802653	4.0
284434861	564802653	4.0
284455939	564802653	4.0
284436697	564802653	4.0
284442013	564802653	3.0
284442016	564802653	3.0
284442650	564802653	3.0
321829039	564802653	3.0
583531681	564802653	5.0
583531682	564802653	5.0
564802654	564802654	0
564802655	564802654	0.0
564802656	564802654	0.0
564802657	564802654	0.0
564802658	564802654	0.0
564802659	564802654	0.0
564802648	564802654	3.0
284461231	564802654	4.0
284455940	564802654	4.0
330971432	564802654	3.0
284429363	564802654	4.0
383575263	564802654	4.0
284437599	564802654	4.0
284442647	564802654	3.0
383575290	564802654	4.0
468338079	564802654	4.0
277176271	564802654	3.0
25163359	564802654	3.0
564802638	564802654	0.0
575321062	564802654	4.0
277175124	564802654	4.0
531075964	564802654	4.0
284434861	564802654	4.0
284455939	564802654	4.0
284436697	564802654	4.0
284442013	564802654	3.0
284442016	564802654	3.0
284442650	564802654	3.0
321829039	564802654	3.0
583531681	564802654	5.0
583531682	564802654	5.0
564802655	564802655	0
564802656	564802655	0.0
564802657	564802655	0.0
564802658	564802655	0.0
564802659	564802655	0.0
564802648	564802655	3.0
284461231	564802655	4.0
284455940	564802655	4.0
330971432	564802655	3.0
284429363	564802655	4.0
383575263	564802655	4.0
284437599	564802655	4.0
284442647	564802655	3.0
383575290	564802655	4.0
468338079	564802655	4.0
277176271	564802655	3.0
25163359	564802655	3.0
564802638	564802655	0.0
575321062	564802655	4.0
277175124	564802655	4.0
531075964	564802655	4.0
284434861	564802655	4.0
284455939	564802655	4.0
284436697	564802655	4.0
284442013	564802655	3.0
284442016	564802655	3.0
284442650	564802655	3.0
321829039	564802655	3.0
583531681	564802655	5.0
583531682	564802655	5.0
564802656	564802656	0
564802657	564802656	0.0
564802658	564802656	0.0
564802659	564802656	0.0
564802648	564802656	3.0
284461231	564802656	4.0
284455940	564802656	4.0
330971432	564802656	3.0
284429363	564802656	4.0
383575263	564802656	4.0
284437599	564802656	3.0
284442647	564802656	3.0
383575290	564802656	4.0
468338079	564802656	4.0
277176271	564802656	3.0
25163359	564802656	3.0
564802638	564802656	0.0
575321062	564802656	4.0
277175124	564802656	4.0
531075964	564802656	4.0
284434861	564802656	4.0
284455939	564802656	4.0
284436697	564802656	4.0
284442013	564802656	3.0
284442016	564802656	3.0
284442650	564802656	3.0
321829039	564802656	3.0
583531681	564802656	5.0
583531682	564802656	5.0
564802657	564802657	0
564802658	564802657	0.0
564802659	564802657	0.0
564802648	564802657	3.0
284461231	564802657	4.0
284455940	564802657	4.0
330971432	564802657	3.0
284429363	564802657	4.0
383575263	564802657	4.0
284437599	564802657	3.0
284442647	564802657	3.0
383575290	564802657	4.0
468338079	564802657	4.0
277176271	564802657	3.0
25163359	564802657	3.0
564802638	564802657	0.0
575321062	564802657	4.0
277175124	564802657	4.0
531075964	564802657	4.0
284434861	564802657	4.0
284455939	564802657	4.0
284436697	564802657	4.0
284442013	564802657	3.0
284442016	564802657	3.0
284442650	564802657	3.0
321829039	564802657	3.0
583531681	564802657	5.0
583531682	564802657	5.0
564802658	564802658	0
564802659	564802658	0.0
564802648	564802658	3.0
284461231	564802658	4.0
284455940	564802658	4.0
330971432	564802658	3.0
284429363	564802658	4.0
383575263	564802658	4.0
284437599	564802658	3.0
284442647	564802658	3.0
383575290	564802658	4.0
468338079	564802658	4.0
277176271	564802658	3.0
25163359	564802658	3.0
564802638	564802658	0.0
575321062	564802658	4.0
277175124	564802658	4.0
531075964	564802658	4.0
284434861	564802658	4.0
284455939	564802658	4.0
284436697	564802658	4.0
284442013	564802658	3.0
284442016	564802658	3.0
284442650	564802658	3.0
321829039	564802658	3.0
583531681	564802658	5.0
583531682	564802658	5.0
564802659	564802659	0
564802648	564802659	2.0
284461231	564802659	4.0
284455940	564802659	4.0
330971432	564802659	3.0
284429363	564802659	4.0
383575263	564802659	4.0
284437599	564802659	3.0
284442647	564802659	3.0
383575290	564802659	4.0
468338079	564802659	4.0
277176271	564802659	3.0
25163359	564802659	3.0
564802638	564802659	0.0
575321062	564802659	4.0
277175124	564802659	4.0
531075964	564802659	4.0
284434861	564802659	4.0
284455939	564802659	4.0
284436697	564802659	4.0
284442013	564802659	3.0
284442016	564802659	3.0
284442650	564802659	3.0
321829039	564802659	2.0
583531681	564802659	5.0
583531682	564802659	5.0
564802648	564802648	0
284461231	564802648	5.0
284455940	564802648	4.0
330971432	564802648	4.0
284429363	564802648	4.0
383575263	564802648	4.0
284437599	564802648	4.0
284442647	564802648	4.0
383575290	564802648	4.0
468338079	564802648	5.0
277176271	564802648	4.0
25163359	564802648	3.0
564802638	564802648	3.0
575321062	564802648	4.0
277175124	564802648	4.0
531075964	564802648	5.0
284434861	564802648	4.0
284455939	564802648	4.0
284436697	564802648	4.0
284442013	564802648	4.0
284442016	564802648	3.0
284442650	564802648	4.0
321829039	564802648	3.0
583531681	564802648	5.0
583531682	564802648	5.0
284461231	284461231	0
284455940	284461231	3.0
330971432	284461231	4.0
284429363	284461231	3.0
383575263	284461231	4.0
284437599	284461231	4.0
284442647	284461231	4.0
383575290	284461231	4.0
468338079	284461231	0.0
277176271	284461231	4.0
25163359	284461231	4.0
564802638	284461231	4.0
575321062	284461231	4.0
277175124	284461231	4.0
531075964	284461231	4.0
284434861	284461231	3.0
284455939	284461231	3.0
284436697	284461231	3.0
284442013	284461231	4.0
284442016	284461231	4.0
284442650	284461231	4.0
321829039	284461231	4.0
583531681	284461231	5.0
583531682	284461231	5.0
284455940	284455940	0
330971432	284455940	3.0
284429363	284455940	4.0
383575263	284455940	4.0
284437599	284455940	3.0
284442647	284455940	3.0
383575290	284455940	4.0
468338079	284455940	3.0
277176271	284455940	4.0
25163359	284455940	3.0
564802638	284455940	4.0
575321062	284455940	4.0
277175124	284455940	4.0
531075964	284455940	4.0
284434861	284455940	4.0
284455939	284455940	1.0
284436697	284455940	3.0
284442013	284455940	4.0
284442016	284455940	3.0
284442650	284455940	4.0
321829039	284455940	3.0
583531681	284455940	5.0
583531682	284455940	5.0
330971432	330971432	0
284429363	330971432	4.0
383575263	330971432	4.0
284437599	330971432	3.0
284442647	330971432	3.0
383575290	330971432	4.0
468338079	330971432	4.0
277176271	330971432	4.0
25163359	330971432	1.0
564802638	330971432	3.0
575321062	330971432	4.0
277175124	330971432	4.0
531075964	330971432	4.0
284434861	330971432	4.0
284455939	330971432	3.0
284436697	330971432	3.0
284442013	330971432	4.0
284442016	330971432	3.0
284442650	330971432	3.0
321829039	330971432	3.0
583531681	330971432	5.0
583531682	330971432	5.0
284429363	284429363	0
383575263	284429363	0.0
284437599	284429363	3.0
284442647	284429363	3.0
383575290	284429363	1.0
468338079	284429363	3.0
277176271	284429363	3.0
25163359	284429363	4.0
564802638	284429363	4.0
575321062	284429363	4.0
277175124	284429363	0.0
531075964	284429363	4.0
284434861	284429363	3.0
284455939	284429363	4.0
284436697	284429363	2.0
284442013	284429363	3.0
284442016	284429363	4.0
284442650	284429363	4.0
321829039	284429363	4.0
583531681	284429363	4.0
583531682	284429363	4.0
383575263	383575263	0
284437599	383575263	3.0
284442647	383575263	3.0
383575290	383575263	1.0
468338079	383575263	4.0
277176271	383575263	3.0
25163359	383575263	4.0
564802638	383575263	4.0
575321062	383575263	4.0
277175124	383575263	0.0
531075964	383575263	3.0
284434861	383575263	2.0
284455939	383575263	4.0
284436697	383575263	3.0
284442013	383575263	3.0
284442016	383575263	4.0
284442650	383575263	4.0
321829039	383575263	4.0
583531681	383575263	4.0
583531682	383575263	4.0
284437599	284437599	0
284442647	284437599	1.0
383575290	284437599	3.0
468338079	284437599	3.0
277176271	284437599	2.0
25163359	284437599	3.0
564802638	284437599	4.0
575321062	284437599	3.0
277175124	284437599	3.0
531075964	284437599	3.0
284434861	284437599	2.0
284455939	284437599	3.0
284436697	284437599	2.0
284442013	284437599	2.0
284442016	284437599	2.0
284442650	284437599	3.0
321829039	284437599	2.0
583531681	284437599	4.0
583531682	284437599	4.0
284442647	284442647	0
383575290	284442647	3.0
468338079	284442647	3.0
277176271	284442647	2.0
25163359	284442647	3.0
564802638	284442647	3.0
575321062	284442647	3.0
277175124	284442647	3.0
531075964	284442647	3.0
284434861	284442647	2.0
284455939	284442647	3.0
284436697	284442647	3.0
284442013	284442647	2.0
284442016	284442647	1.0
284442650	284442647	2.0
321829039	284442647	1.0
583531681	284442647	4.0
583531682	284442647	4.0
383575290	383575290	0
468338079	383575290	4.0
277176271	383575290	3.0
25163359	383575290	4.0
564802638	383575290	4.0
575321062	383575290	3.0
277175124	383575290	1.0
531075964	383575290	3.0
284434861	383575290	2.0
284455939	383575290	4.0
284436697	383575290	3.0
284442013	383575290	3.0
284442016	383575290	3.0
284442650	383575290	3.0
321829039	383575290	3.0
583531681	383575290	4.0
583531682	383575290	4.0
468338079	468338079	0
277176271	468338079	4.0
25163359	468338079	4.0
564802638	468338079	4.0
575321062	468338079	4.0
277175124	468338079	4.0
531075964	468338079	4.0
284434861	468338079	3.0
284455939	468338079	3.0
284436697	468338079	3.0
284442013	468338079	4.0
284442016	468338079	4.0
284442650	468338079	4.0
321829039	468338079	4.0
583531681	468338079	5.0
583531682	468338079	5.0
277176271	277176271	0
25163359	277176271	3.0
564802638	277176271	3.0
575321062	277176271	3.0
277175124	277176271	3.0
531075964	277176271	3.0
284434861	277176271	2.0
284455939	277176271	4.0
284436697	277176271	3.0
284442013	277176271	0.0
284442016	277176271	2.0
284442650	277176271	2.0
321829039	277176271	2.0
583531681	277176271	4.0
583531682	277176271	4.0
25163359	25163359	0
564802638	25163359	3.0
575321062	25163359	4.0
277175124	25163359	4.0
531075964	25163359	4.0
284434861	25163359	4.0
284455939	25163359	3.0
284436697	25163359	4.0
284442013	25163359	3.0
284442016	25163359	3.0
284442650	25163359	3.0
321829039	25163359	3.0
583531681	25163359	5.0
583531682	25163359	5.0
564802638	564802638	0
575321062	564802638	4.0
277175124	564802638	4.0
531075964	564802638	4.0
284434861	564802638	4.0
284455939	564802638	4.0
284436697	564802638	4.0
284442013	564802638	3.0
284442016	564802638	3.0
284442650	564802638	3.0
321829039	564802638	3.0
583531681	564802638	5.0
583531682	564802638	5.0
575321062	575321062	0
277175124	575321062	4.0
531075964	575321062	2.0
284434861	575321062	3.0
284455939	575321062	4.0
284436697	575321062	4.0
284442013	575321062	2.0
284442016	575321062	3.0
284442650	575321062	3.0
321829039	575321062	3.0
583531681	575321062	4.0
583531682	575321062	4.0
277175124	277175124	0
531075964	277175124	3.0
284434861	277175124	2.0
284455939	277175124	4.0
284436697	277175124	3.0
284442013	277175124	3.0
284442016	277175124	3.0
284442650	277175124	4.0
321829039	277175124	3.0
583531681	277175124	4.0
583531682	277175124	4.0
531075964	531075964	0
284434861	531075964	3.0
284455939	531075964	4.0
284436697	531075964	3.0
284442013	531075964	3.0
284442016	531075964	4.0
284442650	531075964	4.0
321829039	531075964	4.0
583531681	531075964	3.0
583531682	531075964	4.0
284434861	284434861	0
284455939	284434861	4.0
284436697	284434861	2.0
284442013	284434861	2.0
284442016	284434861	3.0
284442650	284434861	3.0
321829039	284434861	3.0
583531681	284434861	4.0
583531682	284434861	4.0
284455939	284455939	0
284436697	284455939	3.0
284442013	284455939	4.0
284442016	284455939	3.0
284442650	284455939	4.0
321829039	284455939	3.0
583531681	284455939	5.0
583531682	284455939	5.0
284436697	284436697	0
284442013	284436697	3.0
284442016	284436697	4.0
284442650	284436697	4.0
321829039	284436697	4.0
583531681	284436697	4.0
583531682	284436697	4.0
284442013	284442013	0
284442016	284442013	2.0
284442650	284442013	2.0
321829039	284442013	2.0
583531681	284442013	4.0
583531682	284442013	4.0
284442016	284442016	0
284442650	284442016	2.0
321829039	284442016	0.0
583531681	284442016	5.0
583531682	284442016	5.0
284442650	284442650	0
321829039	284442650	2.0
583531681	284442650	5.0
583531682	284442650	5.0
321829039	321829039	0
583531681	321829039	5.0
583531682	321829039	5.0
583531681	583531681	0
583531682	583531681	0.0
583531682	583531682	0
