10307
10312
10301
10304
11209
10280
10004
11224
11220
11231
10005
10038
10013
10007
10006
10282
10012
10014
10011
10001
11214
11204
11215
11217
11201
10002
10003
10010
10018
10036
10019
10023
10069
11223
11218
10009
10016
10017
10024
10025
11235
11230
11226
11225
11238
11205
11211
10022
10021
10028
11229
11210
11216
11206
11222
11101
10044
10128
10029
10027
10026
10031
11203
11213
11221
10035
10037
10030
10032
11237
11103
11106
11102
10454
10453
10040
11207
11377
10456
10463
10471
11385
11105
10458
11373
11372
10468
11368
11375
11374
11414
11419
11355
11354
11367
11432
11435
11366
11434
11361
11360
11412
11364
11427
10309
10303
10308
10314
10310
10306
10305
11228
11219
11232
11233
10033
11234
11104
11697
11236
11370
10457
11369
10460
11356
10461
11415
11692
11433
11365
11691
11362
11422
11363
11426
10302
10451
10452
10034
11212
11378
10455
10459
11694
11239
11208
11379
10474
10473
10472
10467
10470
10462
11417
10469
10465
10466
11693
11420
11357
10475
10464
11358
11436
11423
11413
11411
11429
11004
10039
11416
11421
11418
11428
