32859152	[-16,10.0,6.0]	37.79634717142858	-122.40018181428572	0.10991925815243811	0.12739151573583538	0.5924743413128378	0.19914079936502257	1.0	0.5935077061890823
32947577	[-8,-3.0,11.0]	37.79670408571428	-122.39774194285715	0.10991925815243811	0.12739151573583538	0.5924743413128378	0.19914079936502257	1.0	0.5935077061890823
256084916	[-6,-4.0,10.0]	37.79704754000001	-122.39754228000001	0.10991925815243811	0.12739151573583538	0.5924743413128378	0.19914079936502257	1.0	0.5935077061890823
260927792	[-7,-3.0,10.0]	37.79697298	-122.39784342	0.10991925815243811	0.12739151573583538	0.5924743413128378	0.19914079936502257	1.0	0.5935077061890823
260927794	[-7,-2.0,9.0]	37.79697761	-122.39797616999999	0.10991925815243811	0.12739151573583538	0.5924743413128378	0.19914079936502257	1.0	0.5935077061890823
588363944	[-8,-6.0,14.0]	37.79648376666666	-122.39727220000002	0.10991925815243811	0.12739151573583538	0.5924743413128378	0.19914079936502257	1.0	0.5935077061890823
588363945	[-8,-5.0,13.0]	37.79646544	-122.39738794	0.10991925815243811	0.12739151573583538	0.5924743413128378	0.19914079936502257	1.0	0.5935077061890823
588363946	[-9,-4.0,13.0]	37.79645909999999	-122.39762023333333	0.10991925815243811	0.12739151573583538	0.5924743413128378	0.19914079936502257	1.0	0.5935077061890823
588363947	[-9,-3.0,12.0]	37.79642432	-122.39782791999998	0.10991925815243811	0.12739151573583538	0.5924743413128378	0.19914079936502257	1.0	0.5935077061890823
588363948	[-10,-2.0,12.0]	37.796406409090906	-122.39796330909093	0.10991925815243811	0.12739151573583538	0.5924743413128378	0.19914079936502257	1.0	0.5935077061890823
32016321	[7,-6.0,-1.0]	37.79941831	-122.39732156	0.10991925815243811	0.12739151573583538	0.5924743413128378	0.19914079936502257	1.0	0.5935077061890823
32965865	[-20,17.0,3.0]	37.79627368888888	-122.40140464444443	0.10991925815243811	0.12739151573583538	0.5924743413128378	0.19914079936502257	1.0	0.5935077061890823
132238432	[14,20.0,-34.0]	37.803504333333336	-122.40187568333333	0.10991925815243811	0.12739151573583538	0.5924743413128378	0.19914079936502257	1.0	0.5935077061890823
288473985	[17,38.0,-55.0]	37.806003947499995	-122.40505681999996	0.10991925815243811	0.12739151573583538	0.5924743413128378	0.19914079936502257	1.0	0.5935077061890823
308339610	[-34,23.0,11.0]	37.79399968	-122.40236104	0.10991925815243811	0.12739151573583538	0.5924743413128378	0.19914079936502257	1.0	0.5935077061890823
341936622	[-6,-1.0,7.0]	37.797300639999996	-122.39824618	0.10991925815243811	0.12739151573583538	0.5924743413128378	0.19914079936502257	1.0	0.5935077061890823
225380578	[-5,-13.0,18.0]	37.796335609375	-122.3959616375	0.10991925815243811	0.12739151573583538	0.5924743413128378	0.19914079936502257	1.0	0.5935077061890823
436478194	[1,-6.0,5.0]	37.798232750000004	-122.39719928333334	0.10991925815243811	0.12739151573583538	0.5924743413128378	0.19914079936502257	1.0	0.5935077061890823
436478196	[-3,-11.0,14.0]	37.79681156666667	-122.396431	0.10991925815243811	0.12739151573583538	0.5924743413128378	0.19914079936502257	1.0	0.5935077061890823
436478197	[-4,-9.0,13.0]	37.796828016666666	-122.39666815000002	0.10991925815243811	0.12739151573583538	0.5924743413128378	0.19914079936502257	1.0	0.5935077061890823
436478198	[0,-7.0,7.0]	37.797887475	-122.3971110625	0.10991925815243811	0.12739151573583538	0.5924743413128378	0.19914079936502257	1.0	0.5935077061890823
436478199	[-3,-9.0,12.0]	37.797107499999996	-122.39681461999999	0.10991925815243811	0.12739151573583538	0.5924743413128378	0.19914079936502257	1.0	0.5935077061890823
436478202	[-2,-7.0,9.0]	37.79758942	-122.39713578000001	0.10991925815243811	0.12739151573583538	0.5924743413128378	0.19914079936502257	1.0	0.5935077061890823
32947670	[-8,10.0,-2.0]	37.79806836666667	-122.40020040000002	0.10991925815243811	0.12739151573583538	0.5924743413128378	0.19914079936502257	1.0	0.5935077061890823
162056247	[-35,32.0,3.0]	37.794799319999996	-122.4040871	0.10991925815243811	0.12739151573583538	0.5924743413128378	0.19914079936502257	1.0	0.5935077061890823
23916482	[-7,4.0,3.0]	37.797584	-122.39913754	0.10991925815243811	0.12739151573583538	0.5924743413128378	0.19914079936502257	1.0	0.5935077061890823
25478371	[4,1.0,-5.0]	37.79947566923077	-122.39849319230771	0.10991925815243811	0.12739151573583538	0.5924743413128378	0.19914079936502257	1.0	0.5935077061890823
25478378	[0,7.0,-7.0]	37.799331259999995	-122.39969054000001	0.10991925815243811	0.12739151573583538	0.5924743413128378	0.19914079936502257	1.0	0.5935077061890823
25603430	[8,9.0,-17.0]	37.801215	-122.40000711666669	0.10991925815243811	0.12739151573583538	0.5924743413128378	0.19914079936502257	1.0	0.5935077061890823
25751184	[9,18.0,-27.0]	37.8022607117647	-122.40147887058824	0.10991925815243811	0.12739151573583538	0.5924743413128378	0.19914079936502257	1.0	0.5935077061890823
27146056	[-7,-17.0,24.0]	37.79540388333333	-122.3952875	0.10991925815243811	0.12739151573583538	0.5924743413128378	0.19914079936502257	1.0	0.5935077061890823
27146063	[-7,-19.0,26.0]	37.79515891698112	-122.39500054150946	0.10991925815243811	0.12739151573583538	0.5924743413128378	0.19914079936502257	1.0	0.5935077061890823
32015746	[-8,22.0,-14.0]	37.799230900000005	-122.40221048000001	0.10991925815243811	0.12739151573583538	0.5924743413128378	0.19914079936502257	1.0	0.5935077061890823
32016150	[0,5.0,-5.0]	37.79922232	-122.39917364	0.10991925815243811	0.12739151573583538	0.5924743413128378	0.19914079936502257	1.0	0.5935077061890823
32016357	[9,-21.0,12.0]	37.79832987142857	-122.39462361428572	0.10991925815243811	0.12739151573583538	0.5924743413128378	0.19914079936502257	1.0	0.5935077061890823
35266472	[-21,21.0,0.0]	37.7964688	-122.4020878	0.10991925815243811	0.12739151573583538	0.5924743413128378	0.19914079936502257	1.0	0.5935077061890823
37126515	[4,34.0,-38.0]	37.80296476666667	-122.4043752	0.10991925815243811	0.12739151573583538	0.5924743413128378	0.19914079936502257	1.0	0.5935077061890823
81604313	[-16,-7.0,23.0]	37.79460934	-122.39705832	0.10991925815243811	0.12739151573583538	0.5924743413128378	0.19914079936502257	1.0	0.5935077061890823
93703757	[12,26.0,-38.0]	37.80377807777777	-122.40291628888889	0.10991925815243811	0.12739151573583538	0.5924743413128378	0.19914079936502257	1.0	0.5935077061890823
175516006	[-6,-15.0,21.0]	37.79592359714286	-122.3956677485714	0.10991925815243811	0.12739151573583538	0.5924743413128378	0.19914079936502257	1.0	0.5935077061890823
206623941	[-13,18.0,-5.0]	37.797833537500004	-122.40162438750001	0.10991925815243811	0.12739151573583538	0.5924743413128378	0.19914079936502257	1.0	0.5935077061890823
261988292	[-28,23.0,5.0]	37.795257199999995	-122.40232278571428	0.10991925815243811	0.12739151573583538	0.5924743413128378	0.19914079936502257	1.0	0.5935077061890823
359899270	[14,26.0,-40.0]	37.804130199999996	-122.40301528	0.10991925815243811	0.12739151573583538	0.5924743413128378	0.19914079936502257	1.0	0.5935077061890823
436478195	[-2,-12.0,14.0]	37.79697140833333	-122.39627227499999	0.10991925815243811	0.12739151573583538	0.5924743413128378	0.19914079936502257	1.0	0.5935077061890823
565797493	[18,16.0,-34.0]	37.80400968	-122.40117706000001	0.10991925815243811	0.12739151573583538	0.5924743413128378	0.19914079936502257	1.0	0.5935077061890823
565797494	[20,16.0,-36.0]	37.80438474	-122.40112386000001	0.10991925815243811	0.12739151573583538	0.5924743413128378	0.19914079936502257	1.0	0.5935077061890823
565797495	[21,16.0,-37.0]	37.80454858571428	-122.40119717142859	0.10991925815243811	0.12739151573583538	0.5924743413128378	0.19914079936502257	1.0	0.5935077061890823
565797496	[21,17.0,-38.0]	37.80461534	-122.40138318	0.10991925815243811	0.12739151573583538	0.5924743413128378	0.19914079936502257	1.0	0.5935077061890823
565797498	[20,19.0,-39.0]	37.80465141999999	-122.40175666	0.10991925815243811	0.12739151573583538	0.5924743413128378	0.19914079936502257	1.0	0.5935077061890823
565797499	[17,19.0,-36.0]	37.80415799615385	-122.40167826153846	0.10991925815243811	0.12739151573583538	0.5924743413128378	0.19914079936502257	1.0	0.5935077061890823
565797501	[20,21.0,-41.0]	37.8049027	-122.40213916	0.10991925815243811	0.12739151573583538	0.5924743413128378	0.19914079936502257	1.0	0.5935077061890823
565797502	[20,20.0,-40.0]	37.804882580000005	-122.40192887999999	0.10991925815243811	0.12739151573583538	0.5924743413128378	0.19914079936502257	1.0	0.5935077061890823
565797503	[21,19.0,-40.0]	37.80486224	-122.40170837999999	0.10991925815243811	0.12739151573583538	0.5924743413128378	0.19914079936502257	1.0	0.5935077061890823
565797505	[21,19.0,-40.0]	37.804941039999996	-122.40169712	0.10991925815243811	0.12739151573583538	0.5924743413128378	0.19914079936502257	1.0	0.5935077061890823
565797506	[21,20.0,-41.0]	37.804960859999994	-122.40191558	0.10991925815243811	0.12739151573583538	0.5924743413128378	0.19914079936502257	1.0	0.5935077061890823
565797507	[20,22.0,-42.0]	37.80498474	-122.40215884000001	0.10991925815243811	0.12739151573583538	0.5924743413128378	0.19914079936502257	1.0	0.5935077061890823
585983823	[-11,-4.0,15.0]	37.79589081666666	-122.39761004999998	0.10991925815243811	0.12739151573583538	0.5924743413128378	0.19914079936502257	1.0	0.5935077061890823
979811984	[-2,-34.0,36.0]	37.79474434	-122.39242374	0.10991925815243811	0.12739151573583538	0.5924743413128378	0.19914079936502257	1.0	0.5935077061890823
25478444	[15,-3.0,-12.0]	37.80135828695653	-122.39788840000001	0.10991925815243811	0.12739151573583538	0.5924743413128378	0.19914079936502257	1.0	0.5935077061890823
25489470	[3,-16.0,13.0]	37.79754892222222	-122.39549130555555	0.10991925815243811	0.12739151573583538	0.5924743413128378	0.19914079936502257	1.0	0.5935077061890823
91913148	[4,-11.0,7.0]	37.79832032857143	-122.39635355714287	0.10991925815243811	0.12739151573583538	0.5924743413128378	0.19914079936502257	1.0	0.5935077061890823
32612484	[-19,-6.0,25.0]	37.79405579166667	-122.39729718333332	0.10991925815243811	0.12739151573583538	0.5924743413128378	0.19914079936502257	1.0	0.5935077061890823
32947763	[-8,18.0,-10.0]	37.79893536	-122.40152862	0.10991925815243811	0.12739151573583538	0.5924743413128378	0.19914079936502257	1.0	0.5935077061890823
24460896	[-2,-8.0,10.0]	37.79740025769231	-122.3968935346154	0.10991925815243811	0.12739151573583538	0.5924743413128378	0.19914079936502257	1.0	0.5935077061890823
32611414	[8,31.0,-39.0]	37.80345058571429	-122.40389681428572	0.10991925815243811	0.12739151573583538	0.5924743413128378	0.19914079936502257	1.0	0.5935077061890823
436478200	[-2,-8.0,10.0]	37.79737828	-122.39688756000001	0.10991925815243811	0.12739151573583538	0.5924743413128378	0.19914079936502257	1.0	0.5935077061890823
436478201	[-2,-8.0,10.0]	37.797491660000006	-122.39694684000001	0.10991925815243811	0.12739151573583538	0.5924743413128378	0.19914079936502257	1.0	0.5935077061890823
25489458	[19,-2.0,-17.0]	37.80227944285714	-122.39794344285714	0.10991925815243811	0.12739151573583538	0.5924743413128378	0.19914079936502257	1.0	0.5935077061890823
588363943	[-7,-4.0,11.0]	37.796745336363635	-122.39766885454546	0.10991925815243811	0.12739151573583538	0.5924743413128378	0.19914079936502257	1.0	0.5935077061890823
588365127	[-13,4.0,9.0]	37.79647382592593	-122.39902470185186	0.10991925815243811	0.12739151573583538	0.5924743413128378	0.19914079936502257	1.0	0.5935077061890823
32612487	[-22,-2.0,24.0]	37.7939535	-122.39804459999999	0.10991925815243811	0.12739151573583538	0.5924743413128378	0.19914079936502257	1.0	0.5935077061890823
32947510	[-28,14.0,14.0]	37.79436783333333	-122.400798	0.10991925815243811	0.12739151573583538	0.5924743413128378	0.19914079936502257	1.0	0.5935077061890823
35266543	[-23,17.0,6.0]	37.79557387999999	-122.40136162000002	0.10991925815243811	0.12739151573583538	0.5924743413128378	0.19914079936502257	1.0	0.5935077061890823
93703768	[14,23.0,-37.0]	37.8037919	-122.40245851666667	0.10991925815243811	0.12739151573583538	0.5924743413128378	0.19914079936502257	1.0	0.5935077061890823
148710877	[-35,2.0,33.0]	37.791690603333336	-122.39876431999998	0.10991925815243811	0.12739151573583538	0.5924743413128378	0.19914079936502257	1.0	0.5935077061890823
256067709	[-30,4.0,26.0]	37.79294958571428	-122.39900767142856	0.10991925815243811	0.12739151573583538	0.5924743413128378	0.19914079936502257	1.0	0.5935077061890823
260286442	[-27,4.0,23.0]	37.793563520000006	-122.39901472	0.10991925815243811	0.12739151573583538	0.5924743413128378	0.19914079936502257	1.0	0.5935077061890823
260288451	[-25,2.0,23.0]	37.793670433333325	-122.39866126666668	0.10991925815243811	0.12739151573583538	0.5924743413128378	0.19914079936502257	1.0	0.5935077061890823
260941554	[0,4.0,-4.0]	37.799046818181814	-122.3990311090909	0.10991925815243811	0.12739151573583538	0.5924743413128378	0.19914079936502257	1.0	0.5935077061890823
436484074	[-21,-9.0,30.0]	37.793403833333336	-122.39676676666666	0.10991925815243811	0.12739151573583538	0.5924743413128378	0.19914079936502257	1.0	0.5935077061890823
436484078	[-27,-2.0,29.0]	37.79285364858758	-122.39793388079096	0.10991925815243811	0.12739151573583538	0.5924743413128378	0.19914079936502257	1.0	0.5935077061890823
32946083	[-28,30.0,-2.0]	37.7959352	-122.40362354444444	0.10991925815243811	0.12739151573583538	0.5924743413128378	0.19914079936502257	1.0	0.5935077061890823
260925337	[-39,31.0,8.0]	37.793815114285714	-122.40387694285712	0.10991925815243811	0.12739151573583538	0.5924743413128378	0.19914079936502257	1.0	0.5935077061890823
558731934	[-2,-27.0,29.0]	37.79548582105263	-122.39344486842104	0.10991925815243811	0.12739151573583538	0.5924743413128378	0.19914079936502257	1.0	0.5935077061890823
773030142	[-24,-8.0,32.0]	37.79289281249999	-122.39685480937501	0.10991925815243811	0.12739151573583538	0.5924743413128378	0.19914079936502257	1.0	0.5935077061890823
32859152	32859152	0
32947577	32859152	2
256084916	32859152	2
260927792	32859152	2
260927794	32859152	2
588363944	32859152	2
588363945	32859152	2
588363946	32859152	2
588363947	32859152	2
588363948	32859152	2
32016321	32859152	2
32965865	32859152	1
132238432	32859152	3
288473985	32859152	3
308339610	32859152	2
341936622	32859152	2
225380578	32859152	2
436478194	32859152	3
436478196	32859152	2
436478197	32859152	2
436478198	32859152	3
436478199	32859152	2
436478202	32859152	2
32947670	32859152	1
162056247	32859152	2
23916482	32859152	2
25478371	32859152	2
25478378	32859152	2
25603430	32859152	2
25751184	32859152	2
27146056	32859152	2
27146063	32859152	3
32015746	32859152	2
32016150	32859152	2
32016357	32859152	3
35266472	32859152	0
37126515	32859152	3
81604313	32859152	2
93703757	32859152	3
175516006	32859152	2
206623941	32859152	1
261988292	32859152	1
359899270	32859152	3
436478195	32859152	2
565797493	32859152	3
565797494	32859152	3
565797495	32859152	3
565797496	32859152	3
565797498	32859152	3
565797499	32859152	3
565797501	32859152	3
565797502	32859152	3
565797503	32859152	3
565797505	32859152	3
565797506	32859152	3
565797507	32859152	3
585983823	32859152	2
979811984	32859152	3
25478444	32859152	3
25489470	32859152	3
91913148	32859152	2
32612484	32859152	2
32947763	32859152	2
24460896	32859152	3
32611414	32859152	3
436478200	32859152	3
436478201	32859152	3
25489458	32859152	3
588363943	32859152	2
588365127	32859152	1
32612487	32859152	2
32947510	32859152	1
35266543	32859152	0
93703768	32859152	3
148710877	32859152	3
256067709	32859152	3
260286442	32859152	2
260288451	32859152	2
260941554	32859152	2
436484074	32859152	2
436484078	32859152	2
32946083	32859152	1
260925337	32859152	2
558731934	32859152	3
773030142	32859152	3
32947577	32947577	0
256084916	32947577	0
260927792	32947577	1
260927794	32947577	1
588363944	32947577	0
588363945	32947577	0
588363946	32947577	0
588363947	32947577	0
588363948	32947577	0
32016321	32947577	2
32965865	32947577	2
132238432	32947577	3
288473985	32947577	3
308339610	32947577	2
341936622	32947577	1
225380578	32947577	1
436478194	32947577	2
436478196	32947577	0
436478197	32947577	0
436478198	32947577	1
436478199	32947577	0
436478202	32947577	0
32947670	32947577	2
162056247	32947577	3
23916482	32947577	1
25478371	32947577	2
25478378	32947577	2
25603430	32947577	3
25751184	32947577	3
27146056	32947577	1
27146063	32947577	2
32015746	32947577	2
32016150	32947577	2
32016357	32947577	2
35266472	32947577	2
37126515	32947577	4
81604313	32947577	1
93703757	32947577	3
175516006	32947577	1
206623941	32947577	2
261988292	32947577	2
359899270	32947577	3
436478195	32947577	0
565797493	32947577	3
565797494	32947577	3
565797495	32947577	4
565797496	32947577	4
565797498	32947577	4
565797499	32947577	3
565797501	32947577	3
565797502	32947577	4
565797503	32947577	4
565797505	32947577	4
565797506	32947577	4
565797507	32947577	3
585983823	32947577	0
979811984	32947577	2
25478444	32947577	3
25489470	32947577	2
91913148	32947577	2
32612484	32947577	1
32947763	32947577	3
24460896	32947577	1
32611414	32947577	3
436478200	32947577	1
436478201	32947577	1
25489458	32947577	3
588363943	32947577	1
588365127	32947577	2
32612487	32947577	1
32947510	32947577	2
35266543	32947577	1
93703768	32947577	3
148710877	32947577	2
256067709	32947577	2
260286442	32947577	2
260288451	32947577	2
260941554	32947577	2
436484074	32947577	2
436484078	32947577	2
32946083	32947577	2
260925337	32947577	2
558731934	32947577	2
773030142	32947577	2
256084916	256084916	0
260927792	256084916	0
260927794	256084916	0
588363944	256084916	0
588363945	256084916	0
588363946	256084916	0
588363947	256084916	1
588363948	256084916	1
32016321	256084916	1
32965865	256084916	2
132238432	256084916	3
288473985	256084916	3
308339610	256084916	2
341936622	256084916	0
225380578	256084916	1
436478194	256084916	2
436478196	256084916	1
436478197	256084916	0
436478198	256084916	2
436478199	256084916	0
436478202	256084916	0
32947670	256084916	1
162056247	256084916	3
23916482	256084916	0
25478371	256084916	2
25478378	256084916	2
25603430	256084916	2
25751184	256084916	3
27146056	256084916	1
27146063	256084916	2
32015746	256084916	2
32016150	256084916	1
32016357	256084916	2
35266472	256084916	2
37126515	256084916	3
81604313	256084916	1
93703757	256084916	3
175516006	256084916	1
206623941	256084916	2
261988292	256084916	2
359899270	256084916	3
436478195	256084916	1
565797493	256084916	3
565797494	256084916	3
565797495	256084916	3
565797496	256084916	3
565797498	256084916	3
565797499	256084916	3
565797501	256084916	3
565797502	256084916	3
565797503	256084916	3
565797505	256084916	3
565797506	256084916	3
565797507	256084916	3
585983823	256084916	0
979811984	256084916	2
25478444	256084916	2
25489470	256084916	2
91913148	256084916	2
32612484	256084916	2
32947763	256084916	2
24460896	256084916	2
32611414	256084916	3
436478200	256084916	2
436478201	256084916	2
25489458	256084916	2
588363943	256084916	0
588365127	256084916	1
32612487	256084916	2
32947510	256084916	2
35266543	256084916	2
93703768	256084916	3
148710877	256084916	3
256067709	256084916	2
260286442	256084916	2
260288451	256084916	2
260941554	256084916	1
436484074	256084916	2
436484078	256084916	2
32946083	256084916	2
260925337	256084916	3
558731934	256084916	2
773030142	256084916	2
260927792	260927792	0
260927794	260927792	0
588363944	260927792	0
588363945	260927792	0
588363946	260927792	1
588363947	260927792	1
588363948	260927792	1
32016321	260927792	1
32965865	260927792	2
132238432	260927792	3
288473985	260927792	3
308339610	260927792	2
341936622	260927792	0
225380578	260927792	1
436478194	260927792	2
436478196	260927792	1
436478197	260927792	0
436478198	260927792	2
436478199	260927792	0
436478202	260927792	0
32947670	260927792	1
162056247	260927792	3
23916482	260927792	0
25478371	260927792	1
25478378	260927792	1
25603430	260927792	2
25751184	260927792	3
27146056	260927792	1
27146063	260927792	2
32015746	260927792	2
32016150	260927792	1
32016357	260927792	2
35266472	260927792	1
37126515	260927792	3
81604313	260927792	2
93703757	260927792	3
175516006	260927792	1
206623941	260927792	2
261988292	260927792	2
359899270	260927792	3
436478195	260927792	1
565797493	260927792	3
565797494	260927792	3
565797495	260927792	3
565797496	260927792	3
565797498	260927792	3
565797499	260927792	3
565797501	260927792	3
565797502	260927792	3
565797503	260927792	3
565797505	260927792	3
565797506	260927792	3
565797507	260927792	3
585983823	260927792	1
979811984	260927792	2
25478444	260927792	2
25489470	260927792	2
91913148	260927792	2
32612484	260927792	2
32947763	260927792	2
24460896	260927792	2
32611414	260927792	3
436478200	260927792	2
436478201	260927792	2
25489458	260927792	2
588363943	260927792	0
588365127	260927792	0
32612487	260927792	2
32947510	260927792	2
35266543	260927792	2
93703768	260927792	3
148710877	260927792	3
256067709	260927792	2
260286442	260927792	2
260288451	260927792	2
260941554	260927792	1
436484074	260927792	2
436484078	260927792	2
32946083	260927792	2
260925337	260927792	3
558731934	260927792	2
773030142	260927792	2
260927794	260927794	0
588363944	260927794	0
588363945	260927794	1
588363946	260927794	1
588363947	260927794	1
588363948	260927794	1
32016321	260927794	1
32965865	260927794	1
132238432	260927794	3
288473985	260927794	3
308339610	260927794	2
341936622	260927794	0
225380578	260927794	1
436478194	260927794	2
436478196	260927794	1
436478197	260927794	0
436478198	260927794	2
436478199	260927794	0
436478202	260927794	0
32947670	260927794	1
162056247	260927794	3
23916482	260927794	0
25478371	260927794	1
25478378	260927794	1
25603430	260927794	2
25751184	260927794	3
27146056	260927794	1
27146063	260927794	2
32015746	260927794	2
32016150	260927794	1
32016357	260927794	2
35266472	260927794	1
37126515	260927794	3
81604313	260927794	2
93703757	260927794	3
175516006	260927794	1
206623941	260927794	2
261988292	260927794	2
359899270	260927794	3
436478195	260927794	1
565797493	260927794	3
565797494	260927794	3
565797495	260927794	3
565797496	260927794	3
565797498	260927794	3
565797499	260927794	3
565797501	260927794	3
565797502	260927794	3
565797503	260927794	3
565797505	260927794	3
565797506	260927794	3
565797507	260927794	3
585983823	260927794	1
979811984	260927794	2
25478444	260927794	2
25489470	260927794	2
91913148	260927794	2
32612484	260927794	2
32947763	260927794	2
24460896	260927794	2
32611414	260927794	3
436478200	260927794	2
436478201	260927794	2
25489458	260927794	2
588363943	260927794	0
588365127	260927794	0
32612487	260927794	2
32947510	260927794	2
35266543	260927794	2
93703768	260927794	3
148710877	260927794	3
256067709	260927794	2
260286442	260927794	2
260288451	260927794	2
260941554	260927794	1
436484074	260927794	2
436484078	260927794	2
32946083	260927794	2
260925337	260927794	3
558731934	260927794	2
773030142	260927794	2
588363944	588363944	0
588363945	588363944	0
588363946	588363944	0
588363947	588363944	0
588363948	588363944	0
32016321	588363944	2
32965865	588363944	2
132238432	588363944	3
288473985	588363944	3
308339610	588363944	2
341936622	588363944	1
225380578	588363944	0
436478194	588363944	1
436478196	588363944	0
436478197	588363944	0
436478198	588363944	1
436478199	588363944	0
436478202	588363944	0
32947670	588363944	2
162056247	588363944	3
23916482	588363944	1
25478371	588363944	2
25478378	588363944	2
25603430	588363944	3
25751184	588363944	3
27146056	588363944	1
27146063	588363944	2
32015746	588363944	3
32016150	588363944	2
32016357	588363944	3
35266472	588363944	2
37126515	588363944	4
81604313	588363944	2
93703757	588363944	3
175516006	588363944	1
206623941	588363944	2
261988292	588363944	2
359899270	588363944	3
436478195	588363944	0
565797493	588363944	3
565797494	588363944	3
565797495	588363944	4
565797496	588363944	4
565797498	588363944	4
565797499	588363944	3
565797501	588363944	4
565797502	588363944	4
565797503	588363944	4
565797505	588363944	4
565797506	588363944	4
565797507	588363944	3
585983823	588363944	0
979811984	588363944	2
25478444	588363944	2
25489470	588363944	2
91913148	588363944	2
32612484	588363944	1
32947763	588363944	3
24460896	588363944	1
32611414	588363944	3
436478200	588363944	1
436478201	588363944	1
25489458	588363944	3
588363943	588363944	0
588365127	588363944	1
32612487	588363944	1
32947510	588363944	2
35266543	588363944	2
93703768	588363944	3
148710877	588363944	2
256067709	588363944	2
260286442	588363944	2
260288451	588363944	2
260941554	588363944	2
436484074	588363944	1
436484078	588363944	2
32946083	588363944	2
260925337	588363944	3
558731934	588363944	1
773030142	588363944	2
588363945	588363945	0
588363946	588363945	0
588363947	588363945	0
588363948	588363945	0
32016321	588363945	2
32965865	588363945	2
132238432	588363945	3
288473985	588363945	3
308339610	588363945	2
341936622	588363945	1
225380578	588363945	1
436478194	588363945	1
436478196	588363945	0
436478197	588363945	0
436478198	588363945	1
436478199	588363945	0
436478202	588363945	0
32947670	588363945	2
162056247	588363945	3
23916482	588363945	1
25478371	588363945	2
25478378	588363945	2
25603430	588363945	3
25751184	588363945	3
27146056	588363945	1
27146063	588363945	2
32015746	588363945	3
32016150	588363945	2
32016357	588363945	2
35266472	588363945	2
37126515	588363945	4
81604313	588363945	2
93703757	588363945	3
175516006	588363945	1
206623941	588363945	2
261988292	588363945	2
359899270	588363945	3
436478195	588363945	0
565797493	588363945	3
565797494	588363945	3
565797495	588363945	4
565797496	588363945	4
565797498	588363945	4
565797499	588363945	3
565797501	588363945	4
565797502	588363945	4
565797503	588363945	4
565797505	588363945	4
565797506	588363945	4
565797507	588363945	3
585983823	588363945	0
979811984	588363945	2
25478444	588363945	2
25489470	588363945	2
91913148	588363945	2
32612484	588363945	1
32947763	588363945	3
24460896	588363945	1
32611414	588363945	3
436478200	588363945	1
436478201	588363945	1
25489458	588363945	3
588363943	588363945	0
588365127	588363945	1
32612487	588363945	1
32947510	588363945	2
35266543	588363945	2
93703768	588363945	3
148710877	588363945	2
256067709	588363945	2
260286442	588363945	2
260288451	588363945	2
260941554	588363945	2
436484074	588363945	1
436484078	588363945	2
32946083	588363945	2
260925337	588363945	3
558731934	588363945	2
773030142	588363945	2
588363946	588363946	0
588363947	588363946	0
588363948	588363946	0
32016321	588363946	2
32965865	588363946	2
132238432	588363946	3
288473985	588363946	3
308339610	588363946	2
341936622	588363946	1
225380578	588363946	1
436478194	588363946	2
436478196	588363946	0
436478197	588363946	0
436478198	588363946	1
436478199	588363946	0
436478202	588363946	0
32947670	588363946	2
162056247	588363946	3
23916482	588363946	1
25478371	588363946	2
25478378	588363946	2
25603430	588363946	3
25751184	588363946	3
27146056	588363946	1
27146063	588363946	2
32015746	588363946	2
32016150	588363946	2
32016357	588363946	2
35266472	588363946	2
37126515	588363946	4
81604313	588363946	1
93703757	588363946	3
175516006	588363946	1
206623941	588363946	2
261988292	588363946	2
359899270	588363946	3
436478195	588363946	0
565797493	588363946	3
565797494	588363946	3
565797495	588363946	4
565797496	588363946	4
565797498	588363946	4
565797499	588363946	3
565797501	588363946	3
565797502	588363946	4
565797503	588363946	4
565797505	588363946	4
565797506	588363946	4
565797507	588363946	3
585983823	588363946	0
979811984	588363946	2
25478444	588363946	3
25489470	588363946	2
91913148	588363946	2
32612484	588363946	1
32947763	588363946	3
24460896	588363946	1
32611414	588363946	3
436478200	588363946	1
436478201	588363946	1
25489458	588363946	3
588363943	588363946	1
588365127	588363946	2
32612487	588363946	1
32947510	588363946	2
35266543	588363946	1
93703768	588363946	3
148710877	588363946	2
256067709	588363946	2
260286442	588363946	2
260288451	588363946	2
260941554	588363946	2
436484074	588363946	2
436484078	588363946	2
32946083	588363946	2
260925337	588363946	2
558731934	588363946	2
773030142	588363946	2
588363947	588363947	0
588363948	588363947	0
32016321	588363947	2
32965865	588363947	1
132238432	588363947	3
288473985	588363947	3
308339610	588363947	2
341936622	588363947	1
225380578	588363947	1
436478194	588363947	2
436478196	588363947	0
436478197	588363947	0
436478198	588363947	1
436478199	588363947	0
436478202	588363947	0
32947670	588363947	2
162056247	588363947	3
23916482	588363947	1
25478371	588363947	2
25478378	588363947	2
25603430	588363947	3
25751184	588363947	3
27146056	588363947	1
27146063	588363947	2
32015746	588363947	2
32016150	588363947	2
32016357	588363947	2
35266472	588363947	2
37126515	588363947	4
81604313	588363947	1
93703757	588363947	3
175516006	588363947	1
206623941	588363947	2
261988292	588363947	2
359899270	588363947	3
436478195	588363947	0
565797493	588363947	3
565797494	588363947	3
565797495	588363947	4
565797496	588363947	4
565797498	588363947	4
565797499	588363947	3
565797501	588363947	3
565797502	588363947	3
565797503	588363947	4
565797505	588363947	4
565797506	588363947	3
565797507	588363947	3
585983823	588363947	0
979811984	588363947	2
25478444	588363947	3
25489470	588363947	2
91913148	588363947	2
32612484	588363947	1
32947763	588363947	3
24460896	588363947	1
32611414	588363947	3
436478200	588363947	1
436478201	588363947	1
25489458	588363947	3
588363943	588363947	1
588365127	588363947	2
32612487	588363947	1
32947510	588363947	2
35266543	588363947	1
93703768	588363947	3
148710877	588363947	2
256067709	588363947	2
260286442	588363947	2
260288451	588363947	2
260941554	588363947	2
436484074	588363947	2
436484078	588363947	2
32946083	588363947	2
260925337	588363947	2
558731934	588363947	2
773030142	588363947	2
588363948	588363948	0
32016321	588363948	2
32965865	588363948	1
132238432	588363948	3
288473985	588363948	3
308339610	588363948	2
341936622	588363948	1
225380578	588363948	1
436478194	588363948	2
436478196	588363948	0
436478197	588363948	0
436478198	588363948	2
436478199	588363948	0
436478202	588363948	0
32947670	588363948	2
162056247	588363948	3
23916482	588363948	1
25478371	588363948	2
25478378	588363948	2
25603430	588363948	3
25751184	588363948	3
27146056	588363948	1
27146063	588363948	2
32015746	588363948	2
32016150	588363948	2
32016357	588363948	2
35266472	588363948	2
37126515	588363948	4
81604313	588363948	1
93703757	588363948	3
175516006	588363948	1
206623941	588363948	2
261988292	588363948	1
359899270	588363948	3
436478195	588363948	0
565797493	588363948	3
565797494	588363948	3
565797495	588363948	4
565797496	588363948	4
565797498	588363948	3
565797499	588363948	3
565797501	588363948	3
565797502	588363948	3
565797503	588363948	3
565797505	588363948	3
565797506	588363948	3
565797507	588363948	3
585983823	588363948	0
979811984	588363948	2
25478444	588363948	3
25489470	588363948	2
91913148	588363948	2
32612484	588363948	1
32947763	588363948	3
24460896	588363948	1
32611414	588363948	3
436478200	588363948	1
436478201	588363948	1
25489458	588363948	3
588363943	588363948	1
588365127	588363948	2
32612487	588363948	1
32947510	588363948	2
35266543	588363948	1
93703768	588363948	3
148710877	588363948	2
256067709	588363948	2
260286442	588363948	2
260288451	588363948	2
260941554	588363948	2
436484074	588363948	1
436484078	588363948	1
32946083	588363948	2
260925337	588363948	2
558731934	588363948	2
773030142	588363948	2
32016321	32016321	0
32965865	32016321	2
132238432	32016321	2
288473985	32016321	3
308339610	32016321	3
341936622	32016321	1
225380578	32016321	2
436478194	32016321	0
436478196	32016321	2
436478197	32016321	2
436478198	32016321	0
436478199	32016321	2
436478202	32016321	2
32947670	32016321	1
162056247	32016321	3
23916482	32016321	1
25478371	32016321	0
25478378	32016321	1
25603430	32016321	2
25751184	32016321	3
27146056	32016321	2
27146063	32016321	2
32015746	32016321	2
32016150	32016321	0
32016357	32016321	2
35266472	32016321	3
37126515	32016321	4
81604313	32016321	2
93703757	32016321	3
175516006	32016321	2
206623941	32016321	2
261988292	32016321	3
359899270	32016321	3
436478195	32016321	2
565797493	32016321	2
565797494	32016321	2
565797495	32016321	3
565797496	32016321	3
565797498	32016321	3
565797499	32016321	2
565797501	32016321	3
565797502	32016321	3
565797503	32016321	3
565797505	32016321	3
565797506	32016321	3
565797507	32016321	3
585983823	32016321	2
979811984	32016321	2
25478444	32016321	1
25489470	32016321	1
91913148	32016321	0
32612484	32016321	3
32947763	32016321	2
24460896	32016321	2
32611414	32016321	3
436478200	32016321	2
436478201	32016321	2
25489458	32016321	1
588363943	32016321	1
588365127	32016321	2
32612487	32016321	3
32947510	32016321	3
35266543	32016321	2
93703768	32016321	2
148710877	32016321	3
256067709	32016321	3
260286442	32016321	3
260288451	32016321	3
260941554	32016321	0
436484074	32016321	3
436484078	32016321	3
32946083	32016321	3
260925337	32016321	3
558731934	32016321	2
773030142	32016321	3
32965865	32965865	0
132238432	32965865	3
288473985	32965865	3
308339610	32965865	1
341936622	32965865	1
225380578	32965865	2
436478194	32965865	2
436478196	32965865	2
436478197	32965865	2
436478198	32965865	2
436478199	32965865	2
436478202	32965865	2
32947670	32965865	1
162056247	32965865	2
23916482	32965865	2
25478371	32965865	2
25478378	32965865	2
25603430	32965865	2
25751184	32965865	2
27146056	32965865	2
27146063	32965865	3
32015746	32965865	1
32016150	32965865	2
32016357	32965865	3
35266472	32965865	0
37126515	32965865	3
81604313	32965865	2
93703757	32965865	3
175516006	32965865	2
206623941	32965865	1
261988292	32965865	0
359899270	32965865	3
436478195	32965865	2
565797493	32965865	3
565797494	32965865	3
565797495	32965865	3
565797496	32965865	3
565797498	32965865	3
565797499	32965865	3
565797501	32965865	3
565797502	32965865	3
565797503	32965865	3
565797505	32965865	3
565797506	32965865	3
565797507	32965865	3
585983823	32965865	2
979811984	32965865	3
25478444	32965865	3
25489470	32965865	3
91913148	32965865	3
32612484	32965865	2
32947763	32965865	2
24460896	32965865	2
32611414	32965865	3
436478200	32965865	2
436478201	32965865	2
25489458	32965865	3
588363943	32965865	2
588365127	32965865	1
32612487	32965865	2
32947510	32965865	1
35266543	32965865	0
93703768	32965865	3
148710877	32965865	2
256067709	32965865	2
260286442	32965865	2
260288451	32965865	2
260941554	32965865	2
436484074	32965865	2
436484078	32965865	2
32946083	32965865	1
260925337	32965865	2
558731934	32965865	3
773030142	32965865	3
132238432	132238432	0
288473985	132238432	2
308339610	132238432	3
341936622	132238432	3
225380578	132238432	3
436478194	132238432	3
436478196	132238432	3
436478197	132238432	3
436478198	132238432	3
436478199	132238432	3
436478202	132238432	3
32947670	132238432	2
162056247	132238432	3
23916482	132238432	3
25478371	132238432	2
25478378	132238432	2
25603430	132238432	2
25751184	132238432	0
27146056	132238432	3
27146063	132238432	3
32015746	132238432	2
32016150	132238432	3
32016357	132238432	3
35266472	132238432	3
37126515	132238432	3
81604313	132238432	3
93703757	132238432	0
175516006	132238432	3
206623941	132238432	2
261988292	132238432	3
359899270	132238432	0
436478195	132238432	3
565797493	132238432	0
565797494	132238432	0
565797495	132238432	2
565797496	132238432	2
565797498	132238432	2
565797499	132238432	0
565797501	132238432	2
565797502	132238432	2
565797503	132238432	2
565797505	132238432	2
565797506	132238432	2
565797507	132238432	1
585983823	132238432	3
979811984	132238432	3
25478444	132238432	2
25489470	132238432	3
91913148	132238432	3
32612484	132238432	3
32947763	132238432	2
24460896	132238432	3
32611414	132238432	0
436478200	132238432	3
436478201	132238432	3
25489458	132238432	2
588363943	132238432	3
588365127	132238432	3
32612487	132238432	3
32947510	132238432	3
35266543	132238432	3
93703768	132238432	0
148710877	132238432	4
256067709	132238432	4
260286442	132238432	3
260288451	132238432	3
260941554	132238432	2
436484074	132238432	3
436484078	132238432	3
32946083	132238432	3
260925337	132238432	3
558731934	132238432	3
773030142	132238432	3
288473985	288473985	0
308339610	288473985	4
341936622	288473985	3
225380578	288473985	3
436478194	288473985	3
436478196	288473985	3
436478197	288473985	3
436478198	288473985	3
436478199	288473985	3
436478202	288473985	3
32947670	288473985	3
162056247	288473985	4
23916482	288473985	3
25478371	288473985	3
25478378	288473985	3
25603430	288473985	3
25751184	288473985	2
27146056	288473985	4
27146063	288473985	3
32015746	288473985	3
32016150	288473985	3
32016357	288473985	4
35266472	288473985	3
37126515	288473985	4
81604313	288473985	4
93703757	288473985	2
175516006	288473985	4
206623941	288473985	3
261988292	288473985	3
359899270	288473985	2
436478195	288473985	3
565797493	288473985	2
565797494	288473985	2
565797495	288473985	2
565797496	288473985	2
565797498	288473985	2
565797499	288473985	2
565797501	288473985	2
565797502	288473985	2
565797503	288473985	2
565797505	288473985	2
565797506	288473985	2
565797507	288473985	2
585983823	288473985	3
979811984	288473985	4
25478444	288473985	3
25489470	288473985	3
91913148	288473985	3
32612484	288473985	4
32947763	288473985	3
24460896	288473985	3
32611414	288473985	2
436478200	288473985	3
436478201	288473985	3
25489458	288473985	3
588363943	288473985	3
588365127	288473985	3
32612487	288473985	4
32947510	288473985	3
35266543	288473985	3
93703768	288473985	1
148710877	288473985	4
256067709	288473985	4
260286442	288473985	4
260288451	288473985	4
260941554	288473985	3
436484074	288473985	4
436484078	288473985	4
32946083	288473985	3
260925337	288473985	4
558731934	288473985	4
773030142	288473985	4
308339610	308339610	0
341936622	308339610	2
225380578	308339610	2
436478194	308339610	3
436478196	308339610	2
436478197	308339610	2
436478198	308339610	3
436478199	308339610	2
436478202	308339610	2
32947670	308339610	2
162056247	308339610	2
23916482	308339610	2
25478371	308339610	3
25478378	308339610	3
25603430	308339610	3
25751184	308339610	3
27146056	308339610	2
27146063	308339610	3
32015746	308339610	2
32016150	308339610	3
32016357	308339610	3
35266472	308339610	2
37126515	308339610	3
81604313	308339610	2
93703757	308339610	3
175516006	308339610	2
206623941	308339610	2
261988292	308339610	1
359899270	308339610	3
436478195	308339610	2
565797493	308339610	3
565797494	308339610	3
565797495	308339610	3
565797496	308339610	3
565797498	308339610	3
565797499	308339610	3
565797501	308339610	3
565797502	308339610	3
565797503	308339610	3
565797505	308339610	3
565797506	308339610	3
565797507	308339610	3
585983823	308339610	2
979811984	308339610	3
25478444	308339610	3
25489470	308339610	3
91913148	308339610	3
32612484	308339610	2
32947763	308339610	2
24460896	308339610	3
32611414	308339610	3
436478200	308339610	3
436478201	308339610	3
25489458	308339610	3
588363943	308339610	2
588365127	308339610	2
32612487	308339610	2
32947510	308339610	0
35266543	308339610	1
93703768	308339610	3
148710877	308339610	2
256067709	308339610	2
260286442	308339610	1
260288451	308339610	1
260941554	308339610	3
436484074	308339610	2
436484078	308339610	2
32946083	308339610	2
260925337	308339610	1
558731934	308339610	3
773030142	308339610	2
341936622	341936622	0
225380578	341936622	1
436478194	341936622	1
436478196	341936622	1
436478197	341936622	0
436478198	341936622	2
436478199	341936622	0
436478202	341936622	0
32947670	341936622	1
162056247	341936622	3
23916482	341936622	0
25478371	341936622	1
25478378	341936622	1
25603430	341936622	2
25751184	341936622	3
27146056	341936622	1
27146063	341936622	2
32015746	341936622	2
32016150	341936622	1
32016357	341936622	2
35266472	341936622	1
37126515	341936622	3
81604313	341936622	2
93703757	341936622	3
175516006	341936622	1
206623941	341936622	2
261988292	341936622	2
359899270	341936622	3
436478195	341936622	1
565797493	341936622	3
565797494	341936622	3
565797495	341936622	3
565797496	341936622	3
565797498	341936622	3
565797499	341936622	3
565797501	341936622	3
565797502	341936622	3
565797503	341936622	3
565797505	341936622	3
565797506	341936622	3
565797507	341936622	3
585983823	341936622	1
979811984	341936622	2
25478444	341936622	2
25489470	341936622	2
91913148	341936622	2
32612484	341936622	2
32947763	341936622	2
24460896	341936622	2
32611414	341936622	3
436478200	341936622	2
436478201	341936622	2
25489458	341936622	2
588363943	341936622	0
588365127	341936622	0
32612487	341936622	2
32947510	341936622	2
35266543	341936622	2
93703768	341936622	3
148710877	341936622	3
256067709	341936622	3
260286442	341936622	2
260288451	341936622	2
260941554	341936622	1
436484074	341936622	2
436484078	341936622	2
32946083	341936622	2
260925337	341936622	3
558731934	341936622	2
773030142	341936622	2
225380578	225380578	0
436478194	225380578	1
436478196	225380578	0
436478197	225380578	0
436478198	225380578	1
436478199	225380578	0
436478202	225380578	0
32947670	225380578	2
162056247	225380578	3
23916482	225380578	1
25478371	225380578	2
25478378	225380578	2
25603430	225380578	3
25751184	225380578	3
27146056	225380578	1
27146063	225380578	1
32015746	225380578	3
32016150	225380578	2
32016357	225380578	1
35266472	225380578	2
37126515	225380578	4
81604313	225380578	2
93703757	225380578	3
175516006	225380578	1
206623941	225380578	3
261988292	225380578	2
359899270	225380578	3
436478195	225380578	0
565797493	225380578	3
565797494	225380578	3
565797495	225380578	3
565797496	225380578	3
565797498	225380578	3
565797499	225380578	3
565797501	225380578	3
565797502	225380578	3
565797503	225380578	3
565797505	225380578	3
565797506	225380578	3
565797507	225380578	3
585983823	225380578	1
979811984	225380578	2
25478444	225380578	2
25489470	225380578	1
91913148	225380578	1
32612484	225380578	2
32947763	225380578	3
24460896	225380578	1
32611414	225380578	3
436478200	225380578	1
436478201	225380578	1
25489458	225380578	2
588363943	225380578	1
588365127	225380578	2
32612487	225380578	2
32947510	225380578	2
35266543	225380578	2
93703768	225380578	3
148710877	225380578	2
256067709	225380578	2
260286442	225380578	2
260288451	225380578	2
260941554	225380578	2
436484074	225380578	2
436484078	225380578	2
32946083	225380578	2
260925337	225380578	3
558731934	225380578	1
773030142	225380578	2
436478194	436478194	0
436478196	436478194	1
436478197	436478194	1
436478198	436478194	0
436478199	436478194	2
436478202	436478194	2
32947670	436478194	2
162056247	436478194	3
23916482	436478194	1
25478371	436478194	1
25478378	436478194	1
25603430	436478194	2
25751184	436478194	3
27146056	436478194	2
27146063	436478194	2
32015746	436478194	2
32016150	436478194	1
32016357	436478194	2
35266472	436478194	2
37126515	436478194	3
81604313	436478194	2
93703757	436478194	3
175516006	436478194	2
206623941	436478194	2
261988292	436478194	3
359899270	436478194	3
436478195	436478194	1
565797493	436478194	3
565797494	436478194	2
565797495	436478194	3
565797496	436478194	3
565797498	436478194	3
565797499	436478194	2
565797501	436478194	3
565797502	436478194	3
565797503	436478194	3
565797505	436478194	3
565797506	436478194	3
565797507	436478194	3
585983823	436478194	2
979811984	436478194	2
25478444	436478194	1
25489470	436478194	1
91913148	436478194	1
32612484	436478194	2
32947763	436478194	2
24460896	436478194	1
32611414	436478194	3
436478200	436478194	1
436478201	436478194	1
25489458	436478194	3
588363943	436478194	2
588365127	436478194	2
32612487	436478194	2
32947510	436478194	3
35266543	436478194	3
93703768	436478194	3
148710877	436478194	3
256067709	436478194	3
260286442	436478194	3
260288451	436478194	3
260941554	436478194	1
436484074	436478194	2
436484078	436478194	3
32946083	436478194	3
260925337	436478194	3
558731934	436478194	2
773030142	436478194	3
436478196	436478196	0
436478197	436478196	0
436478198	436478196	1
436478199	436478196	0
436478202	436478196	1
32947670	436478196	2
162056247	436478196	3
23916482	436478196	1
25478371	436478196	2
25478378	436478196	2
25603430	436478196	3
25751184	436478196	3
27146056	436478196	1
27146063	436478196	1
32015746	436478196	3
32016150	436478196	2
32016357	436478196	1
35266472	436478196	2
37126515	436478196	4
81604313	436478196	1
93703757	436478196	3
175516006	436478196	1
206623941	436478196	3
261988292	436478196	2
359899270	436478196	3
436478195	436478196	0
565797493	436478196	3
565797494	436478196	3
565797495	436478196	3
565797496	436478196	3
565797498	436478196	3
565797499	436478196	3
565797501	436478196	3
565797502	436478196	3
565797503	436478196	3
565797505	436478196	3
565797506	436478196	3
565797507	436478196	3
585983823	436478196	0
979811984	436478196	2
25478444	436478196	2
25489470	436478196	1
91913148	436478196	1
32612484	436478196	2
32947763	436478196	3
24460896	436478196	1
32611414	436478196	3
436478200	436478196	1
436478201	436478196	1
25489458	436478196	3
588363943	436478196	1
588365127	436478196	2
32612487	436478196	2
32947510	436478196	2
35266543	436478196	2
93703768	436478196	3
148710877	436478196	2
256067709	436478196	2
260286442	436478196	2
260288451	436478196	2
260941554	436478196	2
436484074	436478196	2
436484078	436478196	2
32946083	436478196	2
260925337	436478196	3
558731934	436478196	1
773030142	436478196	2
436478197	436478197	0
436478198	436478197	1
436478199	436478197	0
436478202	436478197	0
32947670	436478197	1
162056247	436478197	3
23916482	436478197	1
25478371	436478197	2
25478378	436478197	2
25603430	436478197	2
25751184	436478197	3
27146056	436478197	1
27146063	436478197	1
32015746	436478197	2
32016150	436478197	2
32016357	436478197	2
35266472	436478197	2
37126515	436478197	3
81604313	436478197	1
93703757	436478197	3
175516006	436478197	1
206623941	436478197	2
261988292	436478197	2
359899270	436478197	3
436478195	436478197	0
565797493	436478197	3
565797494	436478197	3
565797495	436478197	3
565797496	436478197	3
565797498	436478197	3
565797499	436478197	3
565797501	436478197	3
565797502	436478197	3
565797503	436478197	3
565797505	436478197	3
565797506	436478197	3
565797507	436478197	3
585983823	436478197	0
979811984	436478197	2
25478444	436478197	2
25489470	436478197	1
91913148	436478197	2
32612484	436478197	1
32947763	436478197	2
24460896	436478197	1
32611414	436478197	3
436478200	436478197	1
436478201	436478197	1
25489458	436478197	3
588363943	436478197	0
588365127	436478197	1
32612487	436478197	1
32947510	436478197	2
35266543	436478197	2
93703768	436478197	3
148710877	436478197	2
256067709	436478197	2
260286442	436478197	2
260288451	436478197	2
260941554	436478197	1
436484074	436478197	1
436484078	436478197	2
32946083	436478197	2
260925337	436478197	3
558731934	436478197	2
773030142	436478197	2
436478198	436478198	0
436478199	436478198	1
436478202	436478198	2
32947670	436478198	3
162056247	436478198	3
23916482	436478198	1
25478371	436478198	1
25478378	436478198	1
25603430	436478198	2
25751184	436478198	3
27146056	436478198	2
27146063	436478198	1
32015746	436478198	2
32016150	436478198	1
32016357	436478198	2
35266472	436478198	2
37126515	436478198	3
81604313	436478198	2
93703757	436478198	3
175516006	436478198	2
206623941	436478198	2
261988292	436478198	3
359899270	436478198	3
436478195	436478198	1
565797493	436478198	3
565797494	436478198	3
565797495	436478198	3
565797496	436478198	3
565797498	436478198	3
565797499	436478198	3
565797501	436478198	3
565797502	436478198	3
565797503	436478198	3
565797505	436478198	3
565797506	436478198	3
565797507	436478198	3
585983823	436478198	1
979811984	436478198	2
25478444	436478198	2
25489470	436478198	1
91913148	436478198	1
32612484	436478198	2
32947763	436478198	2
24460896	436478198	1
32611414	436478198	3
436478200	436478198	1
436478201	436478198	1
25489458	436478198	3
588363943	436478198	2
588365127	436478198	2
32612487	436478198	2
32947510	436478198	3
35266543	436478198	2
93703768	436478198	3
148710877	436478198	3
256067709	436478198	3
260286442	436478198	3
260288451	436478198	3
260941554	436478198	1
436484074	436478198	2
436484078	436478198	3
32946083	436478198	3
260925337	436478198	3
558731934	436478198	2
773030142	436478198	3
436478199	436478199	0
436478202	436478199	0
32947670	436478199	1
162056247	436478199	3
23916482	436478199	0
25478371	436478199	2
25478378	436478199	2
25603430	436478199	2
25751184	436478199	3
27146056	436478199	1
27146063	436478199	1
32015746	436478199	2
32016150	436478199	1
32016357	436478199	2
35266472	436478199	2
37126515	436478199	3
81604313	436478199	1
93703757	436478199	3
175516006	436478199	1
206623941	436478199	2
261988292	436478199	2
359899270	436478199	3
436478195	436478199	0
565797493	436478199	3
565797494	436478199	3
565797495	436478199	3
565797496	436478199	3
565797498	436478199	3
565797499	436478199	3
565797501	436478199	3
565797502	436478199	3
565797503	436478199	3
565797505	436478199	3
565797506	436478199	3
565797507	436478199	3
585983823	436478199	0
979811984	436478199	2
25478444	436478199	2
25489470	436478199	1
91913148	436478199	2
32612484	436478199	2
32947763	436478199	2
24460896	436478199	1
32611414	436478199	3
436478200	436478199	1
436478201	436478199	1
25489458	436478199	2
588363943	436478199	0
588365127	436478199	1
32612487	436478199	2
32947510	436478199	2
35266543	436478199	2
93703768	436478199	3
148710877	436478199	2
256067709	436478199	2
260286442	436478199	2
260288451	436478199	2
260941554	436478199	1
436484074	436478199	2
436484078	436478199	2
32946083	436478199	2
260925337	436478199	3
558731934	436478199	2
773030142	436478199	2
436478202	436478202	0
32947670	436478202	1
162056247	436478202	3
23916482	436478202	0
25478371	436478202	2
25478378	436478202	2
25603430	436478202	2
25751184	436478202	3
27146056	436478202	1
27146063	436478202	2
32015746	436478202	2
32016150	436478202	1
32016357	436478202	2
35266472	436478202	2
37126515	436478202	3
81604313	436478202	1
93703757	436478202	3
175516006	436478202	1
206623941	436478202	2
261988292	436478202	2
359899270	436478202	3
436478195	436478202	1
565797493	436478202	3
565797494	436478202	3
565797495	436478202	3
565797496	436478202	3
565797498	436478202	3
565797499	436478202	3
565797501	436478202	3
565797502	436478202	3
565797503	436478202	3
565797505	436478202	3
565797506	436478202	3
565797507	436478202	3
585983823	436478202	0
979811984	436478202	2
25478444	436478202	2
25489470	436478202	2
91913148	436478202	2
32612484	436478202	2
32947763	436478202	2
24460896	436478202	1
32611414	436478202	3
436478200	436478202	1
436478201	436478202	1
25489458	436478202	2
588363943	436478202	0
588365127	436478202	1
32612487	436478202	2
32947510	436478202	2
35266543	436478202	2
93703768	436478202	3
148710877	436478202	2
256067709	436478202	2
260286442	436478202	2
260288451	436478202	2
260941554	436478202	1
436484074	436478202	2
436484078	436478202	2
32946083	436478202	2
260925337	436478202	3
558731934	436478202	2
773030142	436478202	2
32947670	32947670	0
162056247	32947670	3
23916482	32947670	1
25478371	32947670	1
25478378	32947670	1
25603430	32947670	2
25751184	32947670	2
27146056	32947670	2
27146063	32947670	3
32015746	32947670	1
32016150	32947670	1
32016357	32947670	2
35266472	32947670	1
37126515	32947670	3
81604313	32947670	3
93703757	32947670	3
175516006	32947670	2
206623941	32947670	0
261988292	32947670	2
359899270	32947670	3
436478195	32947670	2
565797493	32947670	3
565797494	32947670	3
565797495	32947670	3
565797496	32947670	3
565797498	32947670	3
565797499	32947670	3
565797501	32947670	3
565797502	32947670	3
565797503	32947670	3
565797505	32947670	3
565797506	32947670	3
565797507	32947670	3
585983823	32947670	2
979811984	32947670	3
25478444	32947670	2
25489470	32947670	2
91913148	32947670	2
32612484	32947670	2
32947763	32947670	2
24460896	32947670	3
32611414	32947670	3
436478200	32947670	3
436478201	32947670	3
25489458	32947670	3
588363943	32947670	1
588365127	32947670	0
32612487	32947670	2
32947510	32947670	2
35266543	32947670	1
93703768	32947670	3
148710877	32947670	3
256067709	32947670	3
260286442	32947670	2
260288451	32947670	2
260941554	32947670	1
436484074	32947670	2
436484078	32947670	3
32946083	32947670	2
260925337	32947670	2
558731934	32947670	3
773030142	32947670	3
162056247	162056247	0
23916482	162056247	3
25478371	162056247	3
25478378	162056247	3
25603430	162056247	3
25751184	162056247	3
27146056	162056247	2
27146063	162056247	3
32015746	162056247	2
32016150	162056247	3
32016357	162056247	3
35266472	162056247	2
37126515	162056247	3
81604313	162056247	3
93703757	162056247	3
175516006	162056247	2
206623941	162056247	3
261988292	162056247	2
359899270	162056247	3
436478195	162056247	3
565797493	162056247	4
565797494	162056247	4
565797495	162056247	4
565797496	162056247	4
565797498	162056247	4
565797499	162056247	4
565797501	162056247	3
565797502	162056247	4
565797503	162056247	4
565797505	162056247	4
565797506	162056247	4
565797507	162056247	3
585983823	162056247	3
979811984	162056247	3
25478444	162056247	3
25489470	162056247	3
91913148	162056247	3
32612484	162056247	2
32947763	162056247	3
24460896	162056247	3
32611414	162056247	3
436478200	162056247	3
436478201	162056247	3
25489458	162056247	3
588363943	162056247	3
588365127	162056247	2
32612487	162056247	2
32947510	162056247	2
35266543	162056247	2
93703768	162056247	3
148710877	162056247	3
256067709	162056247	3
260286442	162056247	2
260288451	162056247	2
260941554	162056247	3
436484074	162056247	3
436484078	162056247	3
32946083	162056247	2
260925337	162056247	1
558731934	162056247	3
773030142	162056247	3
23916482	23916482	0
25478371	23916482	1
25478378	23916482	1
25603430	23916482	2
25751184	23916482	2
27146056	23916482	2
27146063	23916482	2
32015746	23916482	2
32016150	23916482	1
32016357	23916482	2
35266472	23916482	2
37126515	23916482	3
81604313	23916482	2
93703757	23916482	3
175516006	23916482	2
206623941	23916482	2
261988292	23916482	2
359899270	23916482	3
436478195	23916482	1
565797493	23916482	3
565797494	23916482	3
565797495	23916482	3
565797496	23916482	3
565797498	23916482	3
565797499	23916482	3
565797501	23916482	3
565797502	23916482	3
565797503	23916482	3
565797505	23916482	3
565797506	23916482	3
565797507	23916482	3
585983823	23916482	1
979811984	23916482	3
25478444	23916482	2
25489470	23916482	2
91913148	23916482	2
32612484	23916482	2
32947763	23916482	2
24460896	23916482	2
32611414	23916482	3
436478200	23916482	2
436478201	23916482	2
25489458	23916482	2
588363943	23916482	0
588365127	23916482	1
32612487	23916482	2
32947510	23916482	2
35266543	23916482	2
93703768	23916482	3
148710877	23916482	3
256067709	23916482	3
260286442	23916482	2
260288451	23916482	2
260941554	23916482	0
436484074	23916482	2
436484078	23916482	2
32946083	23916482	2
260925337	23916482	3
558731934	23916482	2
773030142	23916482	2
25478371	25478371	0
25478378	25478371	1
25603430	25478371	1
25751184	25478371	2
27146056	25478371	2
27146063	25478371	2
32015746	25478371	2
32016150	25478371	0
32016357	25478371	2
35266472	25478371	2
37126515	25478371	3
81604313	25478371	3
93703757	25478371	3
175516006	25478371	2
206623941	25478371	2
261988292	25478371	3
359899270	25478371	3
436478195	25478371	2
565797493	25478371	2
565797494	25478371	2
565797495	25478371	3
565797496	25478371	3
565797498	25478371	3
565797499	25478371	2
565797501	25478371	3
565797502	25478371	3
565797503	25478371	3
565797505	25478371	3
565797506	25478371	3
565797507	25478371	3
585983823	25478371	2
979811984	25478371	3
25478444	25478371	1
25489470	25478371	1
91913148	25478371	1
32612484	25478371	3
32947763	25478371	1
24460896	25478371	2
32611414	25478371	3
436478200	25478371	2
436478201	25478371	2
25489458	25478371	2
588363943	25478371	1
588365127	25478371	2
32612487	25478371	3
32947510	25478371	3
35266543	25478371	2
93703768	25478371	2
148710877	25478371	3
256067709	25478371	3
260286442	25478371	3
260288451	25478371	3
260941554	25478371	0
436484074	25478371	3
436484078	25478371	3
32946083	25478371	3
260925337	25478371	3
558731934	25478371	2
773030142	25478371	3
25478378	25478378	0
25603430	25478378	1
25751184	25478378	2
27146056	25478378	3
27146063	25478378	2
32015746	25478378	2
32016150	25478378	1
32016357	25478378	2
35266472	25478378	2
37126515	25478378	3
81604313	25478378	3
93703757	25478378	3
175516006	25478378	3
206623941	25478378	1
261988292	25478378	2
359899270	25478378	3
436478195	25478378	2
565797493	25478378	3
565797494	25478378	3
565797495	25478378	3
565797496	25478378	3
565797498	25478378	3
565797499	25478378	3
565797501	25478378	3
565797502	25478378	3
565797503	25478378	3
565797505	25478378	3
565797506	25478378	3
565797507	25478378	3
585983823	25478378	2
979811984	25478378	3
25478444	25478378	2
25489470	25478378	2
91913148	25478378	1
32612484	25478378	3
32947763	25478378	2
24460896	25478378	2
32611414	25478378	3
436478200	25478378	2
436478201	25478378	2
25489458	25478378	2
588363943	25478378	1
588365127	25478378	1
32612487	25478378	3
32947510	25478378	2
35266543	25478378	2
93703768	25478378	2
148710877	25478378	3
256067709	25478378	3
260286442	25478378	3
260288451	25478378	3
260941554	25478378	0
436484074	25478378	3
436484078	25478378	3
32946083	25478378	2
260925337	25478378	3
558731934	25478378	2
773030142	25478378	3
25603430	25603430	0
25751184	25603430	1
27146056	25603430	3
27146063	25603430	3
32015746	25603430	2
32016150	25603430	1
32016357	25603430	3
35266472	25603430	2
37126515	25603430	3
81604313	25603430	3
93703757	25603430	2
175516006	25603430	3
206623941	25603430	2
261988292	25603430	3
359899270	25603430	2
436478195	25603430	3
565797493	25603430	2
565797494	25603430	2
565797495	25603430	3
565797496	25603430	3
565797498	25603430	3
565797499	25603430	2
565797501	25603430	3
565797502	25603430	3
565797503	25603430	3
565797505	25603430	3
565797506	25603430	3
565797507	25603430	2
585983823	25603430	3
979811984	25603430	3
25478444	25603430	1
25489470	25603430	2
91913148	25603430	2
32612484	25603430	3
32947763	25603430	2
24460896	25603430	2
32611414	25603430	2
436478200	25603430	2
436478201	25603430	2
25489458	25603430	1
588363943	25603430	2
588365127	25603430	2
32612487	25603430	3
32947510	25603430	3
35266543	25603430	3
93703768	25603430	2
148710877	25603430	3
256067709	25603430	3
260286442	25603430	3
260288451	25603430	3
260941554	25603430	1
436484074	25603430	3
436484078	25603430	3
32946083	25603430	3
260925337	25603430	3
558731934	25603430	3
773030142	25603430	3
25751184	25751184	0
27146056	25751184	3
27146063	25751184	3
32015746	25751184	2
32016150	25751184	2
32016357	25751184	3
35266472	25751184	3
37126515	25751184	3
81604313	25751184	3
93703757	25751184	1
175516006	25751184	3
206623941	25751184	2
261988292	25751184	3
359899270	25751184	1
436478195	25751184	3
565797493	25751184	1
565797494	25751184	1
565797495	25751184	2
565797496	25751184	2
565797498	25751184	3
565797499	25751184	1
565797501	25751184	2
565797502	25751184	3
565797503	25751184	3
565797505	25751184	3
565797506	25751184	3
565797507	25751184	2
585983823	25751184	3
979811984	25751184	3
25478444	25751184	2
25489470	25751184	3
91913148	25751184	3
32612484	25751184	3
32947763	25751184	2
24460896	25751184	3
32611414	25751184	1
436478200	25751184	3
436478201	25751184	3
25489458	25751184	2
588363943	25751184	3
588365127	25751184	2
32612487	25751184	3
32947510	25751184	3
35266543	25751184	3
93703768	25751184	0
148710877	25751184	4
256067709	25751184	3
260286442	25751184	3
260288451	25751184	3
260941554	25751184	2
436484074	25751184	3
436484078	25751184	3
32946083	25751184	3
260925337	25751184	3
558731934	25751184	3
773030142	25751184	4
27146056	27146056	0
27146063	27146056	2
32015746	27146056	3
32016150	27146056	3
32016357	27146056	2
35266472	27146056	2
37126515	27146056	4
81604313	27146056	1
93703757	27146056	3
175516006	27146056	0
206623941	27146056	2
261988292	27146056	3
359899270	27146056	3
436478195	27146056	1
565797493	27146056	3
565797494	27146056	3
565797495	27146056	3
565797496	27146056	3
565797498	27146056	3
565797499	27146056	3
565797501	27146056	3
565797502	27146056	3
565797503	27146056	3
565797505	27146056	3
565797506	27146056	3
565797507	27146056	3
585983823	27146056	1
979811984	27146056	2
25478444	27146056	3
25489470	27146056	2
91913148	27146056	2
32612484	27146056	1
32947763	27146056	3
24460896	27146056	2
32611414	27146056	3
436478200	27146056	2
436478201	27146056	2
25489458	27146056	3
588363943	27146056	1
588365127	27146056	2
32612487	27146056	1
32947510	27146056	2
35266543	27146056	2
93703768	27146056	3
148710877	27146056	2
256067709	27146056	2
260286442	27146056	2
260288451	27146056	2
260941554	27146056	2
436484074	27146056	1
436484078	27146056	2
32946083	27146056	2
260925337	27146056	3
558731934	27146056	2
773030142	27146056	1
27146063	27146063	0
32015746	27146063	3
32016150	27146063	2
32016357	27146063	2
35266472	27146063	3
37126515	27146063	4
81604313	27146063	3
93703757	27146063	3
175516006	27146063	2
206623941	27146063	3
261988292	27146063	3
359899270	27146063	3
436478195	27146063	1
565797493	27146063	3
565797494	27146063	3
565797495	27146063	4
565797496	27146063	4
565797498	27146063	4
565797499	27146063	3
565797501	27146063	4
565797502	27146063	4
565797503	27146063	4
565797505	27146063	4
565797506	27146063	4
565797507	27146063	3
585983823	27146063	2
979811984	27146063	1
25478444	27146063	2
25489470	27146063	2
91913148	27146063	2
32612484	27146063	2
32947763	27146063	3
24460896	27146063	1
32611414	27146063	3
436478200	27146063	1
436478201	27146063	1
25489458	27146063	3
588363943	27146063	2
588365127	27146063	2
32612487	27146063	2
32947510	27146063	3
35266543	27146063	3
93703768	27146063	3
148710877	27146063	3
256067709	27146063	3
260286442	27146063	2
260288451	27146063	2
260941554	27146063	2
436484074	27146063	2
436484078	27146063	3
32946083	27146063	3
260925337	27146063	3
558731934	27146063	1
773030142	27146063	2
32015746	32015746	0
32016150	32015746	2
32016357	32015746	3
35266472	32015746	1
37126515	32015746	3
81604313	32015746	3
93703757	32015746	2
175516006	32015746	3
206623941	32015746	1
261988292	32015746	2
359899270	32015746	2
436478195	32015746	3
565797493	32015746	3
565797494	32015746	3
565797495	32015746	3
565797496	32015746	3
565797498	32015746	3
565797499	32015746	3
565797501	32015746	3
565797502	32015746	3
565797503	32015746	3
565797505	32015746	3
565797506	32015746	3
565797507	32015746	3
585983823	32015746	2
979811984	32015746	3
25478444	32015746	2
25489470	32015746	3
91913148	32015746	2
32612484	32015746	3
32947763	32015746	0
24460896	32015746	3
32611414	32015746	2
436478200	32015746	3
436478201	32015746	3
25489458	32015746	2
588363943	32015746	2
588365127	32015746	2
32612487	32015746	3
32947510	32015746	2
35266543	32015746	2
93703768	32015746	2
148710877	32015746	3
256067709	32015746	3
260286442	32015746	3
260288451	32015746	3
260941554	32015746	2
436484074	32015746	3
436484078	32015746	3
32946083	32015746	2
260925337	32015746	3
558731934	32015746	3
773030142	32015746	3
32016150	32016150	0
32016357	32016150	2
35266472	32016150	2
37126515	32016150	3
81604313	32016150	3
93703757	32016150	3
175516006	32016150	3
206623941	32016150	2
261988292	32016150	2
359899270	32016150	3
436478195	32016150	2
565797493	32016150	3
565797494	32016150	3
565797495	32016150	3
565797496	32016150	3
565797498	32016150	3
565797499	32016150	3
565797501	32016150	3
565797502	32016150	3
565797503	32016150	3
565797505	32016150	3
565797506	32016150	3
565797507	32016150	3
585983823	32016150	2
979811984	32016150	3
25478444	32016150	1
25489470	32016150	2
91913148	32016150	1
32612484	32016150	3
32947763	32016150	2
24460896	32016150	2
32611414	32016150	3
436478200	32016150	2
436478201	32016150	2
25489458	32016150	2
588363943	32016150	1
588365127	32016150	2
32612487	32016150	3
32947510	32016150	3
35266543	32016150	2
93703768	32016150	3
148710877	32016150	3
256067709	32016150	3
260286442	32016150	3
260288451	32016150	3
260941554	32016150	0
436484074	32016150	3
436484078	32016150	3
32946083	32016150	3
260925337	32016150	3
558731934	32016150	2
773030142	32016150	3
32016357	32016357	0
35266472	32016357	3
37126515	32016357	4
81604313	32016357	3
93703757	32016357	3
175516006	32016357	2
206623941	32016357	3
261988292	32016357	3
359899270	32016357	3
436478195	32016357	1
565797493	32016357	3
565797494	32016357	3
565797495	32016357	3
565797496	32016357	3
565797498	32016357	3
565797499	32016357	3
565797501	32016357	3
565797502	32016357	3
565797503	32016357	3
565797505	32016357	3
565797506	32016357	3
565797507	32016357	3
585983823	32016357	2
979811984	32016357	2
25478444	32016357	2
25489470	32016357	0
91913148	32016357	1
32612484	32016357	3
32947763	32016357	3
24460896	32016357	2
32611414	32016357	3
436478200	32016357	2
436478201	32016357	2
25489458	32016357	2
588363943	32016357	2
588365127	32016357	2
32612487	32016357	3
32947510	32016357	3
35266543	32016357	3
93703768	32016357	3
148710877	32016357	3
256067709	32016357	3
260286442	32016357	3
260288451	32016357	3
260941554	32016357	2
436484074	32016357	2
436484078	32016357	3
32946083	32016357	3
260925337	32016357	3
558731934	32016357	2
773030142	32016357	2
35266472	35266472	0
37126515	35266472	3
81604313	35266472	2
93703757	35266472	3
175516006	35266472	2
206623941	35266472	2
261988292	35266472	1
359899270	35266472	3
436478195	35266472	2
565797493	35266472	3
565797494	35266472	3
565797495	35266472	3
565797496	35266472	3
565797498	35266472	3
565797499	35266472	3
565797501	35266472	3
565797502	35266472	3
565797503	35266472	3
565797505	35266472	3
565797506	35266472	3
565797507	35266472	3
585983823	35266472	2
979811984	35266472	3
25478444	35266472	3
25489470	35266472	3
91913148	35266472	3
32612484	35266472	2
32947763	35266472	2
24460896	35266472	3
32611414	35266472	3
436478200	35266472	3
436478201	35266472	3
25489458	35266472	3
588363943	35266472	2
588365127	35266472	1
32612487	35266472	2
32947510	35266472	2
35266543	35266472	1
93703768	35266472	3
148710877	35266472	3
256067709	35266472	3
260286442	35266472	2
260288451	35266472	2
260941554	35266472	2
436484074	35266472	3
436484078	35266472	3
32946083	35266472	1
260925337	35266472	2
558731934	35266472	3
773030142	35266472	3
37126515	37126515	0
81604313	37126515	4
93703757	37126515	3
175516006	37126515	4
206623941	37126515	3
261988292	37126515	3
359899270	37126515	3
436478195	37126515	4
565797493	37126515	3
565797494	37126515	3
565797495	37126515	3
565797496	37126515	3
565797498	37126515	3
565797499	37126515	3
565797501	37126515	3
565797502	37126515	3
565797503	37126515	3
565797505	37126515	3
565797506	37126515	3
565797507	37126515	3
585983823	37126515	4
979811984	37126515	4
25478444	37126515	3
25489470	37126515	4
91913148	37126515	4
32612484	37126515	4
32947763	37126515	3
24460896	37126515	3
32611414	37126515	3
436478200	37126515	3
436478201	37126515	3
25489458	37126515	3
588363943	37126515	3
588365127	37126515	3
32612487	37126515	4
32947510	37126515	3
35266543	37126515	3
93703768	37126515	3
148710877	37126515	4
256067709	37126515	4
260286442	37126515	4
260288451	37126515	4
260941554	37126515	3
436484074	37126515	4
436484078	37126515	4
32946083	37126515	3
260925337	37126515	3
558731934	37126515	4
773030142	37126515	4
81604313	81604313	0
93703757	81604313	3
175516006	81604313	1
206623941	81604313	3
261988292	81604313	2
359899270	81604313	3
436478195	81604313	1
565797493	81604313	3
565797494	81604313	3
565797495	81604313	4
565797496	81604313	4
565797498	81604313	4
565797499	81604313	3
565797501	81604313	4
565797502	81604313	4
565797503	81604313	4
565797505	81604313	4
565797506	81604313	4
565797507	81604313	4
585983823	81604313	1
979811984	81604313	2
25478444	81604313	3
25489470	81604313	3
91913148	81604313	3
32612484	81604313	0
32947763	81604313	3
24460896	81604313	2
32611414	81604313	3
436478200	81604313	2
436478201	81604313	2
25489458	81604313	3
588363943	81604313	1
588365127	81604313	2
32612487	81604313	0
32947510	81604313	1
35266543	81604313	2
93703768	81604313	3
148710877	81604313	2
256067709	81604313	2
260286442	81604313	1
260288451	81604313	1
260941554	81604313	3
436484074	81604313	0
436484078	81604313	1
32946083	81604313	2
260925337	81604313	2
558731934	81604313	2
773030142	81604313	1
93703757	93703757	0
175516006	93703757	3
206623941	93703757	3
261988292	93703757	3
359899270	93703757	0
436478195	93703757	3
565797493	93703757	1
565797494	93703757	1
565797495	93703757	1
565797496	93703757	1
565797498	93703757	1
565797499	93703757	1
565797501	93703757	1
565797502	93703757	1
565797503	93703757	1
565797505	93703757	1
565797506	93703757	1
565797507	93703757	1
585983823	93703757	3
979811984	93703757	3
25478444	93703757	2
25489470	93703757	3
91913148	93703757	3
32612484	93703757	3
32947763	93703757	2
24460896	93703757	3
32611414	93703757	0
436478200	93703757	3
436478201	93703757	3
25489458	93703757	2
588363943	93703757	3
588365127	93703757	3
32612487	93703757	3
32947510	93703757	3
35266543	93703757	3
93703768	93703757	0
148710877	93703757	4
256067709	93703757	3
260286442	93703757	3
260288451	93703757	3
260941554	93703757	3
436484074	93703757	3
436484078	93703757	3
32946083	93703757	3
260925337	93703757	3
558731934	93703757	3
773030142	93703757	4
175516006	175516006	0
206623941	175516006	2
261988292	175516006	3
359899270	175516006	3
436478195	175516006	1
565797493	175516006	3
565797494	175516006	3
565797495	175516006	3
565797496	175516006	3
565797498	175516006	3
565797499	175516006	3
565797501	175516006	3
565797502	175516006	3
565797503	175516006	3
565797505	175516006	3
565797506	175516006	3
565797507	175516006	3
585983823	175516006	1
979811984	175516006	2
25478444	175516006	3
25489470	175516006	2
91913148	175516006	2
32612484	175516006	1
32947763	175516006	3
24460896	175516006	2
32611414	175516006	3
436478200	175516006	2
436478201	175516006	2
25489458	175516006	3
588363943	175516006	1
588365127	175516006	2
32612487	175516006	1
32947510	175516006	2
35266543	175516006	2
93703768	175516006	3
148710877	175516006	2
256067709	175516006	2
260286442	175516006	2
260288451	175516006	2
260941554	175516006	2
436484074	175516006	1
436484078	175516006	2
32946083	175516006	2
260925337	175516006	3
558731934	175516006	2
773030142	175516006	1
206623941	206623941	0
261988292	206623941	1
359899270	206623941	3
436478195	206623941	3
565797493	206623941	3
565797494	206623941	3
565797495	206623941	3
565797496	206623941	3
565797498	206623941	3
565797499	206623941	3
565797501	206623941	3
565797502	206623941	3
565797503	206623941	3
565797505	206623941	3
565797506	206623941	3
565797507	206623941	3
585983823	206623941	2
979811984	206623941	3
25478444	206623941	2
25489470	206623941	3
91913148	206623941	2
32612484	206623941	3
32947763	206623941	1
24460896	206623941	3
32611414	206623941	2
436478200	206623941	3
436478201	206623941	3
25489458	206623941	3
588363943	206623941	2
588365127	206623941	1
32612487	206623941	3
32947510	206623941	2
35266543	206623941	2
93703768	206623941	2
148710877	206623941	3
256067709	206623941	3
260286442	206623941	3
260288451	206623941	3
260941554	206623941	1
436484074	206623941	3
436484078	206623941	3
32946083	206623941	2
260925337	206623941	2
558731934	206623941	3
773030142	206623941	3
261988292	261988292	0
359899270	261988292	3
436478195	261988292	2
565797493	261988292	3
565797494	261988292	3
565797495	261988292	3
565797496	261988292	3
565797498	261988292	3
565797499	261988292	3
565797501	261988292	3
565797502	261988292	3
565797503	261988292	3
565797505	261988292	3
565797506	261988292	3
565797507	261988292	3
585983823	261988292	2
979811984	261988292	3
25478444	261988292	3
25489470	261988292	3
91913148	261988292	3
32612484	261988292	2
32947763	261988292	2
24460896	261988292	2
32611414	261988292	3
436478200	261988292	2
436478201	261988292	2
25489458	261988292	3
588363943	261988292	2
588365127	261988292	2
32612487	261988292	2
32947510	261988292	1
35266543	261988292	0
93703768	261988292	3
148710877	261988292	2
256067709	261988292	2
260286442	261988292	2
260288451	261988292	2
260941554	261988292	2
436484074	261988292	2
436484078	261988292	3
32946083	261988292	0
260925337	261988292	1
558731934	261988292	3
773030142	261988292	3
359899270	359899270	0
436478195	359899270	3
565797493	359899270	1
565797494	359899270	1
565797495	359899270	1
565797496	359899270	1
565797498	359899270	1
565797499	359899270	1
565797501	359899270	1
565797502	359899270	1
565797503	359899270	1
565797505	359899270	1
565797506	359899270	1
565797507	359899270	1
585983823	359899270	3
979811984	359899270	3
25478444	359899270	2
25489470	359899270	3
91913148	359899270	3
32612484	359899270	3
32947763	359899270	2
24460896	359899270	3
32611414	359899270	0
436478200	359899270	3
436478201	359899270	3
25489458	359899270	2
588363943	359899270	3
588365127	359899270	3
32612487	359899270	3
32947510	359899270	3
35266543	359899270	3
93703768	359899270	0
148710877	359899270	4
256067709	359899270	3
260286442	359899270	3
260288451	359899270	3
260941554	359899270	3
436484074	359899270	3
436484078	359899270	3
32946083	359899270	3
260925337	359899270	3
558731934	359899270	3
773030142	359899270	4
436478195	436478195	0
565797493	436478195	3
565797494	436478195	3
565797495	436478195	3
565797496	436478195	3
565797498	436478195	3
565797499	436478195	3
565797501	436478195	3
565797502	436478195	3
565797503	436478195	3
565797505	436478195	3
565797506	436478195	3
565797507	436478195	3
585983823	436478195	0
979811984	436478195	2
25478444	436478195	2
25489470	436478195	1
91913148	436478195	1
32612484	436478195	2
32947763	436478195	3
24460896	436478195	1
32611414	436478195	3
436478200	436478195	1
436478201	436478195	1
25489458	436478195	3
588363943	436478195	1
588365127	436478195	2
32612487	436478195	2
32947510	436478195	2
35266543	436478195	2
93703768	436478195	3
148710877	436478195	2
256067709	436478195	2
260286442	436478195	2
260288451	436478195	2
260941554	436478195	2
436484074	436478195	2
436484078	436478195	2
32946083	436478195	2
260925337	436478195	3
558731934	436478195	1
773030142	436478195	2
565797493	565797493	0
565797494	565797493	0
565797495	565797493	1
565797496	565797493	1
565797498	565797493	1
565797499	565797493	0
565797501	565797493	1
565797502	565797493	1
565797503	565797493	1
565797505	565797493	1
565797506	565797493	1
565797507	565797493	1
585983823	565797493	3
979811984	565797493	3
25478444	565797493	2
25489470	565797493	3
91913148	565797493	2
32612484	565797493	3
32947763	565797493	2
24460896	565797493	3
32611414	565797493	1
436478200	565797493	3
436478201	565797493	3
25489458	565797493	1
588363943	565797493	3
588365127	565797493	3
32612487	565797493	3
32947510	565797493	3
35266543	565797493	3
93703768	565797493	0
148710877	565797493	4
256067709	565797493	4
260286442	565797493	3
260288451	565797493	3
260941554	565797493	2
436484074	565797493	3
436484078	565797493	4
32946083	565797493	3
260925337	565797493	3
558731934	565797493	3
773030142	565797493	3
565797494	565797494	0
565797495	565797494	1
565797496	565797494	1
565797498	565797494	1
565797499	565797494	0
565797501	565797494	1
565797502	565797494	1
565797503	565797494	1
565797505	565797494	1
565797506	565797494	1
565797507	565797494	1
585983823	565797494	3
979811984	565797494	3
25478444	565797494	2
25489470	565797494	3
91913148	565797494	2
32612484	565797494	3
32947763	565797494	2
24460896	565797494	3
32611414	565797494	1
436478200	565797494	3
436478201	565797494	3
25489458	565797494	1
588363943	565797494	3
588365127	565797494	3
32612487	565797494	3
32947510	565797494	3
35266543	565797494	3
93703768	565797494	0
148710877	565797494	4
256067709	565797494	4
260286442	565797494	3
260288451	565797494	3
260941554	565797494	2
436484074	565797494	3
436484078	565797494	4
32946083	565797494	3
260925337	565797494	3
558731934	565797494	3
773030142	565797494	3
565797495	565797495	0
565797496	565797495	0
565797498	565797495	0
565797499	565797495	1
565797501	565797495	0
565797502	565797495	0
565797503	565797495	0
565797505	565797495	0
565797506	565797495	0
565797507	565797495	0
585983823	565797495	4
979811984	565797495	4
25478444	565797495	2
25489470	565797495	3
91913148	565797495	3
32612484	565797495	4
32947763	565797495	3
24460896	565797495	3
32611414	565797495	2
436478200	565797495	3
436478201	565797495	3
25489458	565797495	2
588363943	565797495	3
588365127	565797495	3
32612487	565797495	4
32947510	565797495	3
35266543	565797495	3
93703768	565797495	2
148710877	565797495	4
256067709	565797495	4
260286442	565797495	4
260288451	565797495	4
260941554	565797495	3
436484074	565797495	4
436484078	565797495	4
32946083	565797495	3
260925337	565797495	4
558731934	565797495	3
773030142	565797495	4
565797496	565797496	0
565797498	565797496	0
565797499	565797496	1
565797501	565797496	0
565797502	565797496	0
565797503	565797496	0
565797505	565797496	0
565797506	565797496	0
565797507	565797496	0
585983823	565797496	4
979811984	565797496	4
25478444	565797496	2
25489470	565797496	3
91913148	565797496	3
32612484	565797496	4
32947763	565797496	3
24460896	565797496	3
32611414	565797496	2
436478200	565797496	3
436478201	565797496	3
25489458	565797496	2
588363943	565797496	3
588365127	565797496	3
32612487	565797496	4
32947510	565797496	3
35266543	565797496	3
93703768	565797496	2
148710877	565797496	4
256067709	565797496	4
260286442	565797496	4
260288451	565797496	4
260941554	565797496	3
436484074	565797496	4
436484078	565797496	4
32946083	565797496	3
260925337	565797496	4
558731934	565797496	3
773030142	565797496	4
565797498	565797498	0
565797499	565797498	1
565797501	565797498	0
565797502	565797498	0
565797503	565797498	0
565797505	565797498	0
565797506	565797498	0
565797507	565797498	0
585983823	565797498	4
979811984	565797498	4
25478444	565797498	2
25489470	565797498	3
91913148	565797498	3
32612484	565797498	4
32947763	565797498	3
24460896	565797498	3
32611414	565797498	2
436478200	565797498	3
436478201	565797498	3
25489458	565797498	2
588363943	565797498	3
588365127	565797498	3
32612487	565797498	4
32947510	565797498	3
35266543	565797498	3
93703768	565797498	2
148710877	565797498	4
256067709	565797498	4
260286442	565797498	4
260288451	565797498	4
260941554	565797498	3
436484074	565797498	4
436484078	565797498	4
32946083	565797498	3
260925337	565797498	4
558731934	565797498	3
773030142	565797498	4
565797499	565797499	0
565797501	565797499	1
565797502	565797499	1
565797503	565797499	1
565797505	565797499	1
565797506	565797499	1
565797507	565797499	0
585983823	565797499	3
979811984	565797499	3
25478444	565797499	2
25489470	565797499	3
91913148	565797499	2
32612484	565797499	3
32947763	565797499	2
24460896	565797499	3
32611414	565797499	1
436478200	565797499	3
436478201	565797499	3
25489458	565797499	1
588363943	565797499	3
588365127	565797499	3
32612487	565797499	3
32947510	565797499	3
35266543	565797499	3
93703768	565797499	0
148710877	565797499	4
256067709	565797499	4
260286442	565797499	3
260288451	565797499	3
260941554	565797499	2
436484074	565797499	3
436484078	565797499	4
32946083	565797499	3
260925337	565797499	3
558731934	565797499	3
773030142	565797499	3
565797501	565797501	0
565797502	565797501	0
565797503	565797501	0
565797505	565797501	0
565797506	565797501	0
565797507	565797501	0
585983823	565797501	3
979811984	565797501	3
25478444	565797501	2
25489470	565797501	3
91913148	565797501	3
32612484	565797501	4
32947763	565797501	3
24460896	565797501	3
32611414	565797501	2
436478200	565797501	3
436478201	565797501	3
25489458	565797501	2
588363943	565797501	3
588365127	565797501	3
32612487	565797501	4
32947510	565797501	3
35266543	565797501	3
93703768	565797501	2
148710877	565797501	4
256067709	565797501	4
260286442	565797501	4
260288451	565797501	4
260941554	565797501	3
436484074	565797501	4
436484078	565797501	4
32946083	565797501	3
260925337	565797501	4
558731934	565797501	3
773030142	565797501	4
565797502	565797502	0
565797503	565797502	0
565797505	565797502	0
565797506	565797502	0
565797507	565797502	0
585983823	565797502	3
979811984	565797502	4
25478444	565797502	2
25489470	565797502	3
91913148	565797502	3
32612484	565797502	4
32947763	565797502	3
24460896	565797502	3
32611414	565797502	2
436478200	565797502	3
436478201	565797502	3
25489458	565797502	2
588363943	565797502	3
588365127	565797502	3
32612487	565797502	4
32947510	565797502	3
35266543	565797502	3
93703768	565797502	2
148710877	565797502	4
256067709	565797502	4
260286442	565797502	4
260288451	565797502	4
260941554	565797502	3
436484074	565797502	4
436484078	565797502	4
32946083	565797502	3
260925337	565797502	4
558731934	565797502	3
773030142	565797502	4
565797503	565797503	0
565797505	565797503	0
565797506	565797503	0
565797507	565797503	0
585983823	565797503	4
979811984	565797503	4
25478444	565797503	2
25489470	565797503	3
91913148	565797503	3
32612484	565797503	4
32947763	565797503	3
24460896	565797503	3
32611414	565797503	2
436478200	565797503	3
436478201	565797503	3
25489458	565797503	2
588363943	565797503	3
588365127	565797503	3
32612487	565797503	4
32947510	565797503	3
35266543	565797503	3
93703768	565797503	2
148710877	565797503	4
256067709	565797503	4
260286442	565797503	4
260288451	565797503	4
260941554	565797503	3
436484074	565797503	4
436484078	565797503	4
32946083	565797503	3
260925337	565797503	4
558731934	565797503	3
773030142	565797503	4
565797505	565797505	0
565797506	565797505	0
565797507	565797505	0
585983823	565797505	4
979811984	565797505	4
25478444	565797505	2
25489470	565797505	3
91913148	565797505	3
32612484	565797505	4
32947763	565797505	3
24460896	565797505	3
32611414	565797505	2
436478200	565797505	3
436478201	565797505	3
25489458	565797505	2
588363943	565797505	3
588365127	565797505	3
32612487	565797505	4
32947510	565797505	3
35266543	565797505	3
93703768	565797505	2
148710877	565797505	4
256067709	565797505	4
260286442	565797505	4
260288451	565797505	4
260941554	565797505	3
436484074	565797505	4
436484078	565797505	4
32946083	565797505	3
260925337	565797505	4
558731934	565797505	3
773030142	565797505	4
565797506	565797506	0
565797507	565797506	0
585983823	565797506	3
979811984	565797506	4
25478444	565797506	2
25489470	565797506	3
91913148	565797506	3
32612484	565797506	4
32947763	565797506	3
24460896	565797506	3
32611414	565797506	2
436478200	565797506	3
436478201	565797506	3
25489458	565797506	2
588363943	565797506	3
588365127	565797506	3
32612487	565797506	4
32947510	565797506	3
35266543	565797506	3
93703768	565797506	2
148710877	565797506	4
256067709	565797506	4
260286442	565797506	4
260288451	565797506	4
260941554	565797506	3
436484074	565797506	4
436484078	565797506	4
32946083	565797506	3
260925337	565797506	4
558731934	565797506	3
773030142	565797506	4
565797507	565797507	0
585983823	565797507	3
979811984	565797507	3
25478444	565797507	2
25489470	565797507	3
91913148	565797507	3
32612484	565797507	4
32947763	565797507	3
24460896	565797507	3
32611414	565797507	2
436478200	565797507	3
436478201	565797507	3
25489458	565797507	2
588363943	565797507	3
588365127	565797507	3
32612487	565797507	4
32947510	565797507	3
35266543	565797507	3
93703768	565797507	1
148710877	565797507	4
256067709	565797507	4
260286442	565797507	4
260288451	565797507	4
260941554	565797507	3
436484074	565797507	4
436484078	565797507	4
32946083	565797507	3
260925337	565797507	4
558731934	565797507	3
773030142	565797507	4
585983823	585983823	0
979811984	585983823	2
25478444	585983823	3
25489470	585983823	2
91913148	585983823	2
32612484	585983823	1
32947763	585983823	3
24460896	585983823	1
32611414	585983823	3
436478200	585983823	1
436478201	585983823	1
25489458	585983823	3
588363943	585983823	1
588365127	585983823	2
32612487	585983823	1
32947510	585983823	2
35266543	585983823	1
93703768	585983823	3
148710877	585983823	2
256067709	585983823	2
260286442	585983823	2
260288451	585983823	2
260941554	585983823	2
436484074	585983823	2
436484078	585983823	2
32946083	585983823	2
260925337	585983823	2
558731934	585983823	2
773030142	585983823	2
979811984	979811984	0
25478444	979811984	3
25489470	979811984	2
91913148	979811984	2
32612484	979811984	3
32947763	979811984	3
24460896	979811984	2
32611414	979811984	4
436478200	979811984	2
436478201	979811984	2
25489458	979811984	3
588363943	979811984	2
588365127	979811984	3
32612487	979811984	3
32947510	979811984	3
35266543	979811984	3
93703768	979811984	3
148710877	979811984	3
256067709	979811984	3
260286442	979811984	3
260288451	979811984	3
260941554	979811984	3
436484074	979811984	2
436484078	979811984	3
32946083	979811984	3
260925337	979811984	3
558731934	979811984	0
773030142	979811984	2
25478444	25478444	0
25489470	25478444	2
91913148	25478444	1
32612484	25478444	3
32947763	25478444	2
24460896	25478444	2
32611414	25478444	2
436478200	25478444	2
436478201	25478444	2
25489458	25478444	0
588363943	25478444	2
588365127	25478444	2
32612487	25478444	3
32947510	25478444	3
35266543	25478444	3
93703768	25478444	2
148710877	25478444	3
256067709	25478444	3
260286442	25478444	3
260288451	25478444	3
260941554	25478444	1
436484074	25478444	3
436484078	25478444	3
32946083	25478444	3
260925337	25478444	3
558731934	25478444	2
773030142	25478444	3
25489470	25489470	0
91913148	25489470	0
32612484	25489470	2
32947763	25489470	3
24460896	25489470	1
32611414	25489470	3
436478200	25489470	1
436478201	25489470	1
25489458	25489470	2
588363943	25489470	2
588365127	25489470	2
32612487	25489470	2
32947510	25489470	3
35266543	25489470	3
93703768	25489470	3
148710877	25489470	3
256067709	25489470	3
260286442	25489470	2
260288451	25489470	2
260941554	25489470	2
436484074	25489470	2
436484078	25489470	3
32946083	25489470	3
260925337	25489470	3
558731934	25489470	1
773030142	25489470	2
91913148	91913148	0
32612484	91913148	3
32947763	91913148	2
24460896	91913148	1
32611414	91913148	3
436478200	91913148	1
436478201	91913148	1
25489458	91913148	2
588363943	91913148	2
588365127	91913148	2
32612487	91913148	3
32947510	91913148	3
35266543	91913148	3
93703768	91913148	3
148710877	91913148	3
256067709	91913148	3
260286442	91913148	3
260288451	91913148	3
260941554	91913148	1
436484074	91913148	2
436484078	91913148	3
32946083	91913148	3
260925337	91913148	3
558731934	91913148	2
773030142	91913148	2
32612484	32612484	0
32947763	32612484	3
24460896	32612484	2
32611414	32612484	3
436478200	32612484	2
436478201	32612484	2
25489458	32612484	3
588363943	32612484	2
588365127	32612484	2
32612487	32612484	0
32947510	32612484	2
35266543	32612484	2
93703768	32612484	3
148710877	32612484	2
256067709	32612484	1
260286442	32612484	0
260288451	32612484	0
260941554	32612484	3
436484074	32612484	0
436484078	32612484	0
32946083	32612484	2
260925337	32612484	2
558731934	32612484	2
773030142	32612484	1
32947763	32947763	0
24460896	32947763	3
32611414	32947763	2
436478200	32947763	3
436478201	32947763	3
25489458	32947763	2
588363943	32947763	2
588365127	32947763	2
32612487	32947763	3
32947510	32947763	2
35266543	32947763	2
93703768	32947763	2
148710877	32947763	3
256067709	32947763	3
260286442	32947763	3
260288451	32947763	3
260941554	32947763	1
436484074	32947763	3
436484078	32947763	3
32946083	32947763	2
260925337	32947763	3
558731934	32947763	3
773030142	32947763	3
24460896	24460896	0
32611414	24460896	3
436478200	24460896	0
436478201	24460896	0
25489458	24460896	3
588363943	24460896	2
588365127	24460896	2
32612487	24460896	2
32947510	24460896	3
35266543	24460896	2
93703768	24460896	3
148710877	24460896	3
256067709	24460896	3
260286442	24460896	3
260288451	24460896	3
260941554	24460896	2
436484074	24460896	2
436484078	24460896	2
32946083	24460896	3
260925337	24460896	3
558731934	24460896	2
773030142	24460896	3
32611414	32611414	0
436478200	32611414	3
436478201	32611414	3
25489458	32611414	2
588363943	32611414	3
588365127	32611414	3
32612487	32611414	3
32947510	32611414	3
35266543	32611414	3
93703768	32611414	1
148710877	32611414	3
256067709	32611414	3
260286442	32611414	3
260288451	32611414	3
260941554	32611414	3
436484074	32611414	3
436484078	32611414	3
32946083	32611414	3
260925337	32611414	3
558731934	32611414	3
773030142	32611414	4
436478200	436478200	0
436478201	436478200	0
25489458	436478200	3
588363943	436478200	2
588365127	436478200	2
32612487	436478200	2
32947510	436478200	3
35266543	436478200	2
93703768	436478200	3
148710877	436478200	3
256067709	436478200	3
260286442	436478200	3
260288451	436478200	3
260941554	436478200	2
436484074	436478200	2
436484078	436478200	2
32946083	436478200	3
260925337	436478200	3
558731934	436478200	2
773030142	436478200	3
436478201	436478201	0
25489458	436478201	3
588363943	436478201	2
588365127	436478201	2
32612487	436478201	2
32947510	436478201	3
35266543	436478201	2
93703768	436478201	3
148710877	436478201	3
256067709	436478201	3
260286442	436478201	3
260288451	436478201	3
260941554	436478201	2
436484074	436478201	2
436484078	436478201	2
32946083	436478201	3
260925337	436478201	3
558731934	436478201	2
773030142	436478201	3
25489458	25489458	0
588363943	25489458	2
588365127	25489458	3
32612487	25489458	3
32947510	25489458	3
35266543	25489458	3
93703768	25489458	1
148710877	25489458	3
256067709	25489458	3
260286442	25489458	3
260288451	25489458	3
260941554	25489458	2
436484074	25489458	3
436484078	25489458	4
32946083	25489458	3
260925337	25489458	4
558731934	25489458	3
773030142	25489458	3
588363943	588363943	0
588365127	588363943	0
32612487	588363943	2
32947510	588363943	2
35266543	588363943	2
93703768	588363943	3
148710877	588363943	3
256067709	588363943	2
260286442	588363943	2
260288451	588363943	2
260941554	588363943	1
436484074	588363943	2
436484078	588363943	2
32946083	588363943	2
260925337	588363943	3
558731934	588363943	2
773030142	588363943	2
588365127	588365127	0
32612487	588365127	2
32947510	588365127	2
35266543	588365127	2
93703768	588365127	3
148710877	588365127	3
256067709	588365127	3
260286442	588365127	3
260288451	588365127	3
260941554	588365127	1
436484074	588365127	2
436484078	588365127	3
32946083	588365127	2
260925337	588365127	3
558731934	588365127	2
773030142	588365127	2
32612487	32612487	0
32947510	32612487	2
35266543	32612487	2
93703768	32612487	3
148710877	32612487	2
256067709	32612487	1
260286442	32612487	0
260288451	32612487	0
260941554	32612487	3
436484074	32612487	0
436484078	32612487	0
32946083	32612487	2
260925337	32612487	2
558731934	32612487	2
773030142	32612487	1
32947510	32947510	0
35266543	32947510	1
93703768	32947510	3
148710877	32947510	2
256067709	32947510	1
260286442	32947510	1
260288451	32947510	1
260941554	32947510	2
436484074	32947510	2
436484078	32947510	2
32946083	32947510	2
260925337	32947510	1
558731934	32947510	3
773030142	32947510	2
35266543	35266543	0
93703768	35266543	3
148710877	35266543	3
256067709	35266543	3
260286442	35266543	2
260288451	35266543	2
260941554	35266543	2
436484074	35266543	2
436484078	35266543	2
32946083	35266543	1
260925337	35266543	1
558731934	35266543	3
773030142	35266543	3
93703768	93703768	0
148710877	93703768	4
256067709	93703768	4
260286442	93703768	3
260288451	93703768	3
260941554	93703768	2
436484074	93703768	3
436484078	93703768	3
32946083	93703768	3
260925337	93703768	3
558731934	93703768	3
773030142	93703768	3
148710877	148710877	0
256067709	148710877	0
260286442	148710877	0
260288451	148710877	1
260941554	148710877	3
436484074	148710877	1
436484078	148710877	1
32946083	148710877	3
260925337	148710877	2
558731934	148710877	3
773030142	148710877	3
256067709	256067709	0
260286442	256067709	0
260288451	256067709	0
260941554	256067709	3
436484074	256067709	1
436484078	256067709	1
32946083	256067709	2
260925337	256067709	2
558731934	256067709	3
773030142	256067709	2
260286442	260286442	0
260288451	260286442	0
260941554	260286442	3
436484074	260286442	1
436484078	260286442	1
32946083	260286442	2
260925337	260286442	2
558731934	260286442	3
773030142	260286442	1
260288451	260288451	0
260941554	260288451	3
436484074	260288451	1
436484078	260288451	1
32946083	260288451	2
260925337	260288451	2
558731934	260288451	3
773030142	260288451	1
260941554	260941554	0
436484074	260941554	3
436484078	260941554	3
32946083	260941554	2
260925337	260941554	3
558731934	260941554	2
773030142	260941554	3
436484074	436484074	0
436484078	436484074	0
32946083	436484074	3
260925337	436484074	2
558731934	436484074	2
773030142	436484074	0
436484078	436484078	0
32946083	436484078	3
260925337	436484078	2
558731934	436484078	3
773030142	436484078	1
32946083	32946083	0
260925337	32946083	1
558731934	32946083	3
773030142	32946083	3
260925337	260925337	0
558731934	260925337	3
773030142	260925337	3
558731934	558731934	0
773030142	558731934	2
773030142	773030142	0
